Time	SourceV	Current	Voltage
1.029812	12489485.891979	7.846600e-07	9.800000e+00
2.073813	10003164.266247	9.796900e-07	9.800000e+00
3.100883	8223546.194512	1.191700e-06	9.800000e+00
4.128544	6860823.298796	1.428400e-06	9.800000e+00
5.156132	5844814.218405	1.676700e-06	9.800000e+00
6.185059	5040115.202633	1.944400e-06	9.800000e+00
7.209748	4407267.494154	2.223600e-06	9.800000e+00
8.233782	3913425.445252	2.504200e-06	9.800000e+00
9.258071	3506763.043012	2.794600e-06	9.800000e+00
10.282574	3183678.773309	3.078200e-06	9.800000e+00
11.306988	2918664.562051	3.357700e-06	9.800000e+00
12.333014	2700542.864229	3.628900e-06	9.800000e+00
13.357012	2529946.303181	3.873600e-06	9.800000e+00
14.381852	2389602.789496	4.101100e-06	9.800000e+00
15.406188	2275629.861837	4.306500e-06	9.800000e+00
16.430927	2176761.955532	4.502100e-06	9.800000e+00
17.454873	2092675.635277	4.683000e-06	9.800000e+00
18.478888	2021493.842695	4.847900e-06	9.800000e+00
19.504466	1965463.989892	4.986100e-06	9.800000e+00
20.528886	1916945.406177	5.112300e-06	9.800000e+00
21.552294	1877035.050757	5.221000e-06	9.800000e+00
22.577273	1843352.644647	5.316400e-06	9.800000e+00
23.602358	1814277.251185	5.401600e-06	9.800000e+00
24.626900	1789725.514546	5.475700e-06	9.800000e+00
25.650768	1767453.604343	5.544700e-06	9.800000e+00
26.675544	1751282.188745	5.595900e-06	9.800000e+00
27.701669	1735250.371839	5.647600e-06	9.800000e+00
28.729327	1725139.507455	5.680700e-06	9.800000e+00
29.754024	1714245.731878	5.716800e-06	9.800000e+00
30.778194	1704822.211398	5.748400e-06	9.800000e+00
31.802750	1693275.278181	5.787600e-06	9.800000e+00
32.827492	1684051.346382	5.819300e-06	9.800000e+00
33.853325	1674011.820573	5.854200e-06	9.800000e+00
34.878806	1665024.295763	5.885800e-06	9.800000e+00
35.901813	1656076.787887	5.917600e-06	9.800000e+00
36.926099	1649026.569520	5.942900e-06	9.800000e+00
37.950090	1641788.544337	5.969100e-06	9.800000e+00
38.974038	1638083.776285	5.982600e-06	9.800000e+00
39.997141	1631104.157651	6.008200e-06	9.800000e+00
41.021625	1625908.351860	6.027400e-06	9.800000e+00
42.047117	1620182.849207	6.048700e-06	9.800000e+00
43.071120	1614630.529698	6.069500e-06	9.800000e+00
44.095354	1609380.388550	6.089300e-06	9.800000e+00
45.119490	1604190.538550	6.109000e-06	9.800000e+00
46.143901	1597157.711175	6.135900e-06	9.800000e+00
47.168330	1592511.943840	6.153800e-06	9.800000e+00
48.192246	1588150.452947	6.170700e-06	9.800000e+00
49.216287	1583224.284722	6.189900e-06	9.800000e+00
50.240132	1579346.021821	6.205100e-06	9.800000e+00
51.265273	1576272.276909	6.217200e-06	9.800000e+00
52.290126	1572175.698656	6.233400e-06	9.800000e+00
53.314253	1565995.525727	6.258000e-06	9.800000e+00
54.338394	1560584.104336	6.279700e-06	9.800000e+00
55.362832	1555061.885116	6.302000e-06	9.800000e+00
56.387049	1549456.109284	6.324800e-06	9.800000e+00
57.411920	1543477.233711	6.349300e-06	9.800000e+00
58.436781	1537520.199564	6.373900e-06	9.800000e+00
59.462163	1530939.028010	6.401300e-06	9.800000e+00
60.486084	1526455.974206	6.420100e-06	9.800000e+00
61.509988	1522448.345503	6.437000e-06	9.800000e+00
62.534142	1518955.950277	6.451800e-06	9.800000e+00
63.559469	1512228.994676	6.480500e-06	9.800000e+00
64.583895	1506325.028051	6.505900e-06	9.800000e+00
65.609350	1499778.094058	6.534300e-06	9.800000e+00
66.635319	1493902.439024	6.560000e-06	9.800000e+00
67.660425	1487395.085525	6.588700e-06	9.800000e+00
68.684307	1484106.431633	6.603300e-06	9.800000e+00
69.708352	1481145.620796	6.616500e-06	9.800000e+00
70.732497	1476014.760148	6.639500e-06	9.800000e+00
71.757639	1470588.235294	6.664000e-06	9.800000e+00
72.783241	1467285.521785	6.679000e-06	9.800000e+00
73.807256	1463800.803597	6.694900e-06	9.800000e+00
74.832012	1460332.598200	6.710800e-06	9.800000e+00
75.857758	1454653.406561	6.737000e-06	9.800000e+00
76.882253	1448718.327765	6.764600e-06	9.800000e+00
77.906996	1444362.564480	6.785000e-06	9.800000e+00
78.930425	1441664.092267	6.797700e-06	9.800000e+00
79.954825	1436255.184442	6.823300e-06	9.800000e+00
80.979193	1430343.720353	6.851500e-06	9.800000e+00
82.006110	1422929.492392	6.887200e-06	9.800000e+00
83.031362	1416614.868674	6.917900e-06	9.800000e+00
84.055642	1410721.483273	6.946800e-06	9.800000e+00
85.080963	1405017.921147	6.975000e-06	9.800000e+00
86.105268	1400180.023146	6.999100e-06	9.800000e+00
87.129230	1394660.442876	7.026800e-06	9.800000e+00
88.153065	1391116.726049	7.044700e-06	9.800000e+00
89.177321	1386158.220060	7.069900e-06	9.800000e+00
90.201476	1382696.540437	7.087600e-06	9.800000e+00
91.225994	1379232.696259	7.105400e-06	9.800000e+00
92.249456	1376249.859566	7.120800e-06	9.800000e+00
93.273363	1372472.130413	7.140400e-06	9.800000e+00
94.297397	1369327.073552	7.156800e-06	9.800000e+00
95.321373	1365054.602184	7.179200e-06	9.800000e+00
96.345433	1360884.297062	7.201200e-06	9.800000e+00
97.369592	1354770.034699	7.233700e-06	9.800000e+00
98.393917	1349509.081645	7.261900e-06	9.800000e+00
99.418236	1344012.288112	7.291600e-06	9.800000e+00
100.442165	1341069.571405	7.307600e-06	9.800000e+00
101.466665	1336624.885773	7.331900e-06	9.800000e+00
102.492093	1330112.109449	7.367800e-06	9.800000e+00
103.515441	1324753.974262	7.397600e-06	9.800000e+00
104.540097	1319705.355580	7.425900e-06	9.800000e+00
105.564253	1316832.614450	7.442100e-06	9.800000e+00
106.587113	1317062.681432	7.440800e-06	9.800000e+00
107.610347	1311229.746183	7.473900e-06	9.800000e+00
108.634413	1302983.566452	7.521200e-06	9.800000e+00
109.658432	1296450.635658	7.559100e-06	9.800000e+00
110.683094	1291444.836856	7.588400e-06	9.800000e+00
111.707369	1286697.127252	7.616400e-06	9.800000e+00
112.731271	1283075.190825	7.637900e-06	9.800000e+00
113.755320	1280225.737763	7.654900e-06	9.800000e+00
114.779523	1277255.724843	7.672700e-06	9.800000e+00
115.803615	1272942.185044	7.698700e-06	9.800000e+00
116.827435	1270269.219303	7.714900e-06	9.800000e+00
117.852564	1266411.661325	7.738400e-06	9.800000e+00
118.877319	1261845.900288	7.766400e-06	9.800000e+00
119.901464	1256942.039581	7.796700e-06	9.800000e+00
120.925409	1252140.137480	7.826600e-06	9.800000e+00
121.949695	1249203.314213	7.845000e-06	9.800000e+00
122.973341	1246835.201466	7.859900e-06	9.800000e+00
123.997241	1241811.016638	7.891700e-06	9.800000e+00
125.021280	1236546.250615	7.925300e-06	9.800000e+00
126.044973	1233309.422232	7.946100e-06	9.800000e+00
127.069512	1228932.584270	7.974400e-06	9.800000e+00
128.092507	1224862.203002	8.000900e-06	9.800000e+00
129.116442	1220833.904302	8.027300e-06	9.800000e+00
130.140181	1216786.689844	8.054000e-06	9.800000e+00
131.164575	1211566.753619	8.088700e-06	9.800000e+00
132.188062	1207922.988747	8.113100e-06	9.800000e+00
133.211541	1203753.746376	8.141200e-06	9.800000e+00
134.235738	1201201.201201	8.158500e-06	9.800000e+00
135.260393	1197107.397635	8.186400e-06	9.800000e+00
136.285181	1194233.557963	8.206100e-06	9.800000e+00
137.308394	1191474.875685	8.225100e-06	9.800000e+00
138.333154	1189536.930266	8.238500e-06	9.800000e+00
139.357346	1185077.695145	8.269500e-06	9.800000e+00
140.381142	1182004.583283	8.291000e-06	9.800000e+00
141.404454	1177714.752680	8.321200e-06	9.800000e+00
142.428432	1173737.034997	8.349400e-06	9.800000e+00
143.453582	1169339.442535	8.380800e-06	9.800000e+00
144.477250	1165639.793515	8.407400e-06	9.800000e+00
145.500581	1161991.036069	8.433800e-06	9.800000e+00
146.526016	1158351.358699	8.460300e-06	9.800000e+00
147.552178	1155088.281747	8.484200e-06	9.800000e+00
148.578479	1151843.537335	8.508100e-06	9.800000e+00
149.602656	1148536.202330	8.532600e-06	9.800000e+00
150.627318	1144605.753396	8.561900e-06	9.800000e+00
151.652730	1140410.082156	8.593400e-06	9.800000e+00
152.677402	1136192.364324	8.625300e-06	9.800000e+00
153.701421	1131326.191356	8.662400e-06	9.800000e+00
154.725742	1127006.762041	8.695600e-06	9.800000e+00
155.750506	1123222.042660	8.724900e-06	9.800000e+00
156.774435	1118976.935373	8.758000e-06	9.800000e+00
157.798344	1116605.519222	8.776600e-06	9.800000e+00
158.823629	1113712.298566	8.799400e-06	9.800000e+00
159.848299	1111035.530463	8.820600e-06	9.800000e+00
160.872715	1107607.454876	8.847900e-06	9.800000e+00
161.896356	1105545.778620	8.864400e-06	9.800000e+00
162.920652	1102908.075988	8.885600e-06	9.800000e+00
163.945329	1100147.060474	8.907900e-06	9.800000e+00
164.969637	1097092.704334	8.932700e-06	9.800000e+00
165.993633	1094531.808435	8.953600e-06	9.800000e+00
167.018034	1091071.030951	8.982000e-06	9.800000e+00
168.042679	1089046.195562	8.998700e-06	9.800000e+00
169.066693	1085103.084793	9.031400e-06	9.800000e+00
170.090659	1082585.833591	9.052400e-06	9.800000e+00
171.114662	1079045.595182	9.082100e-06	9.800000e+00
172.138949	1075646.485490	9.110800e-06	9.800000e+00
173.162501	1072656.027670	9.136200e-06	9.800000e+00
174.186603	1069273.657680	9.165100e-06	9.800000e+00
175.210439	1066237.270433	9.191200e-06	9.800000e+00
176.234936	1065124.771759	9.200800e-06	9.800000e+00
177.259432	1062031.297412	9.227600e-06	9.800000e+00
178.285538	1059115.962391	9.253000e-06	9.800000e+00
179.309579	1055511.276738	9.284600e-06	9.800000e+00
180.335536	1053457.598332	9.302700e-06	9.800000e+00
181.360442	1049846.272510	9.334700e-06	9.800000e+00
182.385517	1048509.618471	9.346600e-06	9.800000e+00
183.409669	1045757.213591	9.371200e-06	9.800000e+00
184.433821	1043274.604780	9.393500e-06	9.800000e+00
185.457749	1040704.280693	9.416700e-06	9.800000e+00
186.481663	1038443.606154	9.437200e-06	9.800000e+00
187.504762	1035973.656670	9.459700e-06	9.800000e+00
188.529276	1033984.321421	9.477900e-06	9.800000e+00
189.553473	1031687.546057	9.499000e-06	9.800000e+00
190.578558	1028730.986847	9.526300e-06	9.800000e+00
191.602525	1026006.114159	9.551600e-06	9.800000e+00
192.626545	1023594.907093	9.574100e-06	9.800000e+00
193.651148	1020971.589903	9.598700e-06	9.800000e+00
194.675634	1016913.977379	9.637000e-06	9.800000e+00
195.699745	1014377.244827	9.661100e-06	9.800000e+00
196.723800	1012836.147915	9.675800e-06	9.800000e+00
197.748729	1009185.648968	9.710800e-06	9.800000e+00
198.776369	1005953.602956	9.742000e-06	9.800000e+00
199.801770	1004551.232113	9.755600e-06	9.800000e+00
200.826366	1001973.273897	9.780700e-06	9.800000e+00
201.851988	999245.467708	9.807400e-06	9.800000e+00
202.877785	996522.340404	9.834200e-06	9.800000e+00
203.901739	994681.498924	9.852400e-06	9.800000e+00
204.925705	991551.575859	9.883500e-06	9.800000e+00
205.949997	989599.111380	9.903000e-06	9.800000e+00
206.974514	986997.814505	9.929100e-06	9.800000e+00
207.998495	983787.582191	9.961500e-06	9.800000e+00
209.023511	980549.107500	9.994400e-06	9.800000e+00
210.047403	981079.187106	9.989000e-06	9.800000e+00
211.070657	977946.312743	1.002100e-05	9.800000e+00
212.094555	975124.378109	1.005000e-05	9.800000e+00
213.119349	972415.161738	1.007800e-05	9.800000e+00
214.143833	969912.905780	1.010400e-05	9.800000e+00
215.167831	967328.003159	1.013100e-05	9.800000e+00
216.191710	964566.929134	1.016000e-05	9.800000e+00
217.216573	961538.461538	1.019200e-05	9.800000e+00
218.240516	958716.493837	1.022200e-05	9.800000e+00
219.264660	956470.817880	1.024600e-05	9.800000e+00
220.288579	953307.392996	1.028000e-05	9.800000e+00
221.312503	952010.880124	1.029400e-05	9.800000e+00
222.336482	948968.722766	1.032700e-05	9.800000e+00
223.359610	946494.108557	1.035400e-05	9.800000e+00
224.383569	944760.435747	1.037300e-05	9.800000e+00
225.407435	943759.630200	1.038400e-05	9.800000e+00
226.431393	941854.877463	1.040500e-05	9.800000e+00
227.455788	940499.040307	1.042000e-05	9.800000e+00
228.479393	938517.525378	1.044200e-05	9.800000e+00
229.503555	937529.895724	1.045300e-05	9.800000e+00
230.527639	934312.136524	1.048900e-05	9.800000e+00
231.552652	932179.206696	1.051300e-05	9.800000e+00
232.577568	928909.952607	1.055000e-05	9.800000e+00
233.602642	926976.920166	1.057200e-05	9.800000e+00
234.626739	924179.554885	1.060400e-05	9.800000e+00
235.650739	921572.315215	1.063400e-05	9.800000e+00
236.675998	918635.170604	1.066800e-05	9.800000e+00
237.702223	916401.720591	1.069400e-05	9.800000e+00
238.726622	913412.247181	1.072900e-05	9.800000e+00
239.750755	911373.570166	1.075300e-05	9.800000e+00
240.774731	909006.585660	1.078100e-05	9.800000e+00
241.798920	907995.923284	1.079300e-05	9.800000e+00
242.822792	904225.871932	1.083800e-05	9.800000e+00
243.846711	902144.895517	1.086300e-05	9.800000e+00
244.870850	900404.263139	1.088400e-05	9.800000e+00
245.894974	898752.751284	1.090400e-05	9.800000e+00
246.919666	897600.293094	1.091800e-05	9.800000e+00
247.943944	896122.896854	1.093600e-05	9.800000e+00
248.968439	894242.175381	1.095900e-05	9.800000e+00
249.992700	892613.170598	1.097900e-05	9.800000e+00
251.016519	890585.241730	1.100400e-05	9.800000e+00
252.040839	888405.402955	1.103100e-05	9.800000e+00
253.065664	885995.841244	1.106100e-05	9.800000e+00
254.090642	883918.102282	1.108700e-05	9.800000e+00
255.114734	880819.701600	1.112600e-05	9.800000e+00
256.138635	878293.601004	1.115800e-05	9.800000e+00
257.163130	875390.799464	1.119500e-05	9.800000e+00
258.186717	873206.807449	1.122300e-05	9.800000e+00
259.211034	871111.111111	1.125000e-05	9.800000e+00
260.235774	869565.217391	1.127000e-05	9.800000e+00
261.259874	866566.451499	1.130900e-05	9.800000e+00
262.283940	863588.297497	1.134800e-05	9.800000e+00
263.309038	862600.123229	1.136100e-05	9.800000e+00
264.333688	859498.333626	1.140200e-05	9.800000e+00
265.358568	857317.819963	1.143100e-05	9.800000e+00
266.383626	855222.968845	1.145900e-05	9.800000e+00
267.407917	854775.403402	1.146500e-05	9.800000e+00
268.432689	852915.578764	1.149000e-05	9.800000e+00
269.456830	850694.444444	1.152000e-05	9.800000e+00
270.482388	849146.521099	1.154100e-05	9.800000e+00
271.506549	847897.560132	1.155800e-05	9.800000e+00
272.530517	846506.003282	1.157700e-05	9.800000e+00
273.553952	844754.762520	1.160100e-05	9.800000e+00
274.577975	842431.015215	1.163300e-05	9.800000e+00
275.603458	839544.247409	1.167300e-05	9.800000e+00
276.627686	837177.515804	1.170600e-05	9.800000e+00
277.651618	834824.090638	1.173900e-05	9.800000e+00
278.675537	832413.148730	1.177300e-05	9.800000e+00
279.699921	830156.713257	1.180500e-05	9.800000e+00
280.723962	827702.702703	1.184000e-05	9.800000e+00
281.748427	825680.343753	1.186900e-05	9.800000e+00
282.772510	823529.411765	1.190000e-05	9.800000e+00
283.797008	821389.657196	1.193100e-05	9.800000e+00
284.822008	819672.131148	1.195600e-05	9.800000e+00
285.845943	817211.474316	1.199200e-05	9.800000e+00
286.869950	815104.383265	1.202300e-05	9.800000e+00
287.894794	812940.688511	1.205500e-05	9.800000e+00
288.919648	811258.278146	1.208000e-05	9.800000e+00
289.942744	810118.211127	1.209700e-05	9.800000e+00
290.966894	807914.262160	1.213000e-05	9.800000e+00
291.990728	806053.627241	1.215800e-05	9.800000e+00
293.015442	804597.701149	1.218000e-05	9.800000e+00
294.038816	803081.209539	1.220300e-05	9.800000e+00
295.063462	801767.160272	1.222300e-05	9.800000e+00
296.090021	800130.633573	1.224800e-05	9.800000e+00
297.115824	798370.672098	1.227500e-05	9.800000e+00
298.139727	796165.407425	1.230900e-05	9.800000e+00
299.165734	794422.827497	1.233600e-05	9.800000e+00
300.191273	792495.552321	1.236600e-05	9.800000e+00
301.218602	790004.030633	1.240500e-05	9.800000e+00
302.243744	787908.023798	1.243800e-05	9.800000e+00
303.268015	785130.588047	1.248200e-05	9.800000e+00
304.292259	782560.089435	1.252300e-05	9.800000e+00
305.316700	781000.956328	1.254800e-05	9.800000e+00
306.341057	779324.055666	1.257500e-05	9.800000e+00
307.364992	777284.263959	1.260800e-05	9.800000e+00
308.388816	775316.455696	1.264000e-05	9.800000e+00
309.413051	773724.932891	1.266600e-05	9.800000e+00
310.437648	772079.098716	1.269300e-05	9.800000e+00
311.461086	770864.469441	1.271300e-05	9.800000e+00
312.485094	768989.328311	1.274400e-05	9.800000e+00
313.509351	767964.893033	1.276100e-05	9.800000e+00
314.533083	765924.189136	1.279500e-05	9.800000e+00
315.557189	764370.953904	1.282100e-05	9.800000e+00
316.581094	762527.233115	1.285200e-05	9.800000e+00
317.606005	761283.306145	1.287300e-05	9.800000e+00
318.631188	759572.159355	1.290200e-05	9.800000e+00
319.655946	757751.488440	1.293300e-05	9.800000e+00
320.680024	755065.875645	1.297900e-05	9.800000e+00
321.705293	752688.172043	1.302000e-05	9.800000e+00
322.729056	750267.952840	1.306200e-05	9.800000e+00
323.754141	748148.713642	1.309900e-05	9.800000e+00
324.777935	745984.623582	1.313700e-05	9.800000e+00
325.802162	744171.918900	1.316900e-05	9.800000e+00
326.826824	742424.242424	1.320000e-05	9.800000e+00
327.854016	739845.991243	1.324600e-05	9.800000e+00
328.878089	738396.624473	1.327200e-05	9.800000e+00
329.902959	736565.201052	1.330500e-05	9.800000e+00
330.927553	735349.290913	1.332700e-05	9.800000e+00
331.952009	733587.843401	1.335900e-05	9.800000e+00
332.975952	731944.133244	1.338900e-05	9.800000e+00
334.000997	730307.772561	1.341900e-05	9.800000e+00
335.025779	728949.717346	1.344400e-05	9.800000e+00
336.049926	727434.679335	1.347200e-05	9.800000e+00
337.075074	726464.047443	1.349000e-05	9.800000e+00
338.099219	725066.587748	1.351600e-05	9.800000e+00
339.123191	723621.058850	1.354300e-05	9.800000e+00
340.147126	721277.691911	1.358700e-05	9.800000e+00
341.171135	719688.624513	1.361700e-05	9.800000e+00
342.195064	717580.727832	1.365700e-05	9.800000e+00
343.219428	715903.280006	1.368900e-05	9.800000e+00
344.243110	713557.594292	1.373400e-05	9.800000e+00
345.266848	712105.798576	1.376200e-05	9.800000e+00
346.290072	709579.320831	1.381100e-05	9.800000e+00
347.315760	707581.227437	1.385000e-05	9.800000e+00
348.340035	704833.141542	1.390400e-05	9.800000e+00
349.365173	703214.695752	1.393600e-05	9.800000e+00
350.389218	702307.582055	1.395400e-05	9.800000e+00
351.414235	700350.175088	1.399300e-05	9.800000e+00
352.439656	698802.053622	1.402400e-05	9.800000e+00
353.464574	697459.255569	1.405100e-05	9.800000e+00
354.488847	696022.727273	1.408000e-05	9.800000e+00
355.512201	694739.827024	1.410600e-05	9.800000e+00
356.536865	693412.580485	1.413300e-05	9.800000e+00
357.561355	691846.099541	1.416500e-05	9.800000e+00
358.585140	689752.252252	1.420800e-05	9.800000e+00
359.608904	688492.342279	1.423400e-05	9.800000e+00
360.635061	687237.026648	1.426000e-05	9.800000e+00
361.660872	685458.487795	1.429700e-05	9.800000e+00
362.685765	683689.130738	1.433400e-05	9.800000e+00
363.709345	681407.314699	1.438200e-05	9.800000e+00
364.733452	680130.474009	1.440900e-05	9.800000e+00
365.757205	679093.617906	1.443100e-05	9.800000e+00
366.782881	676375.181172	1.448900e-05	9.800000e+00
367.808999	674049.109292	1.453900e-05	9.800000e+00
368.834137	671370.829623	1.459700e-05	9.800000e+00
369.858802	669444.634196	1.463900e-05	9.800000e+00
370.883057	667620.410110	1.467900e-05	9.800000e+00
371.907125	665308.893415	1.473000e-05	9.800000e+00
372.931536	663956.639566	1.476000e-05	9.800000e+00
373.955416	662251.655629	1.479800e-05	9.800000e+00
374.979932	660466.370131	1.483800e-05	9.800000e+00
376.004052	658690.684232	1.487800e-05	9.800000e+00
377.028261	656836.461126	1.492000e-05	9.800000e+00
378.053558	654773.835772	1.496700e-05	9.800000e+00
379.078112	652767.601412	1.501300e-05	9.800000e+00
380.102889	650989.770161	1.505400e-05	9.800000e+00
381.127633	649307.626052	1.509300e-05	9.800000e+00
382.152558	647676.954597	1.513100e-05	9.800000e+00
383.176193	645713.909205	1.517700e-05	9.800000e+00
384.201373	644270.593649	1.521100e-05	9.800000e+00
385.226143	642749.393323	1.524700e-05	9.800000e+00
386.250368	640899.875744	1.529100e-05	9.800000e+00
387.276836	639060.971634	1.533500e-05	9.800000e+00
388.302315	637149.730187	1.538100e-05	9.800000e+00
389.326049	635455.842303	1.542200e-05	9.800000e+00
390.349414	634304.207120	1.545000e-05	9.800000e+00
391.373973	632502.904350	1.549400e-05	9.800000e+00
392.398281	631036.703155	1.553000e-05	9.800000e+00
393.422035	629617.732091	1.556500e-05	9.800000e+00
394.446257	628245.400346	1.559900e-05	9.800000e+00
395.471774	626158.072967	1.565100e-05	9.800000e+00
396.496024	624601.657106	1.569000e-05	9.800000e+00
397.520488	622696.657771	1.573800e-05	9.800000e+00
398.544339	620724.600963	1.578800e-05	9.800000e+00
399.569091	619038.595161	1.583100e-05	9.800000e+00
400.595422	617828.773169	1.586200e-05	9.800000e+00
401.620361	616119.703257	1.590600e-05	9.800000e+00
402.645328	614728.390415	1.594200e-05	9.800000e+00
403.669492	612691.466083	1.599500e-05	9.800000e+00
404.694052	611277.445110	1.603200e-05	9.800000e+00
405.718342	609756.097561	1.607200e-05	9.800000e+00
406.742186	608506.674946	1.610500e-05	9.800000e+00
407.767337	607036.669970	1.614400e-05	9.800000e+00
408.793577	605424.105764	1.618700e-05	9.800000e+00
409.817605	603634.123807	1.623500e-05	9.800000e+00
410.843270	602076.549733	1.627700e-05	9.800000e+00
411.867089	600379.832139	1.632300e-05	9.800000e+00
412.890532	598509.832662	1.637400e-05	9.800000e+00
413.915303	596433.570690	1.643100e-05	9.800000e+00
414.941107	594624.112615	1.648100e-05	9.800000e+00
415.964998	592610.509766	1.653700e-05	9.800000e+00
416.988396	590895.387398	1.658500e-05	9.800000e+00
418.014812	588341.237918	1.665700e-05	9.800000e+00
419.040531	586510.263930	1.670900e-05	9.800000e+00
420.064469	584760.427233	1.675900e-05	9.800000e+00
421.088539	583715.528024	1.678900e-05	9.800000e+00
422.114826	581947.743468	1.684000e-05	9.800000e+00
423.139495	580190.634065	1.689100e-05	9.800000e+00
424.164480	578854.105139	1.693000e-05	9.800000e+00
425.188591	576843.840132	1.698900e-05	9.800000e+00
426.212549	575421.290588	1.703100e-05	9.800000e+00
427.235521	573804.086890	1.707900e-05	9.800000e+00
428.260592	572195.947918	1.712700e-05	9.800000e+00
429.284422	570397.532158	1.718100e-05	9.800000e+00
430.309317	568643.379366	1.723400e-05	9.800000e+00
431.333133	566604.995375	1.729600e-05	9.800000e+00
432.358293	564678.766926	1.735500e-05	9.800000e+00
433.382132	562927.221552	1.740900e-05	9.800000e+00
434.406225	561154.374714	1.746400e-05	9.800000e+00
435.431534	559105.431310	1.752800e-05	9.800000e+00
436.457408	557356.537565	1.758300e-05	9.800000e+00
437.481304	555587.051420	1.763900e-05	9.800000e+00
438.506283	554926.387316	1.766000e-05	9.800000e+00
439.530339	551739.668956	1.776200e-05	9.800000e+00
440.554608	549697.105676	1.782800e-05	9.800000e+00
441.578696	547945.205479	1.788500e-05	9.800000e+00
442.604464	546478.559081	1.793300e-05	9.800000e+00
443.629858	544989.433878	1.798200e-05	9.800000e+00
444.654838	543267.365153	1.803900e-05	9.800000e+00
445.679612	541556.145004	1.809600e-05	9.800000e+00
446.703452	540272.341364	1.813900e-05	9.800000e+00
447.726595	539053.905391	1.818000e-05	9.800000e+00
448.749405	536310.403327	1.827300e-05	9.800000e+00
449.775199	534234.627126	1.834400e-05	9.800000e+00
450.799669	532319.391635	1.841000e-05	9.800000e+00
451.825113	529787.004000	1.849800e-05	9.800000e+00
452.851256	527960.349100	1.856200e-05	9.800000e+00
453.876815	525948.585842	1.863300e-05	9.800000e+00
454.901261	524120.226762	1.869800e-05	9.800000e+00
455.925235	521998.508576	1.877400e-05	9.800000e+00
456.949171	519893.899204	1.885000e-05	9.800000e+00
457.975441	517614.746738	1.893300e-05	9.800000e+00
459.000826	515491.031508	1.901100e-05	9.800000e+00
460.024574	513330.888901	1.909100e-05	9.800000e+00
461.048493	511215.440793	1.917000e-05	9.800000e+00
462.072539	509593.884873	1.923100e-05	9.800000e+00
463.098351	507403.955680	1.931400e-05	9.800000e+00
464.122277	505545.524890	1.938500e-05	9.800000e+00
465.145732	503416.037397	1.946700e-05	9.800000e+00
466.170808	501535.312180	1.954000e-05	9.800000e+00
467.195223	499770.513540	1.960900e-05	9.800000e+00
468.219541	497891.581568	1.968300e-05	9.800000e+00
469.244210	495876.132166	1.976300e-05	9.800000e+00
470.268333	494101.038621	1.983400e-05	9.800000e+00
471.293251	491795.051940	1.992700e-05	9.800000e+00
472.316561	489706.176294	2.001200e-05	9.800000e+00
473.340516	487659.235669	2.009600e-05	9.800000e+00
474.365240	485918.286394	2.016800e-05	9.800000e+00
475.389625	484165.802085	2.024100e-05	9.800000e+00
476.413661	482022.527175	2.033100e-05	9.800000e+00
477.437655	479874.644991	2.042200e-05	9.800000e+00
478.461761	477955.520874	2.050400e-05	9.800000e+00
479.485462	475889.865488	2.059300e-05	9.800000e+00
480.508693	474002.418380	2.067500e-05	9.800000e+00
481.532520	472061.657033	2.076000e-05	9.800000e+00
482.557122	470069.071374	2.084800e-05	9.800000e+00
483.581494	467089.271245	2.098100e-05	9.800000e+00
484.605508	465690.933283	2.104400e-05	9.800000e+00
485.629399	463598.088841	2.113900e-05	9.800000e+00
486.654164	460872.836719	2.126400e-05	9.800000e+00
487.678428	458608.264308	2.136900e-05	9.800000e+00
488.702326	456429.602720	2.147100e-05	9.800000e+00
489.727697	454524.372710	2.156100e-05	9.800000e+00
490.753247	452426.019113	2.166100e-05	9.800000e+00
491.777267	450678.316854	2.174500e-05	9.800000e+00
492.801385	448697.403965	2.184100e-05	9.800000e+00
493.826353	446856.048516	2.193100e-05	9.800000e+00
494.850875	444363.834225	2.205400e-05	9.800000e+00
495.874607	441939.120631	2.217500e-05	9.800000e+00
496.899303	439481.591103	2.229900e-05	9.800000e+00
497.923423	437265.750491	2.241200e-05	9.800000e+00
498.947518	434647.624961	2.254700e-05	9.800000e+00
499.973862	432480.141218	2.266000e-05	9.800000e+00
500.999771	430032.032998	2.278900e-05	9.800000e+00
502.023674	427667.466725	2.291500e-05	9.800000e+00
503.046905	425107.361298	2.305300e-05	9.800000e+00
504.070974	422741.782417	2.318200e-05	9.800000e+00
505.095830	420258.158583	2.331900e-05	9.800000e+00
506.119723	418177.938980	2.343500e-05	9.800000e+00
507.144490	415782.774714	2.357000e-05	9.800000e+00
508.169317	413240.565043	2.371500e-05	9.800000e+00
509.194588	411039.342337	2.384200e-05	9.800000e+00
510.221561	408878.504673	2.396800e-05	9.800000e+00
511.245857	406318.669928	2.411900e-05	9.800000e+00
512.269399	404123.711340	2.425000e-05	9.800000e+00
513.295234	401853.446508	2.438700e-05	9.800000e+00
514.320371	399592.252803	2.452500e-05	9.800000e+00
515.343549	397082.658023	2.468000e-05	9.800000e+00
516.367631	394986.094877	2.481100e-05	9.800000e+00
517.392030	392533.846031	2.496600e-05	9.800000e+00
518.416809	390142.919702	2.511900e-05	9.800000e+00
519.440665	387168.141593	2.531200e-05	9.800000e+00
520.464519	384630.480003	2.547900e-05	9.800000e+00
521.489024	382140.768181	2.564500e-05	9.800000e+00
522.513975	379271.643639	2.583900e-05	9.800000e+00
523.537364	376705.746685	2.601500e-05	9.800000e+00
524.560672	373945.892319	2.620700e-05	9.800000e+00
525.585933	371423.157097	2.638500e-05	9.800000e+00
526.610802	368712.141164	2.657900e-05	9.800000e+00
527.634685	366026.742362	2.677400e-05	9.800000e+00
528.658682	363434.081216	2.696500e-05	9.800000e+00
529.683897	360970.938156	2.714900e-05	9.800000e+00
530.708854	358396.723230	2.734400e-05	9.800000e+00
531.732576	355716.878403	2.755000e-05	9.800000e+00
532.756981	353140.427372	2.775100e-05	9.800000e+00
533.782792	350776.719880	2.793800e-05	9.800000e+00
534.810118	348246.330976	2.814100e-05	9.800000e+00
535.834720	345898.630524	2.833200e-05	9.800000e+00
536.858605	343799.333450	2.850500e-05	9.800000e+00
537.882477	341713.448865	2.867900e-05	9.800000e+00
538.908769	339723.368115	2.884700e-05	9.800000e+00
539.934799	337663.232609	2.902300e-05	9.800000e+00
540.959778	335673.916767	2.919500e-05	9.800000e+00
541.983558	333798.835110	2.935900e-05	9.800000e+00
543.008782	331877.137729	2.952900e-05	9.800000e+00
544.032928	330066.350072	2.969100e-05	9.800000e+00
545.057958	328154.299491	2.986400e-05	9.800000e+00
546.082092	326264.274062	3.003700e-05	9.800000e+00
547.105861	324202.725949	3.022800e-05	9.800000e+00
548.131473	322251.816777	3.041100e-05	9.800000e+00
549.156708	320376.605969	3.058900e-05	9.800000e+00
550.180521	318761.384335	3.074400e-05	9.800000e+00
551.203809	316998.220928	3.091500e-05	9.800000e+00
552.228557	315457.413249	3.106600e-05	9.800000e+00
553.253776	313800.832533	3.123000e-05	9.800000e+00
554.277962	312101.910828	3.140000e-05	9.800000e+00
555.301813	310637.758337	3.154800e-05	9.800000e+00
556.325855	309177.524687	3.169700e-05	9.800000e+00
557.349975	307817.947671	3.183700e-05	9.800000e+00
558.373816	306336.157044	3.199100e-05	9.800000e+00
559.397831	304802.189599	3.215200e-05	9.800000e+00
560.421955	303020.933181	3.234100e-05	9.800000e+00
561.445959	301325.216001	3.252300e-05	9.800000e+00
562.469836	299730.853927	3.269600e-05	9.800000e+00
563.494052	298225.860442	3.286100e-05	9.800000e+00
564.518236	296834.772073	3.301500e-05	9.800000e+00
565.541912	295331.947081	3.318300e-05	9.800000e+00
566.565593	293703.359607	3.336700e-05	9.800000e+00
567.588944	292031.706300	3.355800e-05	9.800000e+00
568.613241	290654.565946	3.371700e-05	9.800000e+00
569.638099	289051.439358	3.390400e-05	9.800000e+00
570.662013	287347.896203	3.410500e-05	9.800000e+00
571.685901	285597.715218	3.431400e-05	9.800000e+00
572.712409	283967.430674	3.451100e-05	9.800000e+00
573.738049	282551.032176	3.468400e-05	9.800000e+00
574.765018	281003.584229	3.487500e-05	9.800000e+00
575.789053	279632.483022	3.504600e-05	9.800000e+00
576.812708	278337.924962	3.520900e-05	9.800000e+00
577.838597	277290.475921	3.534200e-05	9.800000e+00
578.864121	276048.562012	3.550100e-05	9.800000e+00
579.887909	274833.137024	3.565800e-05	9.800000e+00
580.912033	273628.368002	3.581500e-05	9.800000e+00
581.936606	272562.925880	3.595500e-05	9.800000e+00
582.960759	271175.184704	3.613900e-05	9.800000e+00
583.984597	269831.217820	3.631900e-05	9.800000e+00
585.007910	268213.914281	3.653800e-05	9.800000e+00
586.032243	266869.996188	3.672200e-05	9.800000e+00
587.055807	265553.869499	3.690400e-05	9.800000e+00
588.078990	264200.792602	3.709300e-05	9.800000e+00
589.102094	262974.292921	3.726600e-05	9.800000e+00
590.127035	261696.218757	3.744800e-05	9.800000e+00
591.153010	260395.908064	3.763500e-05	9.800000e+00
592.177190	258923.617533	3.784900e-05	9.800000e+00
593.201045	257440.828014	3.806700e-05	9.800000e+00
594.225006	256048.492449	3.827400e-05	9.800000e+00
595.249579	254598.358100	3.849200e-05	9.800000e+00
596.273637	253197.261336	3.870500e-05	9.800000e+00
597.297222	251817.971581	3.891700e-05	9.800000e+00
598.321250	250440.826966	3.913100e-05	9.800000e+00
599.345678	249040.685116	3.935100e-05	9.800000e+00
600.369258	247662.370483	3.957000e-05	9.800000e+00
601.393102	246460.277142	3.976300e-05	9.800000e+00
602.417705	245079.650887	3.998700e-05	9.800000e+00
603.441905	243647.754960	4.022200e-05	9.800000e+00
604.465680	242292.382624	4.044700e-05	9.800000e+00
605.489630	240952.006294	4.067200e-05	9.800000e+00
606.513706	239591.228027	4.090300e-05	9.800000e+00
607.538028	238344.237177	4.111700e-05	9.800000e+00
608.561953	236989.746566	4.135200e-05	9.800000e+00
609.586406	235826.354798	4.155600e-05	9.800000e+00
610.611555	234663.090848	4.176200e-05	9.800000e+00
611.636642	233455.619610	4.197800e-05	9.800000e+00
612.661915	232282.531406	4.219000e-05	9.800000e+00
613.685772	230892.470078	4.244400e-05	9.800000e+00
614.709699	229685.705580	4.266700e-05	9.800000e+00
615.734694	228384.991843	4.291000e-05	9.800000e+00
616.759898	227146.300760	4.314400e-05	9.800000e+00
617.783720	225894.935804	4.338300e-05	9.800000e+00
618.807018	224662.433232	4.362100e-05	9.800000e+00
619.830946	223545.245101	4.383900e-05	9.800000e+00
620.855734	222383.588999	4.406800e-05	9.800000e+00
621.878984	221248.927620	4.429400e-05	9.800000e+00
622.903219	220061.527407	4.453300e-05	9.800000e+00
623.927371	219411.172059	4.466500e-05	9.800000e+00
624.953075	218652.387327	4.482000e-05	9.800000e+00
625.977223	217632.689318	4.503000e-05	9.800000e+00
627.000796	216756.613289	4.521200e-05	9.800000e+00
628.026790	215422.491867	4.549200e-05	9.800000e+00
629.051977	214287.276146	4.573300e-05	9.800000e+00
630.075835	212997.174527	4.601000e-05	9.800000e+00
631.100289	211983.560459	4.623000e-05	9.800000e+00
632.124276	210793.486911	4.649100e-05	9.800000e+00
633.149009	209701.923694	4.673300e-05	9.800000e+00
634.172777	208426.380825	4.701900e-05	9.800000e+00
635.196098	207372.296754	4.725800e-05	9.800000e+00
636.220356	206363.578934	4.748900e-05	9.800000e+00
637.245010	205334.506673	4.772700e-05	9.800000e+00
638.268025	204285.833403	4.797200e-05	9.800000e+00
639.291196	203319.502075	4.820000e-05	9.800000e+00
640.315773	202366.448469	4.842700e-05	9.800000e+00
641.340878	201467.837099	4.864300e-05	9.800000e+00
642.364307	200544.334623	4.886700e-05	9.800000e+00
643.388221	199747.258571	4.906200e-05	9.800000e+00
644.412764	198908.035479	4.926900e-05	9.800000e+00
645.438064	198091.849935	4.947200e-05	9.800000e+00
646.462252	197242.628560	4.968500e-05	9.800000e+00
647.486297	196451.839230	4.988500e-05	9.800000e+00
648.510276	195725.983623	5.007000e-05	9.800000e+00
649.534922	194896.883639	5.028300e-05	9.800000e+00
650.558368	194236.334086	5.045400e-05	9.800000e+00
651.582581	193442.687669	5.066100e-05	9.800000e+00
652.606097	192477.658843	5.091500e-05	9.800000e+00
653.629214	191653.303086	5.113400e-05	9.800000e+00
654.652309	190665.188039	5.139900e-05	9.800000e+00
655.675837	189690.881288	5.166300e-05	9.800000e+00
656.701608	188766.468911	5.191600e-05	9.800000e+00
657.726543	187872.630025	5.216300e-05	9.800000e+00
658.751139	186944.412651	5.242200e-05	9.800000e+00
659.775156	186018.260160	5.268300e-05	9.800000e+00
660.799832	185094.246969	5.294600e-05	9.800000e+00
661.824223	184363.006998	5.315600e-05	9.800000e+00
662.848206	183331.774390	5.345500e-05	9.800000e+00
663.872339	182447.778978	5.371400e-05	9.800000e+00
664.897547	181757.483586	5.391800e-05	9.800000e+00
665.921948	181012.190617	5.414000e-05	9.800000e+00
666.946865	180200.058841	5.438400e-05	9.800000e+00
667.970133	179378.763751	5.463300e-05	9.800000e+00
668.994155	178649.555199	5.485600e-05	9.800000e+00
670.018142	177890.724269	5.509000e-05	9.800000e+00
671.043215	177189.556664	5.530800e-05	9.800000e+00
672.067151	176411.290323	5.555200e-05	9.800000e+00
673.091580	175668.166419	5.578700e-05	9.800000e+00
674.117473	174959.384429	5.601300e-05	9.800000e+00
675.142524	174166.488946	5.626800e-05	9.800000e+00
676.166992	173371.545837	5.652600e-05	9.800000e+00
677.192028	172608.144286	5.677600e-05	9.800000e+00
678.216823	171914.744321	5.700500e-05	9.800000e+00
679.241395	171292.735790	5.721200e-05	9.800000e+00
680.265347	170856.724433	5.735800e-05	9.800000e+00
681.289327	170162.522573	5.759200e-05	9.800000e+00
682.315014	169386.061947	5.785600e-05	9.800000e+00
683.339150	168587.648374	5.813000e-05	9.800000e+00
684.362291	167822.587550	5.839500e-05	9.800000e+00
685.386129	167041.658144	5.866800e-05	9.800000e+00
686.410634	166301.820835	5.892900e-05	9.800000e+00
687.435002	165624.471861	5.917000e-05	9.800000e+00
688.459479	164935.961089	5.941700e-05	9.800000e+00
689.483505	164266.916978	5.965900e-05	9.800000e+00
690.508254	163646.990064	5.988500e-05	9.800000e+00
691.532862	163015.453200	6.011700e-05	9.800000e+00
692.559272	162343.040785	6.036600e-05	9.800000e+00
693.583434	161753.540422	6.058600e-05	9.800000e+00
694.607412	161038.534221	6.085500e-05	9.800000e+00
695.633353	160340.314136	6.112000e-05	9.800000e+00
696.658958	159655.925190	6.138200e-05	9.800000e+00
697.683992	158959.303174	6.165100e-05	9.800000e+00
698.708878	158289.184649	6.191200e-05	9.800000e+00
699.733441	157665.266985	6.215700e-05	9.800000e+00
700.757399	157000.961230	6.242000e-05	9.800000e+00
701.781350	156319.785619	6.269200e-05	9.800000e+00
702.805210	155738.486476	6.292600e-05	9.800000e+00
703.829394	155090.284701	6.318900e-05	9.800000e+00
704.853207	154403.655270	6.347000e-05	9.800000e+00
705.877279	153715.845280	6.375400e-05	9.800000e+00
706.901398	153079.554507	6.401900e-05	9.800000e+00
707.925929	152408.205160	6.430100e-05	9.800000e+00
708.950058	151890.886547	6.452000e-05	9.800000e+00
709.975439	151306.952400	6.476900e-05	9.800000e+00
711.000095	150746.039071	6.501000e-05	9.800000e+00
712.023441	150223.802808	6.523600e-05	9.800000e+00
713.049426	149762.366857	6.543700e-05	9.800000e+00
714.074096	149269.644951	6.565300e-05	9.800000e+00
715.098295	148667.303812	6.591900e-05	9.800000e+00
716.122247	147991.543340	6.622000e-05	9.800000e+00
717.147037	147375.069552	6.649700e-05	9.800000e+00
718.171181	146752.721664	6.677900e-05	9.800000e+00
719.194411	146142.145605	6.705800e-05	9.800000e+00
720.219534	145540.951957	6.733500e-05	9.800000e+00
721.244199	144974.703394	6.759800e-05	9.800000e+00
722.268284	144431.999057	6.785200e-05	9.800000e+00
723.291665	143946.181754	6.808100e-05	9.800000e+00
724.315391	143547.678336	6.827000e-05	9.800000e+00
725.339914	143151.375276	6.845900e-05	9.800000e+00
726.364469	142464.638242	6.878900e-05	9.800000e+00
727.388441	141913.809082	6.905600e-05	9.800000e+00
728.412332	141342.756184	6.933500e-05	9.800000e+00
729.438227	140770.214172	6.961700e-05	9.800000e+00
730.463159	140194.269202	6.990300e-05	9.800000e+00
731.486469	139646.892857	7.017700e-05	9.800000e+00
732.510247	139123.521813	7.044100e-05	9.800000e+00
733.535554	138617.782681	7.069800e-05	9.800000e+00
734.560291	138107.921476	7.095900e-05	9.800000e+00
735.585372	137665.585008	7.118700e-05	9.800000e+00
736.609453	137349.161189	7.135100e-05	9.800000e+00
737.633818	136890.627183	7.159000e-05	9.800000e+00
738.658282	136334.548287	7.188200e-05	9.800000e+00
739.686046	135811.194723	7.215900e-05	9.800000e+00
740.711646	135344.160866	7.240800e-05	9.800000e+00
741.735485	134752.358166	7.272600e-05	9.800000e+00
742.759627	134239.219769	7.300400e-05	9.800000e+00
743.784270	133682.544879	7.330800e-05	9.800000e+00
744.809407	133166.648549	7.359200e-05	9.800000e+00
745.834554	132617.020989	7.389700e-05	9.800000e+00
746.858562	132241.218778	7.410700e-05	9.800000e+00
747.882564	131674.414855	7.442600e-05	9.800000e+00
748.907383	131115.957347	7.474300e-05	9.800000e+00
749.931383	130610.939333	7.503200e-05	9.800000e+00
750.955251	130180.658874	7.528000e-05	9.800000e+00
751.981230	129785.853342	7.550900e-05	9.800000e+00
753.005483	129233.041460	7.583200e-05	9.800000e+00
754.029167	128784.693019	7.609600e-05	9.800000e+00
755.052677	128362.979069	7.634600e-05	9.800000e+00
756.077593	127925.646481	7.660700e-05	9.800000e+00
757.103226	127516.167228	7.685300e-05	9.800000e+00
758.127189	127076.336571	7.711900e-05	9.800000e+00
759.152271	126675.542572	7.736300e-05	9.800000e+00
760.176515	126283.777689	7.760300e-05	9.800000e+00
761.200653	125947.821617	7.781000e-05	9.800000e+00
762.225349	125613.648307	7.801700e-05	9.800000e+00
763.249465	125270.033618	7.823100e-05	9.800000e+00
764.274139	124820.093488	7.851300e-05	9.800000e+00
765.298563	124343.390768	7.881400e-05	9.800000e+00
766.322287	123832.749972	7.913900e-05	9.800000e+00
767.345733	123357.333468	7.944400e-05	9.800000e+00
768.370238	123046.016699	7.964500e-05	9.800000e+00
769.394509	122550.552103	7.996700e-05	9.800000e+00
770.418353	122013.471283	8.031900e-05	9.800000e+00
771.442302	121541.342660	8.063100e-05	9.800000e+00
772.467352	121062.384188	8.095000e-05	9.800000e+00
773.493618	120653.993893	8.122400e-05	9.800000e+00
774.518656	120240.972725	8.150300e-05	9.800000e+00
775.543363	119845.423861	8.177200e-05	9.800000e+00
776.567267	119443.733470	8.204700e-05	9.800000e+00
777.592754	119012.921403	8.234400e-05	9.800000e+00
778.618220	118695.799622	8.256400e-05	9.800000e+00
779.642271	118297.481954	8.284200e-05	9.800000e+00
780.666209	118110.710713	8.297300e-05	9.800000e+00
781.690317	117741.761080	8.323300e-05	9.800000e+00
782.715190	117351.215423	8.351000e-05	9.800000e+00
783.740472	116943.711889	8.380100e-05	9.800000e+00
784.765041	116518.244617	8.410700e-05	9.800000e+00
785.789693	116109.616957	8.440300e-05	9.800000e+00
786.815375	115712.042318	8.469300e-05	9.800000e+00
787.842603	115299.543508	8.499600e-05	9.800000e+00
788.866462	114887.281509	8.530100e-05	9.800000e+00
789.890238	114689.635802	8.544800e-05	9.800000e+00
790.915093	114384.425043	8.567600e-05	9.800000e+00
791.939521	114042.335308	8.593300e-05	9.800000e+00
792.963516	113781.493092	8.613000e-05	9.800000e+00
793.987620	113366.880676	8.644500e-05	9.800000e+00
795.012220	112881.117753	8.681700e-05	9.800000e+00
796.036763	112460.122559	8.714200e-05	9.800000e+00
797.060432	112046.098966	8.746400e-05	9.800000e+00
798.084587	111646.558894	8.777700e-05	9.800000e+00
799.108628	111318.097142	8.803600e-05	9.800000e+00
800.133529	110926.234054	8.834700e-05	9.800000e+00
801.157826	110525.900279	8.866700e-05	9.800000e+00
802.181758	110208.947167	8.892200e-05	9.800000e+00
803.205909	109907.363793	8.916600e-05	9.800000e+00
804.230588	109548.614993	8.945800e-05	9.800000e+00
805.254860	109223.842004	8.972400e-05	9.800000e+00
806.278439	108829.637198	9.004900e-05	9.800000e+00
807.303289	108492.289298	9.032900e-05	9.800000e+00
808.327617	108174.934322	9.059400e-05	9.800000e+00
809.351315	107810.781078	9.090000e-05	9.800000e+00
810.374720	107498.573999	9.116400e-05	9.800000e+00
811.399217	107186.997561	9.142900e-05	9.800000e+00
812.423482	106798.020967	9.176200e-05	9.800000e+00
813.449542	106378.359602	9.212400e-05	9.800000e+00
814.473488	105991.780229	9.246000e-05	9.800000e+00
815.497569	105619.382234	9.278600e-05	9.800000e+00
816.523642	105285.775677	9.308000e-05	9.800000e+00
817.548612	104944.154718	9.338300e-05	9.800000e+00
818.572499	104634.898942	9.365900e-05	9.800000e+00
819.597129	104283.054004	9.397500e-05	9.800000e+00
820.622187	103972.160923	9.425600e-05	9.800000e+00
821.647242	103615.986466	9.458000e-05	9.800000e+00
822.672451	103289.452882	9.487900e-05	9.800000e+00
823.696525	102992.023373	9.515300e-05	9.800000e+00
824.720845	102708.141192	9.541600e-05	9.800000e+00
825.744566	102404.413839	9.569900e-05	9.800000e+00
826.768401	102099.286347	9.598500e-05	9.800000e+00
827.791672	101789.627845	9.627700e-05	9.800000e+00
828.815698	101484.994719	9.656600e-05	9.800000e+00
829.839854	101204.122519	9.683400e-05	9.800000e+00
830.863752	100888.435920	9.713700e-05	9.800000e+00
831.887889	100586.067803	9.742900e-05	9.800000e+00
832.912409	100273.193292	9.773300e-05	9.800000e+00
833.937484	100015.308466	9.798500e-05	9.800000e+00
834.961490	99735.395888	9.826000e-05	9.800000e+00
835.984820	99425.765477	9.856600e-05	9.800000e+00
837.008716	99115.044248	9.887500e-05	9.800000e+00
838.032754	98831.170141	9.915900e-05	9.800000e+00
839.056685	98491.472448	9.950100e-05	9.800000e+00
840.080472	98193.441079	9.980300e-05	9.800000e+00
841.104554	97951.024488	1.000500e-04	9.800000e+00
842.128587	97677.663710	1.003300e-04	9.800000e+00
843.152661	97405.824471	1.006100e-04	9.800000e+00
844.175888	97125.867195	1.009000e-04	9.800000e+00
845.200337	96885.813149	1.011500e-04	9.800000e+00
846.224879	96599.310005	1.014500e-04	9.800000e+00
847.248482	96295.568439	1.017700e-04	9.800000e+00
848.271966	96012.540413	1.020700e-04	9.800000e+00
849.296225	95712.471921	1.023900e-04	9.800000e+00
850.320711	95442.150370	1.026800e-04	9.800000e+00
851.345550	95191.840699	1.029500e-04	9.800000e+00
852.368900	94896.872277	1.032700e-04	9.800000e+00
853.393824	94576.336615	1.036200e-04	9.800000e+00
854.417748	94285.164518	1.039400e-04	9.800000e+00
855.441534	94004.796163	1.042500e-04	9.800000e+00
856.464923	93717.127283	1.045700e-04	9.800000e+00
857.488962	93449.032135	1.048700e-04	9.800000e+00
858.512743	93147.039255	1.052100e-04	9.800000e+00
859.537006	92864.588269	1.055300e-04	9.800000e+00
860.560872	92618.845100	1.058100e-04	9.800000e+00
861.585878	92365.692743	1.061000e-04	9.800000e+00
862.609467	92122.579432	1.063800e-04	9.800000e+00
863.634619	91820.481589	1.067300e-04	9.800000e+00
864.658045	91554.559043	1.070400e-04	9.800000e+00
865.683096	91307.183453	1.073300e-04	9.800000e+00
866.707732	91035.764050	1.076500e-04	9.800000e+00
867.731739	90791.180285	1.079400e-04	9.800000e+00
868.757150	90522.815444	1.082600e-04	9.800000e+00
869.782540	90264.345583	1.085700e-04	9.800000e+00
870.806894	90023.883888	1.088600e-04	9.800000e+00
871.831822	89735.372219	1.092100e-04	9.800000e+00
872.855568	89489.544334	1.095100e-04	9.800000e+00
873.880565	89245.059648	1.098100e-04	9.800000e+00
874.905065	88985.744121	1.101300e-04	9.800000e+00
875.929838	88719.898606	1.104600e-04	9.800000e+00
876.953620	88503.567236	1.107300e-04	9.800000e+00
877.976856	88200.882009	1.111100e-04	9.800000e+00
879.002055	87900.260113	1.114900e-04	9.800000e+00
880.026905	87648.689742	1.118100e-04	9.800000e+00
881.050951	87359.600642	1.121800e-04	9.800000e+00
882.075000	87126.600284	1.124800e-04	9.800000e+00
883.099465	86879.432624	1.128000e-04	9.800000e+00
884.123621	86603.039943	1.131600e-04	9.800000e+00
885.147983	86358.829750	1.134800e-04	9.800000e+00
886.172038	86093.297022	1.138300e-04	9.800000e+00
887.196668	85859.470825	1.141400e-04	9.800000e+00
888.220777	85611.950729	1.144700e-04	9.800000e+00
889.244787	85358.418256	1.148100e-04	9.800000e+00
890.268740	85150.751586	1.150900e-04	9.800000e+00
891.292614	84936.730803	1.153800e-04	9.800000e+00
892.316997	84679.858291	1.157300e-04	9.800000e+00
893.340799	84446.359328	1.160500e-04	9.800000e+00
894.365068	84185.207456	1.164100e-04	9.800000e+00
895.390302	83968.811584	1.167100e-04	9.800000e+00
896.414912	83717.751580	1.170600e-04	9.800000e+00
897.437961	83489.521213	1.173800e-04	9.800000e+00
898.461699	83241.314873	1.177300e-04	9.800000e+00
899.486093	83008.639675	1.180600e-04	9.800000e+00
900.509984	82749.303386	1.184300e-04	9.800000e+00
901.533933	82498.526812	1.187900e-04	9.800000e+00
902.558082	82242.363209	1.191600e-04	9.800000e+00
903.583273	82015.231400	1.194900e-04	9.800000e+00
904.607187	81768.877764	1.198500e-04	9.800000e+00
905.633583	81530.782030	1.202000e-04	9.800000e+00
906.656891	81307.558284	1.205300e-04	9.800000e+00
907.681628	81092.263136	1.208500e-04	9.800000e+00
908.705953	80871.430929	1.211800e-04	9.800000e+00
909.729886	80658.436214	1.215000e-04	9.800000e+00
910.753770	80433.355220	1.218400e-04	9.800000e+00
911.779035	80216.092330	1.221700e-04	9.800000e+00
912.803949	80000.000000	1.225000e-04	9.800000e+00
913.828138	79830.563702	1.227600e-04	9.800000e+00
914.852018	79648.894668	1.230400e-04	9.800000e+00
915.876895	79422.967826	1.233900e-04	9.800000e+00
916.901660	79198.319056	1.237400e-04	9.800000e+00
917.926163	79096.045198	1.239000e-04	9.800000e+00
918.950031	78879.587894	1.242400e-04	9.800000e+00
919.974166	78639.062751	1.246200e-04	9.800000e+00
920.998687	78412.546007	1.249800e-04	9.800000e+00
922.023695	78156.152803	1.253900e-04	9.800000e+00
923.048686	77889.047846	1.258200e-04	9.800000e+00
924.072259	77648.363838	1.262100e-04	9.800000e+00
925.096046	77421.393585	1.265800e-04	9.800000e+00
926.120756	77177.508269	1.269800e-04	9.800000e+00
927.144146	76983.503535	1.273000e-04	9.800000e+00
928.167999	76730.347635	1.277200e-04	9.800000e+00
929.192648	76508.704817	1.280900e-04	9.800000e+00
930.217149	76329.932238	1.283900e-04	9.800000e+00
931.241168	76098.773101	1.287800e-04	9.800000e+00
932.265730	75910.147173	1.291000e-04	9.800000e+00
933.290286	75740.010820	1.293900e-04	9.800000e+00
934.314659	75576.463330	1.296700e-04	9.800000e+00
935.338895	75332.462142	1.300900e-04	9.800000e+00
936.362997	75130.328120	1.304400e-04	9.800000e+00
937.387277	74940.735643	1.307700e-04	9.800000e+00
938.411103	74752.097635	1.311000e-04	9.800000e+00
939.434133	74541.720545	1.314700e-04	9.800000e+00
940.457903	74332.524272	1.318400e-04	9.800000e+00
941.481635	74141.322439	1.321800e-04	9.800000e+00
942.505910	73923.210379	1.325700e-04	9.800000e+00
943.529894	73706.377858	1.329600e-04	9.800000e+00
944.553693	73512.864751	1.333100e-04	9.800000e+00
945.578824	73292.947424	1.337100e-04	9.800000e+00
946.603333	73123.414416	1.340200e-04	9.800000e+00
947.627212	72965.527511	1.343100e-04	9.800000e+00
948.650773	72792.096858	1.346300e-04	9.800000e+00
949.675128	72603.348644	1.349800e-04	9.800000e+00
950.700190	72388.831437	1.353800e-04	9.800000e+00
951.725199	72207.486001	1.357200e-04	9.800000e+00
952.750765	71990.009550	1.361300e-04	9.800000e+00
953.776764	71784.353941	1.365200e-04	9.800000e+00
954.801662	71632.190629	1.368100e-04	9.800000e+00
955.826764	71438.985275	1.371800e-04	9.800000e+00
956.850956	71236.461438	1.375700e-04	9.800000e+00
957.875173	71035.082633	1.379600e-04	9.800000e+00
958.899146	70834.839176	1.383500e-04	9.800000e+00
959.923054	70625.540502	1.387600e-04	9.800000e+00
960.947008	70427.596119	1.391500e-04	9.800000e+00
961.970953	70281.124498	1.394400e-04	9.800000e+00
962.994993	70055.043248	1.398900e-04	9.800000e+00
964.019049	69860.279441	1.402800e-04	9.800000e+00
965.043858	69671.548415	1.406600e-04	9.800000e+00
966.067617	69464.133825	1.410800e-04	9.800000e+00
967.091940	69267.741023	1.414800e-04	9.800000e+00
968.116784	69067.587568	1.418900e-04	9.800000e+00
969.140919	68892.794376	1.422500e-04	9.800000e+00
970.164851	68723.702665	1.426000e-04	9.800000e+00
971.187898	68521.885051	1.430200e-04	9.800000e+00
972.212909	68340.306834	1.434000e-04	9.800000e+00
973.237042	68188.143613	1.437200e-04	9.800000e+00
974.261021	68003.608355	1.441100e-04	9.800000e+00
975.284786	67834.152419	1.444700e-04	9.800000e+00
976.309108	67688.907308	1.447800e-04	9.800000e+00
977.333051	67525.666644	1.451300e-04	9.800000e+00
978.356828	67363.211438	1.454800e-04	9.800000e+00
979.380873	67224.584991	1.457800e-04	9.800000e+00
980.405169	67036.048977	1.461900e-04	9.800000e+00
981.429172	66875.938310	1.465400e-04	9.800000e+00
982.453159	66689.350119	1.469500e-04	9.800000e+00
983.477736	66521.857182	1.473200e-04	9.800000e+00
984.501940	66328.257191	1.477500e-04	9.800000e+00
985.526987	66144.708423	1.481600e-04	9.800000e+00
986.551528	65948.855989	1.486000e-04	9.800000e+00
987.575744	65776.226592	1.489900e-04	9.800000e+00
988.603858	65622.070443	1.493400e-04	9.800000e+00
989.630316	65446.774409	1.497400e-04	9.800000e+00
990.654252	65255.027301	1.501800e-04	9.800000e+00
991.678530	65068.720536	1.506100e-04	9.800000e+00
992.703542	64896.364479	1.510100e-04	9.800000e+00
993.728411	64720.644565	1.514200e-04	9.800000e+00
994.753120	64567.136645	1.517800e-04	9.800000e+00
995.777193	64410.121591	1.521500e-04	9.800000e+00
996.801525	64220.183486	1.526000e-04	9.800000e+00
997.825129	64048.101431	1.530100e-04	9.800000e+00
998.850120	63881.102927	1.534100e-04	9.800000e+00
999.875561	63710.830841	1.538200e-04	9.800000e+00
1000.901061	63545.584230	1.542200e-04	9.800000e+00
1001.926807	63393.492464	1.545900e-04	9.800000e+00
1002.952220	63238.046073	1.549700e-04	9.800000e+00
1003.976338	63083.360154	1.553500e-04	9.800000e+00
1005.000242	62925.388468	1.557400e-04	9.800000e+00
1006.024199	62768.205982	1.561300e-04	9.800000e+00
1007.048343	62631.814405	1.564700e-04	9.800000e+00
1008.073838	62488.044379	1.568300e-04	9.800000e+00
1009.099065	62297.374611	1.573100e-04	9.800000e+00
1010.124266	62123.613312	1.577500e-04	9.800000e+00
1011.148387	61978.244371	1.581200e-04	9.800000e+00
1012.172466	61837.455830	1.584800e-04	9.800000e+00
1013.196331	61646.851607	1.589700e-04	9.800000e+00
1014.220265	61461.273126	1.594500e-04	9.800000e+00
1015.244232	61318.983857	1.598200e-04	9.800000e+00
1016.269369	61184.990947	1.601700e-04	9.800000e+00
1017.293227	60983.198507	1.607000e-04	9.800000e+00
1018.317276	60820.455533	1.611300e-04	9.800000e+00
1019.342819	60677.357439	1.615100e-04	9.800000e+00
1020.368216	60523.715415	1.619200e-04	9.800000e+00
1021.391970	60385.729250	1.622900e-04	9.800000e+00
1022.416313	60229.856800	1.627100e-04	9.800000e+00
1023.440780	60071.104573	1.631400e-04	9.800000e+00
1024.465205	59920.513604	1.635500e-04	9.800000e+00
1025.489204	59788.908547	1.639100e-04	9.800000e+00
1026.513329	59636.098095	1.643300e-04	9.800000e+00
1027.538144	59476.846513	1.647700e-04	9.800000e+00
1028.562384	59332.808621	1.651700e-04	9.800000e+00
1029.586282	59175.170581	1.656100e-04	9.800000e+00
1030.610240	59018.367961	1.660500e-04	9.800000e+00
1031.635978	58890.691665	1.664100e-04	9.800000e+00
1032.660448	58735.391070	1.668500e-04	9.800000e+00
1033.687616	58573.904728	1.673100e-04	9.800000e+00
1034.711423	58423.751043	1.677400e-04	9.800000e+00
1035.735527	58257.044347	1.682200e-04	9.800000e+00
1036.760818	58105.063441	1.686600e-04	9.800000e+00
1037.785615	57947.019868	1.691200e-04	9.800000e+00
1038.809561	57793.241729	1.695700e-04	9.800000e+00
1039.833479	57640.277614	1.700200e-04	9.800000e+00
1040.859470	57494.866530	1.704500e-04	9.800000e+00
1041.885411	57346.831295	1.708900e-04	9.800000e+00
1042.910375	57209.573847	1.713000e-04	9.800000e+00
1043.934485	57056.357708	1.717600e-04	9.800000e+00
1044.960047	56927.098461	1.721500e-04	9.800000e+00
1045.986074	56781.968828	1.725900e-04	9.800000e+00
1047.010388	56644.124617	1.730100e-04	9.800000e+00
1048.034288	56500.432401	1.734500e-04	9.800000e+00
1049.058263	56360.708535	1.738800e-04	9.800000e+00
1050.082940	56211.999541	1.743400e-04	9.800000e+00
1051.108424	56086.533509	1.747300e-04	9.800000e+00
1052.132577	55942.459185	1.751800e-04	9.800000e+00
1053.156573	55808.656036	1.756000e-04	9.800000e+00
1054.180511	55666.003976	1.760500e-04	9.800000e+00
1055.205104	55542.960780	1.764400e-04	9.800000e+00
1056.228490	55436.135309	1.767800e-04	9.800000e+00
1057.252527	55307.861617	1.771900e-04	9.800000e+00
1058.276665	55170.860778	1.776300e-04	9.800000e+00
1059.300420	55028.356449	1.780900e-04	9.800000e+00
1060.324338	54895.809993	1.785200e-04	9.800000e+00
1061.348264	54763.900531	1.789500e-04	9.800000e+00
1062.372152	54626.532887	1.794000e-04	9.800000e+00
1063.396443	54480.764954	1.798800e-04	9.800000e+00
1064.419489	54347.826087	1.803200e-04	9.800000e+00
1065.444404	54200.542005	1.808100e-04	9.800000e+00
1066.468782	54071.948797	1.812400e-04	9.800000e+00
1067.493288	53935.057788	1.817000e-04	9.800000e+00
1068.517097	53813.629125	1.821100e-04	9.800000e+00
1069.542939	53680.981595	1.825600e-04	9.800000e+00
1070.569299	53551.912568	1.830000e-04	9.800000e+00
1071.597728	53423.462713	1.834400e-04	9.800000e+00
1072.624106	53298.526133	1.838700e-04	9.800000e+00
1073.649216	53156.866999	1.843600e-04	9.800000e+00
1074.675618	53030.303030	1.848000e-04	9.800000e+00
1075.700706	52901.484480	1.852500e-04	9.800000e+00
1076.727154	52804.569212	1.855900e-04	9.800000e+00
1077.752471	52685.339498	1.860100e-04	9.800000e+00
1078.780285	52577.928000	1.863900e-04	9.800000e+00
1079.805432	52462.526767	1.868000e-04	9.800000e+00
1080.829355	52325.270970	1.872900e-04	9.800000e+00
1081.854042	52183.173589	1.878000e-04	9.800000e+00
1082.878619	52044.609665	1.883000e-04	9.800000e+00
1083.902478	51939.792241	1.886800e-04	9.800000e+00
1084.927251	51835.396171	1.890600e-04	9.800000e+00
1085.951784	51701.398048	1.895500e-04	9.800000e+00
1086.976665	51570.804610	1.900300e-04	9.800000e+00
1088.000567	51451.672179	1.904700e-04	9.800000e+00
1089.024551	51325.023568	1.909400e-04	9.800000e+00
1090.049240	51188.299817	1.914500e-04	9.800000e+00
1091.075312	51049.643173	1.919700e-04	9.800000e+00
1092.103432	50924.963625	1.924400e-04	9.800000e+00
1093.128396	50800.891607	1.929100e-04	9.800000e+00
1094.152525	50661.703888	1.934400e-04	9.800000e+00
1095.176675	50531.092090	1.939400e-04	9.800000e+00
1096.200340	50414.115952	1.943900e-04	9.800000e+00
1097.224341	50300.261767	1.948300e-04	9.800000e+00
1098.248400	50158.665165	1.953800e-04	9.800000e+00
1099.272725	50038.294613	1.958500e-04	9.800000e+00
1100.296630	49908.331636	1.963600e-04	9.800000e+00
1101.320449	49773.985474	1.968900e-04	9.800000e+00
1102.344261	49627.791563	1.974700e-04	9.800000e+00
1103.368421	49512.453898	1.979300e-04	9.800000e+00
1104.392689	49392.671740	1.984100e-04	9.800000e+00
1105.417558	49268.513398	1.989100e-04	9.800000e+00
1106.441383	49144.977684	1.994100e-04	9.800000e+00
1107.466360	49014.704411	1.999400e-04	9.800000e+00
1108.490428	48907.076555	2.003800e-04	9.800000e+00
1109.514593	48782.916024	2.008900e-04	9.800000e+00
1110.538723	48678.720445	2.013200e-04	9.800000e+00
1111.562635	48550.904137	2.018500e-04	9.800000e+00
1112.587526	48442.906574	2.023000e-04	9.800000e+00
1113.611329	48335.388409	2.027500e-04	9.800000e+00
1114.635285	48233.093808	2.031800e-04	9.800000e+00
1115.660000	48105.242490	2.037200e-04	9.800000e+00
1116.685865	48010.973937	2.041200e-04	9.800000e+00
1117.712361	47865.585621	2.047400e-04	9.800000e+00
1118.736671	47748.976808	2.052400e-04	9.800000e+00
1119.760611	47621.361582	2.057900e-04	9.800000e+00
1120.785611	47526.673133	2.062000e-04	9.800000e+00
1121.811737	47434.656341	2.066000e-04	9.800000e+00
1122.836647	47342.995169	2.070000e-04	9.800000e+00
1123.862241	47208.439713	2.075900e-04	9.800000e+00
1124.888457	47133.512890	2.079200e-04	9.800000e+00
1125.914561	47079.169869	2.081600e-04	9.800000e+00
1126.939661	46973.110291	2.086300e-04	9.800000e+00
1127.963871	46802.617126	2.093900e-04	9.800000e+00
1128.988558	46662.222645	2.100200e-04	9.800000e+00
1130.013071	46533.713200	2.106000e-04	9.800000e+00
1131.037596	46401.515152	2.112000e-04	9.800000e+00
1132.061504	46278.806196	2.117600e-04	9.800000e+00
1133.084816	46167.616715	2.122700e-04	9.800000e+00
1134.109046	46052.631579	2.128000e-04	9.800000e+00
1135.135439	45944.678856	2.133000e-04	9.800000e+00
1136.159825	45826.513912	2.138500e-04	9.800000e+00
1137.183659	45721.750490	2.143400e-04	9.800000e+00
1138.207702	45602.605863	2.149000e-04	9.800000e+00
1139.231724	45490.414520	2.154300e-04	9.800000e+00
1140.256727	45376.672686	2.159700e-04	9.800000e+00
1141.280733	45259.317416	2.165300e-04	9.800000e+00
1142.304626	45146.726862	2.170700e-04	9.800000e+00
1143.329472	45026.418562	2.176500e-04	9.800000e+00
1144.354440	44923.217969	2.181500e-04	9.800000e+00
1145.379671	44810.242341	2.187000e-04	9.800000e+00
1146.403595	44697.833523	2.192500e-04	9.800000e+00
1147.428442	44604.251058	2.197100e-04	9.800000e+00
1148.452862	44482.774273	2.203100e-04	9.800000e+00
1149.476587	44372.000362	2.208600e-04	9.800000e+00
1150.500002	44269.774586	2.213700e-04	9.800000e+00
1151.524774	44170.009465	2.218700e-04	9.800000e+00
1152.549531	44084.570400	2.223000e-04	9.800000e+00
1153.573425	43999.461231	2.227300e-04	9.800000e+00
1154.597493	43891.078466	2.232800e-04	9.800000e+00
1155.622239	43777.360851	2.238600e-04	9.800000e+00
1156.647495	43664.230975	2.244400e-04	9.800000e+00
1157.671657	43565.236719	2.249500e-04	9.800000e+00
1158.696508	43466.690322	2.254600e-04	9.800000e+00
1159.721574	43358.994779	2.260200e-04	9.800000e+00
1160.746904	43261.378184	2.265300e-04	9.800000e+00
1161.772543	43150.896042	2.271100e-04	9.800000e+00
1162.796657	43056.104741	2.276100e-04	9.800000e+00
1163.820874	42948.549391	2.281800e-04	9.800000e+00
1164.846028	42835.912230	2.287800e-04	9.800000e+00
1165.870744	42723.864330	2.293800e-04	9.800000e+00
1166.894901	42623.521225	2.299200e-04	9.800000e+00
1167.918710	42527.339004	2.304400e-04	9.800000e+00
1168.943524	42404.050019	2.311100e-04	9.800000e+00
1169.967904	42294.247119	2.317100e-04	9.800000e+00
1170.991691	42181.379934	2.323300e-04	9.800000e+00
1172.015565	42092.603728	2.328200e-04	9.800000e+00
1173.040102	42006.000857	2.333000e-04	9.800000e+00
1174.063966	41905.413495	2.338600e-04	9.800000e+00
1175.087888	41812.441335	2.343800e-04	9.800000e+00
1176.112016	41721.656946	2.348900e-04	9.800000e+00
1177.136855	41634.803297	2.353800e-04	9.800000e+00
1178.161711	41569.459173	2.357500e-04	9.800000e+00
1179.188298	41456.914421	2.363900e-04	9.800000e+00
1180.213943	41358.936484	2.369500e-04	9.800000e+00
1181.237896	41264.895364	2.374900e-04	9.800000e+00
1182.261739	41186.853829	2.379400e-04	9.800000e+00
1183.285996	41079.812207	2.385600e-04	9.800000e+00
1184.310090	40987.034714	2.391000e-04	9.800000e+00
1185.334339	40875.912409	2.397500e-04	9.800000e+00
1186.360180	40758.609216	2.404400e-04	9.800000e+00
1187.384932	40645.348596	2.411100e-04	9.800000e+00
1188.408721	40541.099574	2.417300e-04	9.800000e+00
1189.432899	40440.721330	2.423300e-04	9.800000e+00
1190.457560	40355.789820	2.428400e-04	9.800000e+00
1191.483584	40253.018976	2.434600e-04	9.800000e+00
1192.510538	40149.125323	2.440900e-04	9.800000e+00
1193.535058	40058.862001	2.446400e-04	9.800000e+00
1194.558705	39957.596021	2.452600e-04	9.800000e+00
1195.583919	39856.840735	2.458800e-04	9.800000e+00
1196.609401	39764.658146	2.464500e-04	9.800000e+00
1197.633674	39684.146588	2.469500e-04	9.800000e+00
1198.659654	39603.960396	2.474500e-04	9.800000e+00
1199.683796	39512.942505	2.480200e-04	9.800000e+00
1200.710368	39420.756235	2.486000e-04	9.800000e+00
1201.738059	39335.313478	2.491400e-04	9.800000e+00
1202.762719	39261.247546	2.496100e-04	9.800000e+00
1203.787068	39157.709674	2.502700e-04	9.800000e+00
1204.811424	39062.500000	2.508800e-04	9.800000e+00
1205.835753	38967.752197	2.514900e-04	9.800000e+00
1206.859710	38859.589992	2.521900e-04	9.800000e+00
1207.884020	38767.356304	2.527900e-04	9.800000e+00
1208.908245	38674.033149	2.534000e-04	9.800000e+00
1209.932048	38581.158222	2.540100e-04	9.800000e+00
1210.956166	38490.239975	2.546100e-04	9.800000e+00
1211.981244	38389.219680	2.552800e-04	9.800000e+00
1213.005751	38294.712985	2.559100e-04	9.800000e+00
1214.030116	38202.159591	2.565300e-04	9.800000e+00
1215.054096	38108.570540	2.571600e-04	9.800000e+00
1216.079590	38013.964313	2.578000e-04	9.800000e+00
1217.105526	37916.892362	2.584600e-04	9.800000e+00
1218.130923	37837.837838	2.590000e-04	9.800000e+00
1219.155835	37750.385208	2.596000e-04	9.800000e+00
1220.179840	37673.470957	2.601300e-04	9.800000e+00
1221.202979	37573.805690	2.608200e-04	9.800000e+00
1222.228298	37481.832785	2.614600e-04	9.800000e+00
1223.252973	37394.589232	2.620700e-04	9.800000e+00
1224.276886	37317.695442	2.626100e-04	9.800000e+00
1225.301138	37235.457274	2.631900e-04	9.800000e+00
1226.325598	37149.355572	2.638000e-04	9.800000e+00
1227.349953	37065.052950	2.644000e-04	9.800000e+00
1228.373950	36989.507058	2.649400e-04	9.800000e+00
1229.397948	36886.479976	2.656800e-04	9.800000e+00
1230.422183	36795.073966	2.663400e-04	9.800000e+00
1231.446873	36709.619419	2.669600e-04	9.800000e+00
1232.470974	36612.246423	2.676700e-04	9.800000e+00
1233.495231	36519.470840	2.683500e-04	9.800000e+00
1234.520100	36425.810288	2.690400e-04	9.800000e+00
1235.543926	36335.323125	2.697100e-04	9.800000e+00
1236.567845	36254.670563	2.703100e-04	9.800000e+00
1237.591631	36174.375254	2.709100e-04	9.800000e+00
1238.615436	36074.504896	2.716600e-04	9.800000e+00
1239.639889	35992.360805	2.722800e-04	9.800000e+00
1240.664885	35918.487025	2.728400e-04	9.800000e+00
1241.689040	35831.809872	2.735000e-04	9.800000e+00
1242.714939	35763.812860	2.740200e-04	9.800000e+00
1243.743707	35693.473193	2.745600e-04	9.800000e+00
1244.768143	35602.702899	2.752600e-04	9.800000e+00
1245.794423	35518.828604	2.759100e-04	9.800000e+00
1246.820044	35450.730719	2.764400e-04	9.800000e+00
1247.844129	35371.399697	2.770600e-04	9.800000e+00
1248.869752	35292.422933	2.776800e-04	9.800000e+00
1249.895839	35191.037058	2.784800e-04	9.800000e+00
1250.920097	35105.315948	2.791600e-04	9.800000e+00
1251.944780	35028.773635	2.797700e-04	9.800000e+00
1252.969161	34960.045662	2.803200e-04	9.800000e+00
1253.993896	34859.317753	2.811300e-04	9.800000e+00
1255.017409	34764.100745	2.819000e-04	9.800000e+00
1256.041775	34684.126703	2.825500e-04	9.800000e+00
1257.065532	34599.632820	2.832400e-04	9.800000e+00
1258.090730	34513.118507	2.839500e-04	9.800000e+00
1259.114817	34425.826395	2.846700e-04	9.800000e+00
1260.139137	34342.584805	2.853600e-04	9.800000e+00
1261.163375	34272.924390	2.859400e-04	9.800000e+00
1262.188788	34190.419705	2.866300e-04	9.800000e+00
1263.213824	34102.376727	2.873700e-04	9.800000e+00
1264.237366	34011.244534	2.881400e-04	9.800000e+00
1265.261188	33922.946450	2.888900e-04	9.800000e+00
1266.289201	33839.779006	2.896000e-04	9.800000e+00
1267.315331	33763.996555	2.902500e-04	9.800000e+00
1268.338218	33673.504450	2.910300e-04	9.800000e+00
1269.361918	33595.008742	2.917100e-04	9.800000e+00
1270.386272	33518.024489	2.923800e-04	9.800000e+00
1271.410092	33441.392254	2.930500e-04	9.800000e+00
1272.434325	33363.973717	2.937300e-04	9.800000e+00
1273.458105	33293.697979	2.943500e-04	9.800000e+00
1274.482696	33213.583678	2.950600e-04	9.800000e+00
1275.507033	33152.909337	2.956000e-04	9.800000e+00
1276.532199	33083.519006	2.962200e-04	9.800000e+00
1277.557205	33012.194300	2.968600e-04	9.800000e+00
1278.581630	32942.283774	2.974900e-04	9.800000e+00
1279.607265	32861.645765	2.982200e-04	9.800000e+00
1280.631911	32783.594822	2.989300e-04	9.800000e+00
1281.656818	32699.366033	2.997000e-04	9.800000e+00
1282.681085	32617.740057	3.004500e-04	9.800000e+00
1283.706476	32539.761596	3.011700e-04	9.800000e+00
1284.731122	32454.629752	3.019600e-04	9.800000e+00
1285.754827	32381.707639	3.026400e-04	9.800000e+00
1286.780771	32308.047341	3.033300e-04	9.800000e+00
1287.806775	32244.266772	3.039300e-04	9.800000e+00
1288.831140	32158.561397	3.047400e-04	9.800000e+00
1289.855880	32083.810771	3.054500e-04	9.800000e+00
1290.879087	32019.865386	3.060600e-04	9.800000e+00
1291.903586	31936.387929	3.068600e-04	9.800000e+00
1292.927240	31854.379977	3.076500e-04	9.800000e+00
1293.951257	31777.943513	3.083900e-04	9.800000e+00
1294.975211	31698.796740	3.091600e-04	9.800000e+00
1295.999622	31625.145218	3.098800e-04	9.800000e+00
1297.024015	31546.756800	3.106500e-04	9.800000e+00
1298.049147	31475.831058	3.113500e-04	9.800000e+00
1299.074095	31396.168386	3.121400e-04	9.800000e+00
1300.099054	31322.913670	3.128700e-04	9.800000e+00
1301.125429	31250.000000	3.136000e-04	9.800000e+00
1302.150032	31175.441387	3.143500e-04	9.800000e+00
1303.173225	31110.123488	3.150100e-04	9.800000e+00
1304.197153	31035.247174	3.157700e-04	9.800000e+00
1305.221663	30975.409318	3.163800e-04	9.800000e+00
1306.245978	30884.623869	3.173100e-04	9.800000e+00
1307.269098	30801.144042	3.181700e-04	9.800000e+00
1308.292874	30730.636563	3.189000e-04	9.800000e+00
1309.318030	30656.614634	3.196700e-04	9.800000e+00
1310.342212	30581.039755	3.204600e-04	9.800000e+00
1311.366469	30509.635441	3.212100e-04	9.800000e+00
1312.389918	30433.837458	3.220100e-04	9.800000e+00
1313.415740	30362.177402	3.227700e-04	9.800000e+00
1314.440261	30287.109435	3.235700e-04	9.800000e+00
1315.464260	30215.206265	3.243400e-04	9.800000e+00
1316.488231	30130.668716	3.252500e-04	9.800000e+00
1317.512769	30057.661637	3.260400e-04	9.800000e+00
1318.553039	29996.939088	3.267000e-04	9.800000e+00
1319.577693	29928.233318	3.274500e-04	9.800000e+00
1320.601350	29851.655548	3.282900e-04	9.800000e+00
1321.625407	29797.196631	3.288900e-04	9.800000e+00
1322.649591	29729.401772	3.296400e-04	9.800000e+00
1323.673857	29666.404311	3.303400e-04	9.800000e+00
1324.697865	29618.883549	3.308700e-04	9.800000e+00
1325.722846	29545.660104	3.316900e-04	9.800000e+00
1326.747310	29455.081001	3.327100e-04	9.800000e+00
1327.771613	29402.940294	3.333000e-04	9.800000e+00
1328.795240	29332.535169	3.341000e-04	9.800000e+00
1329.819350	29261.592667	3.349100e-04	9.800000e+00
1330.843389	29177.087055	3.358800e-04	9.800000e+00
1331.868558	29097.387173	3.368000e-04	9.800000e+00
1332.893388	29022.418337	3.376700e-04	9.800000e+00
1333.920129	28946.124764	3.385600e-04	9.800000e+00
1334.945027	28870.231256	3.394500e-04	9.800000e+00
1335.968455	28795.580760	3.403300e-04	9.800000e+00
1336.993206	28720.473595	3.412200e-04	9.800000e+00
1338.017541	28643.245455	3.421400e-04	9.800000e+00
1339.043116	28568.929831	3.430300e-04	9.800000e+00
1340.067129	28496.656005	3.439000e-04	9.800000e+00
1341.091547	28421.449494	3.448100e-04	9.800000e+00
1342.116242	28352.379575	3.456500e-04	9.800000e+00
1343.141114	28282.828283	3.465000e-04	9.800000e+00
1344.164583	28216.866776	3.473100e-04	9.800000e+00
1345.188494	28138.279545	3.482800e-04	9.800000e+00
1346.213182	28068.969468	3.491400e-04	9.800000e+00
1347.238376	27995.200823	3.500600e-04	9.800000e+00
1348.262304	27925.797168	3.509300e-04	9.800000e+00
1349.286328	27855.944970	3.518100e-04	9.800000e+00
1350.310438	27784.865754	3.527100e-04	9.800000e+00
1351.334376	27710.230165	3.536600e-04	9.800000e+00
1352.358389	27643.010267	3.545200e-04	9.800000e+00
1353.382490	27584.653925	3.552700e-04	9.800000e+00
1354.406282	27509.544128	3.562400e-04	9.800000e+00
1355.431153	27450.980392	3.570000e-04	9.800000e+00
1356.455107	27377.360599	3.579600e-04	9.800000e+00
1357.479130	27310.982917	3.588300e-04	9.800000e+00
1358.502497	27238.111120	3.597900e-04	9.800000e+00
1359.528382	27165.627166	3.607500e-04	9.800000e+00
1360.552303	27096.524456	3.616700e-04	9.800000e+00
1361.576347	27029.263315	3.625700e-04	9.800000e+00
1362.603001	26957.885181	3.635300e-04	9.800000e+00
1363.627505	26886.883042	3.644900e-04	9.800000e+00
1364.651406	26819.923372	3.654000e-04	9.800000e+00
1365.675517	26750.375324	3.663500e-04	9.800000e+00
1366.701556	26681.913474	3.672900e-04	9.800000e+00
1367.727528	26610.187901	3.682800e-04	9.800000e+00
1368.753547	26540.284360	3.692500e-04	9.800000e+00
1369.778466	26473.607434	3.701800e-04	9.800000e+00
1370.802602	26400.862069	3.712000e-04	9.800000e+00
1371.827575	26332.052557	3.721700e-04	9.800000e+00
1372.852375	26269.937006	3.730500e-04	9.800000e+00
1373.876159	26212.319790	3.738700e-04	9.800000e+00
1374.899696	26143.093422	3.748600e-04	9.800000e+00
1375.924127	26099.925429	3.754800e-04	9.800000e+00
1376.948109	26056.899761	3.761000e-04	9.800000e+00
1377.972372	25979.534489	3.772200e-04	9.800000e+00
1378.996409	25910.160484	3.782300e-04	9.800000e+00
1380.020989	25837.749479	3.792900e-04	9.800000e+00
1381.045604	25771.162595	3.802700e-04	9.800000e+00
1382.069534	25702.221406	3.812900e-04	9.800000e+00
1383.093417	25639.013160	3.822300e-04	9.800000e+00
1384.117910	25568.107699	3.832900e-04	9.800000e+00
1385.142499	25500.247196	3.843100e-04	9.800000e+00
1386.166298	25430.766037	3.853600e-04	9.800000e+00
1387.190431	25364.288118	3.863700e-04	9.800000e+00
1388.214906	25295.544887	3.874200e-04	9.800000e+00
1389.240458	25223.926696	3.885200e-04	9.800000e+00
1390.264129	25155.295446	3.895800e-04	9.800000e+00
1391.287552	25094.102886	3.905300e-04	9.800000e+00
1392.311908	25023.619232	3.916300e-04	9.800000e+00
1393.336350	24953.530415	3.927300e-04	9.800000e+00
1394.360289	24885.728796	3.938000e-04	9.800000e+00
1395.384447	24824.581402	3.947700e-04	9.800000e+00
1396.408781	24759.979788	3.958000e-04	9.800000e+00
1397.432544	24701.315723	3.967400e-04	9.800000e+00
1398.456556	24646.027714	3.976300e-04	9.800000e+00
1399.480522	24583.584186	3.986400e-04	9.800000e+00
1400.505706	24520.842716	3.996600e-04	9.800000e+00
1401.531158	24458.420685	4.006800e-04	9.800000e+00
1402.556691	24394.493814	4.017300e-04	9.800000e+00
1403.580566	24333.920989	4.027300e-04	9.800000e+00
1404.605294	24267.036450	4.038400e-04	9.800000e+00
1405.630733	24202.311568	4.049200e-04	9.800000e+00
1406.655457	24142.093464	4.059300e-04	9.800000e+00
1407.679594	24085.133574	4.068900e-04	9.800000e+00
1408.703513	24015.487539	4.080700e-04	9.800000e+00
1409.728357	23957.951351	4.090500e-04	9.800000e+00
1410.752552	23901.856052	4.100100e-04	9.800000e+00
1411.776782	23825.152554	4.113300e-04	9.800000e+00
1412.801132	23763.912801	4.123900e-04	9.800000e+00
1413.824762	23692.099410	4.136400e-04	9.800000e+00
1414.848793	23632.680621	4.146800e-04	9.800000e+00
1415.873240	23563.356576	4.159000e-04	9.800000e+00
1416.897662	23504.580995	4.169400e-04	9.800000e+00
1417.921645	23445.536975	4.179900e-04	9.800000e+00
1418.945689	23383.998664	4.190900e-04	9.800000e+00
1419.970411	23326.668571	4.201200e-04	9.800000e+00
1420.994465	23270.724004	4.211300e-04	9.800000e+00
1422.018636	23202.954825	4.223600e-04	9.800000e+00
1423.042625	23139.403098	4.235200e-04	9.800000e+00
1424.066538	23077.828800	4.246500e-04	9.800000e+00
1425.090398	23016.581333	4.257800e-04	9.800000e+00
1426.114101	22952.969833	4.269600e-04	9.800000e+00
1427.138611	22891.312980	4.281100e-04	9.800000e+00
1428.162488	22837.966955	4.291100e-04	9.800000e+00
1429.186536	22780.631814	4.301900e-04	9.800000e+00
1430.210641	22717.262802	4.313900e-04	9.800000e+00
1431.234620	22654.769060	4.325800e-04	9.800000e+00
1432.258324	22596.264699	4.337000e-04	9.800000e+00
1433.281836	22537.543408	4.348300e-04	9.800000e+00
1434.306250	22478.610914	4.359700e-04	9.800000e+00
1435.330672	22419.985816	4.371100e-04	9.800000e+00
1436.354620	22360.645264	4.382700e-04	9.800000e+00
1437.378643	22299.080732	4.394800e-04	9.800000e+00
1438.402803	22238.863549	4.406700e-04	9.800000e+00
1439.427622	22186.502456	4.417100e-04	9.800000e+00
1440.450671	22136.387251	4.427100e-04	9.800000e+00
1441.473844	22076.049739	4.439200e-04	9.800000e+00
1442.498290	22012.084185	4.452100e-04	9.800000e+00
1443.522603	21952.913241	4.464100e-04	9.800000e+00
1444.546481	21886.236237	4.477700e-04	9.800000e+00
1445.570541	21822.878393	4.490700e-04	9.800000e+00
1446.594917	21761.819110	4.503300e-04	9.800000e+00
1447.620562	21701.581115	4.515800e-04	9.800000e+00
1448.645275	21646.455945	4.527300e-04	9.800000e+00
1449.669133	21586.378555	4.539900e-04	9.800000e+00
1450.693826	21537.988176	4.550100e-04	9.800000e+00
1451.718277	21487.458341	4.560800e-04	9.800000e+00
1452.742396	21439.040931	4.571100e-04	9.800000e+00
1453.766841	21388.973766	4.581800e-04	9.800000e+00
1454.792433	21344.252298	4.591400e-04	9.800000e+00
1455.816647	21294.626366	4.602100e-04	9.800000e+00
1456.841714	21250.298155	4.611700e-04	9.800000e+00
1457.865490	21204.777566	4.621600e-04	9.800000e+00
1458.889686	21167.678251	4.629700e-04	9.800000e+00
1459.915922	21120.689655	4.640000e-04	9.800000e+00
1460.942326	21081.162476	4.648700e-04	9.800000e+00
1461.968594	21043.138434	4.657100e-04	9.800000e+00
1462.992572	21006.151802	4.665300e-04	9.800000e+00
1464.016687	20967.500374	4.673900e-04	9.800000e+00
1465.040557	20931.225972	4.682000e-04	9.800000e+00
1466.065626	20898.195931	4.689400e-04	9.800000e+00
1467.089879	20860.828473	4.697800e-04	9.800000e+00
1468.114650	20827.134781	4.705400e-04	9.800000e+00
1469.140451	20794.432185	4.712800e-04	9.800000e+00
1470.165428	20760.952462	4.720400e-04	9.800000e+00
1471.188860	20727.141981	4.728100e-04	9.800000e+00
1472.214110	20691.693763	4.736200e-04	9.800000e+00
1473.238594	20652.884028	4.745100e-04	9.800000e+00
1474.262668	20617.689136	4.753200e-04	9.800000e+00
1475.286711	20582.181711	4.761400e-04	9.800000e+00
1476.310557	20544.642670	4.770100e-04	9.800000e+00
1477.334638	20508.098606	4.778600e-04	9.800000e+00
1478.358727	20475.533826	4.786200e-04	9.800000e+00
1479.382762	20440.087600	4.794500e-04	9.800000e+00
1480.406603	20407.738281	4.802100e-04	9.800000e+00
1481.432812	20372.526193	4.810400e-04	9.800000e+00
1482.458683	20344.190488	4.817100e-04	9.800000e+00
1483.483466	20310.459887	4.825100e-04	9.800000e+00
1484.507617	20285.655144	4.831000e-04	9.800000e+00
1485.531653	20253.373840	4.838700e-04	9.800000e+00
1486.555659	20220.360665	4.846600e-04	9.800000e+00
1487.581834	20182.881621	4.855600e-04	9.800000e+00
1488.606301	20156.728851	4.861900e-04	9.800000e+00
1489.631000	20126.096153	4.869300e-04	9.800000e+00
1490.657492	20095.144357	4.876800e-04	9.800000e+00
1491.683675	20063.466066	4.884500e-04	9.800000e+00
1492.709699	20034.344591	4.891600e-04	9.800000e+00
1493.734801	20006.532745	4.898400e-04	9.800000e+00
1494.758694	19977.576190	4.905500e-04	9.800000e+00
1495.785362	19951.140065	4.912000e-04	9.800000e+00
1496.810125	19927.204701	4.917900e-04	9.800000e+00
1497.834131	19904.135186	4.923600e-04	9.800000e+00
1498.858442	19878.699365	4.929900e-04	9.800000e+00
1499.883071	19857.753642	4.935100e-04	9.800000e+00
1500.906899	19834.443118	4.940900e-04	9.800000e+00
1501.930716	19806.782813	4.947800e-04	9.800000e+00
1502.954729	19783.192361	4.953700e-04	9.800000e+00
1503.979337	19761.251815	4.959200e-04	9.800000e+00
1505.003704	19738.962295	4.964800e-04	9.800000e+00
1506.027881	19714.343191	4.971000e-04	9.800000e+00
1507.051757	19680.690832	4.979500e-04	9.800000e+00
1508.076250	19656.216780	4.985700e-04	9.800000e+00
1509.100811	19630.230555	4.992300e-04	9.800000e+00
1510.124902	19605.097325	4.998700e-04	9.800000e+00
1511.149025	19580.419580	5.005000e-04	9.800000e+00
1512.173377	19558.535904	5.010600e-04	9.800000e+00
1513.197615	19535.143324	5.016600e-04	9.800000e+00
1514.222450	19515.692210	5.021600e-04	9.800000e+00
1515.245939	19486.588058	5.029100e-04	9.800000e+00
1516.271637	19467.620183	5.034000e-04	9.800000e+00
1517.297562	19449.847180	5.038600e-04	9.800000e+00
1518.321964	19429.794996	5.043800e-04	9.800000e+00
1519.345968	19405.940594	5.050000e-04	9.800000e+00
1520.370522	19397.490202	5.052200e-04	9.800000e+00
1521.396007	19385.211853	5.055400e-04	9.800000e+00
1522.420824	19368.354480	5.059800e-04	9.800000e+00
1523.444841	19350.380097	5.064500e-04	9.800000e+00
1524.468868	19332.439044	5.069200e-04	9.800000e+00
1525.493467	19317.577024	5.073100e-04	9.800000e+00
1526.517910	19303.118044	5.076900e-04	9.800000e+00
1527.541688	19287.162229	5.081100e-04	9.800000e+00
1528.564783	19277.298031	5.083700e-04	9.800000e+00
1529.589316	19264.413910	5.087100e-04	9.800000e+00
1530.614284	19250.790657	5.090700e-04	9.800000e+00
1531.639016	19238.697265	5.093900e-04	9.800000e+00
1532.664616	19225.110348	5.097500e-04	9.800000e+00
1533.689714	19210.789407	5.101300e-04	9.800000e+00
1534.715730	19201.003154	5.103900e-04	9.800000e+00
1535.740080	19192.354393	5.106200e-04	9.800000e+00
1536.764453	19182.962397	5.108700e-04	9.800000e+00
1537.788077	19173.579590	5.111200e-04	9.800000e+00
1538.814368	19166.079950	5.113200e-04	9.800000e+00
1539.840667	19152.595372	5.116800e-04	9.800000e+00
1540.865576	19137.634745	5.120800e-04	9.800000e+00
1541.889151	19122.697471	5.124800e-04	9.800000e+00
1542.913188	19108.901238	5.128500e-04	9.800000e+00
1543.936946	19095.869057	5.132000e-04	9.800000e+00
1544.960654	19082.483059	5.135600e-04	9.800000e+00
1545.983974	19072.084696	5.138400e-04	9.800000e+00
1547.010054	19061.697658	5.141200e-04	9.800000e+00
1548.037600	19053.914802	5.143300e-04	9.800000e+00
1549.062878	19042.807454	5.146300e-04	9.800000e+00
1550.086686	19030.604319	5.149600e-04	9.800000e+00
1551.110278	19016.940601	5.153300e-04	9.800000e+00
1552.135664	19012.882198	5.154400e-04	9.800000e+00
1553.160950	19004.033509	5.156800e-04	9.800000e+00
1554.185202	18994.088574	5.159500e-04	9.800000e+00
1555.209131	18981.947780	5.162800e-04	9.800000e+00
1556.233862	18975.332068	5.164600e-04	9.800000e+00
1557.259002	18965.417142	5.167300e-04	9.800000e+00
1558.285612	18958.446181	5.169200e-04	9.800000e+00
1559.309142	18948.548889	5.171900e-04	9.800000e+00
1560.333111	18939.027925	5.174500e-04	9.800000e+00
1561.357971	18928.785274	5.177300e-04	9.800000e+00
1562.383087	18917.823292	5.180300e-04	9.800000e+00
1563.407626	18909.792571	5.182500e-04	9.800000e+00
1564.431155	18897.759266	5.185800e-04	9.800000e+00
1565.455488	18886.833179	5.188800e-04	9.800000e+00
1566.480019	18875.192604	5.192000e-04	9.800000e+00
1567.503957	18866.108384	5.194500e-04	9.800000e+00
1568.527892	18858.847301	5.196500e-04	9.800000e+00
1569.552407	18849.778804	5.199000e-04	9.800000e+00
1570.577755	18839.270267	5.201900e-04	9.800000e+00
1571.601668	18828.411689	5.204900e-04	9.800000e+00
1572.626962	18825.156556	5.205800e-04	9.800000e+00
1573.651926	18825.156556	5.205800e-04	9.800000e+00
1574.676850	18816.842995	5.208100e-04	9.800000e+00
1575.702017	18823.348635	5.206300e-04	9.800000e+00
1576.726034	18820.095253	5.207200e-04	9.800000e+00
1577.751791	18815.036670	5.208600e-04	9.800000e+00
1578.778011	18812.508398	5.209300e-04	9.800000e+00
1579.802870	18809.258762	5.210200e-04	9.800000e+00
1580.827279	18787.623174	5.216200e-04	9.800000e+00
1581.850981	18785.462352	5.216800e-04	9.800000e+00
1582.874597	18785.462352	5.216800e-04	9.800000e+00
1583.899008	18779.702591	5.218400e-04	9.800000e+00
1584.922865	18762.085272	5.223300e-04	9.800000e+00
1585.946746	18757.057822	5.224700e-04	9.800000e+00
1586.970579	18740.199640	5.229400e-04	9.800000e+00
1587.995155	18732.318985	5.231600e-04	9.800000e+00
1589.019326	18720.868037	5.234800e-04	9.800000e+00
1590.043178	18709.431081	5.238000e-04	9.800000e+00
1591.067229	18697.651346	5.241300e-04	9.800000e+00
1592.091268	18686.242730	5.244500e-04	9.800000e+00
1593.115637	18678.051384	5.246800e-04	9.800000e+00
1594.140224	18672.001524	5.248500e-04	9.800000e+00
1595.164806	18669.867215	5.249100e-04	9.800000e+00
1596.189156	18659.202985	5.252100e-04	9.800000e+00
1597.212423	18654.230513	5.253500e-04	9.800000e+00
1598.236038	18653.165328	5.253800e-04	9.800000e+00
1599.260166	18645.002949	5.256100e-04	9.800000e+00
1600.284871	18639.683506	5.257600e-04	9.800000e+00
1601.308289	18633.658472	5.259300e-04	9.800000e+00
1602.332273	18628.345499	5.260800e-04	9.800000e+00
1603.357091	18619.497274	5.263300e-04	9.800000e+00
1604.382894	18615.606717	5.264400e-04	9.800000e+00
1605.406995	18611.717786	5.265500e-04	9.800000e+00
1606.431086	18600.766807	5.268600e-04	9.800000e+00
1607.455119	18594.061285	5.270500e-04	9.800000e+00
1608.479304	18588.418277	5.272100e-04	9.800000e+00
1609.503910	18582.778694	5.273700e-04	9.800000e+00
1610.528702	18577.494692	5.275200e-04	9.800000e+00
1611.552672	18577.494692	5.275200e-04	9.800000e+00
1612.576090	18573.621667	5.276300e-04	9.800000e+00
1613.600999	18567.639257	5.278000e-04	9.800000e+00
1614.625382	18563.418700	5.279200e-04	9.800000e+00
1615.648971	18563.418700	5.279200e-04	9.800000e+00
1616.672907	18565.880458	5.278500e-04	9.800000e+00
1617.697332	18565.880458	5.278500e-04	9.800000e+00
1618.722110	18566.583938	5.278300e-04	9.800000e+00
1619.746563	18558.497140	5.280600e-04	9.800000e+00
1620.771770	18550.768532	5.282800e-04	9.800000e+00
1621.795989	18543.046358	5.285000e-04	9.800000e+00
1622.821818	18533.227429	5.287800e-04	9.800000e+00
1623.848478	18530.073553	5.288700e-04	9.800000e+00
1624.872926	18521.668462	5.291100e-04	9.800000e+00
1625.897027	18518.168591	5.292100e-04	9.800000e+00
1626.921791	18502.435525	5.296600e-04	9.800000e+00
1627.945556	18490.914923	5.299900e-04	9.800000e+00
1628.969329	18483.242489	5.302100e-04	9.800000e+00
1629.993939	18477.666535	5.303700e-04	9.800000e+00
1631.018337	18472.093944	5.305300e-04	9.800000e+00
1632.042117	18466.872692	5.306800e-04	9.800000e+00
1633.066331	18459.567895	5.308900e-04	9.800000e+00
1634.090150	18458.177161	5.309300e-04	9.800000e+00
1635.115430	18450.531865	5.311500e-04	9.800000e+00
1636.139208	18447.058824	5.312500e-04	9.800000e+00
1637.163062	18440.810643	5.314300e-04	9.800000e+00
1638.186896	18434.566694	5.316100e-04	9.800000e+00
1639.211122	18431.446304	5.317000e-04	9.800000e+00
1640.235180	18426.248002	5.318500e-04	9.800000e+00
1641.259317	18422.784096	5.319500e-04	9.800000e+00
1642.282940	18420.360137	5.320200e-04	9.800000e+00
1643.308355	18417.590678	5.321000e-04	9.800000e+00
1644.332316	18414.476033	5.321900e-04	9.800000e+00
1645.356296	18412.400188	5.322500e-04	9.800000e+00
1646.381911	18409.633122	5.323300e-04	9.800000e+00
1647.406332	18402.027979	5.325500e-04	9.800000e+00
1648.430195	18400.300413	5.326000e-04	9.800000e+00
1649.454138	18396.846255	5.327000e-04	9.800000e+00
1650.478219	18392.702977	5.328200e-04	9.800000e+00
1651.503155	18388.561564	5.329400e-04	9.800000e+00
1652.527038	18385.111811	5.330400e-04	9.800000e+00
1653.551165	18379.250202	5.332100e-04	9.800000e+00
1654.576661	18372.358973	5.334100e-04	9.800000e+00
1655.602312	18367.193943	5.335600e-04	9.800000e+00
1656.626256	18365.128743	5.336200e-04	9.800000e+00
1657.650350	18362.031815	5.337100e-04	9.800000e+00
1658.674839	18356.184910	5.338800e-04	9.800000e+00
1659.699316	18350.341728	5.340500e-04	9.800000e+00
1660.723485	18351.716260	5.340100e-04	9.800000e+00
1661.747068	18345.875922	5.341800e-04	9.800000e+00
1662.771907	18343.815514	5.342400e-04	9.800000e+00
1663.796180	18342.442165	5.342800e-04	9.800000e+00
1664.822567	18339.009693	5.343800e-04	9.800000e+00
1665.846318	18335.235458	5.344900e-04	9.800000e+00
1666.870322	18333.520410	5.345400e-04	9.800000e+00
1667.895624	18331.462776	5.346000e-04	9.800000e+00
1668.920351	18325.978009	5.347600e-04	9.800000e+00
1669.944247	18322.551696	5.348600e-04	9.800000e+00
1670.968428	18319.126664	5.349600e-04	9.800000e+00
1671.993567	18311.596099	5.351800e-04	9.800000e+00
1673.018368	18308.175161	5.352800e-04	9.800000e+00
1674.042164	18303.387994	5.354200e-04	9.800000e+00
1675.066132	18300.995350	5.354900e-04	9.800000e+00
1676.090277	18294.162669	5.356900e-04	9.800000e+00
1677.114846	18292.113859	5.357500e-04	9.800000e+00
1678.139538	18293.479681	5.357100e-04	9.800000e+00
1679.164470	18296.553527	5.356200e-04	9.800000e+00
1680.188822	18296.211937	5.356300e-04	9.800000e+00
1681.213189	18286.652610	5.359100e-04	9.800000e+00
1682.236466	18281.535649	5.360600e-04	9.800000e+00
1683.260224	18281.876691	5.360500e-04	9.800000e+00
1684.285916	18279.489666	5.361200e-04	9.800000e+00
1685.311443	18282.899892	5.360200e-04	9.800000e+00
1686.337087	18288.358900	5.358600e-04	9.800000e+00
1687.361350	18284.605482	5.359700e-04	9.800000e+00
1688.385294	18280.171610	5.361000e-04	9.800000e+00
1689.410030	18273.695202	5.362900e-04	9.800000e+00
1690.434544	18272.673031	5.363200e-04	9.800000e+00
1691.459016	18265.521033	5.365300e-04	9.800000e+00
1692.482424	18260.415890	5.366800e-04	9.800000e+00
1693.506868	18262.797935	5.366100e-04	9.800000e+00
1694.532832	18260.415890	5.366800e-04	9.800000e+00
1695.557495	18252.593545	5.369100e-04	9.800000e+00
1696.582253	18245.117569	5.371300e-04	9.800000e+00
1697.606546	18245.457254	5.371200e-04	9.800000e+00
1698.630427	18251.913657	5.369300e-04	9.800000e+00
1699.654176	18250.214161	5.369800e-04	9.800000e+00
1700.678513	18233.915082	5.374600e-04	9.800000e+00
1701.702895	18226.454397	5.376800e-04	9.800000e+00
1702.727376	18222.048679	5.378100e-04	9.800000e+00
1703.753136	18216.290568	5.379800e-04	9.800000e+00
1704.775958	18216.290568	5.379800e-04	9.800000e+00
1705.799782	18208.844296	5.382000e-04	9.800000e+00
1706.824159	18204.447086	5.383300e-04	9.800000e+00
1707.849197	18197.348386	5.385400e-04	9.800000e+00
1708.872654	18191.943568	5.387000e-04	9.800000e+00
1709.896611	18188.567186	5.388000e-04	9.800000e+00
1710.920643	18190.930522	5.387300e-04	9.800000e+00
1711.944632	18187.216985	5.388400e-04	9.800000e+00
1712.969258	18179.457213	5.390700e-04	9.800000e+00
1713.993006	18177.096858	5.391400e-04	9.800000e+00
1715.016913	18177.096858	5.391400e-04	9.800000e+00
1716.041295	18174.400059	5.392200e-04	9.800000e+00
1717.065243	18170.693268	5.393300e-04	9.800000e+00
1718.090217	18170.356361	5.393400e-04	9.800000e+00
1719.114106	18169.008862	5.393800e-04	9.800000e+00
1720.140233	18166.651219	5.394500e-04	9.800000e+00
1721.164249	18165.640988	5.394800e-04	9.800000e+00
1722.187319	18166.651219	5.394500e-04	9.800000e+00
1723.211753	18166.987988	5.394400e-04	9.800000e+00
1724.236296	18162.947587	5.395600e-04	9.800000e+00
1725.260245	18162.947587	5.395600e-04	9.800000e+00
1726.284408	18161.264617	5.396100e-04	9.800000e+00
1727.309460	18162.274362	5.395800e-04	9.800000e+00
1728.334516	18161.601186	5.396000e-04	9.800000e+00
1729.358389	18159.581959	5.396600e-04	9.800000e+00
1730.383265	18156.890355	5.397400e-04	9.800000e+00
1731.407345	18156.217578	5.397600e-04	9.800000e+00
1732.431353	18155.881209	5.397700e-04	9.800000e+00
1733.454685	18153.190701	5.398500e-04	9.800000e+00
1734.478644	18150.837161	5.399200e-04	9.800000e+00
1735.503270	18151.509539	5.399000e-04	9.800000e+00
1736.527614	18147.476019	5.400200e-04	9.800000e+00
1737.551348	18145.795915	5.400700e-04	9.800000e+00
1738.575698	18144.116122	5.401200e-04	9.800000e+00
1739.600515	18143.108396	5.401500e-04	9.800000e+00
1740.625192	18139.078609	5.402700e-04	9.800000e+00
1741.649383	18138.407152	5.402900e-04	9.800000e+00
1742.673456	18134.379453	5.404100e-04	9.800000e+00
1743.698839	18133.037284	5.404500e-04	9.800000e+00
1744.723634	18133.708343	5.404300e-04	9.800000e+00
1745.750289	18130.688966	5.405200e-04	9.800000e+00
1746.775344	18128.341257	5.405900e-04	9.800000e+00
1747.799445	18124.318026	5.407100e-04	9.800000e+00
1748.824068	18120.631633	5.408200e-04	9.800000e+00
1749.848803	18114.937430	5.409900e-04	9.800000e+00
1750.872830	18114.602588	5.410000e-04	9.800000e+00
1751.895754	18115.607150	5.409700e-04	9.800000e+00
1752.919715	18114.937430	5.409900e-04	9.800000e+00
1753.944177	18114.937430	5.409900e-04	9.800000e+00
1754.967001	18115.607150	5.409700e-04	9.800000e+00
1755.990449	18115.607150	5.409700e-04	9.800000e+00
1757.016312	18117.281668	5.409200e-04	9.800000e+00
1758.041121	18114.937430	5.409900e-04	9.800000e+00
1759.065250	18114.267758	5.410100e-04	9.800000e+00
1760.089436	18109.581447	5.411500e-04	9.800000e+00
1761.114645	18107.908352	5.412000e-04	9.800000e+00
1762.139374	18107.573770	5.412100e-04	9.800000e+00
1763.162797	18105.566538	5.412700e-04	9.800000e+00
1764.186453	18103.559751	5.413300e-04	9.800000e+00
1765.211110	18103.559751	5.413300e-04	9.800000e+00
1766.235835	18097.876270	5.415000e-04	9.800000e+00
1767.259665	18101.219062	5.414000e-04	9.800000e+00
1768.283581	18099.213238	5.414600e-04	9.800000e+00
1769.308754	18095.537050	5.415700e-04	9.800000e+00
1770.333468	18087.855297	5.418000e-04	9.800000e+00
1771.357507	18085.518667	5.418700e-04	9.800000e+00
1772.381455	18084.183721	5.419100e-04	9.800000e+00
1773.405817	18082.181671	5.419700e-04	9.800000e+00
1774.429818	18080.847217	5.420100e-04	9.800000e+00
1775.453669	18084.517439	5.419000e-04	9.800000e+00
1776.477453	18089.524689	5.417500e-04	9.800000e+00
1777.501281	18087.521456	5.418100e-04	9.800000e+00
1778.525394	18098.544729	5.414800e-04	9.800000e+00
1779.549828	18091.528365	5.416900e-04	9.800000e+00
1780.573704	18085.184912	5.418800e-04	9.800000e+00
1781.600434	18078.845906	5.420700e-04	9.800000e+00
1782.626885	18076.511602	5.421400e-04	9.800000e+00
1783.653204	18072.511341	5.422600e-04	9.800000e+00
1784.676901	18072.178066	5.422700e-04	9.800000e+00
1785.700872	18066.514269	5.424400e-04	9.800000e+00
1786.725048	18061.852630	5.425800e-04	9.800000e+00
1787.749951	18055.529967	5.427700e-04	9.800000e+00
1788.773750	18051.871500	5.428800e-04	9.800000e+00
1789.799107	18051.206484	5.429000e-04	9.800000e+00
1790.824522	18049.876598	5.429400e-04	9.800000e+00
1791.848700	18047.217414	5.430200e-04	9.800000e+00
1792.873497	18047.882136	5.430000e-04	9.800000e+00
1793.897626	18045.555822	5.430700e-04	9.800000e+00
1794.921834	18044.226768	5.431100e-04	9.800000e+00
1795.945719	18040.904991	5.432100e-04	9.800000e+00
1796.970853	18041.237113	5.432000e-04	9.800000e+00
1797.994876	18042.233555	5.431700e-04	9.800000e+00
1799.018886	18042.897910	5.431500e-04	9.800000e+00
1800.046548	18041.901395	5.431800e-04	9.800000e+00
1801.071231	18042.897910	5.431500e-04	9.800000e+00
1802.094756	18044.559013	5.431000e-04	9.800000e+00
1803.118890	18042.565726	5.431600e-04	9.800000e+00
1804.142468	18042.897910	5.431500e-04	9.800000e+00
1805.166999	18040.904991	5.432100e-04	9.800000e+00
1806.190583	18039.244561	5.432600e-04	9.800000e+00
1807.214636	18038.248449	5.432900e-04	9.800000e+00
1808.239614	18032.605896	5.434600e-04	9.800000e+00
1809.264542	18028.625041	5.435800e-04	9.800000e+00
1810.288676	18028.956712	5.435700e-04	9.800000e+00
1811.312979	18029.951797	5.435400e-04	9.800000e+00
1812.337315	18023.982932	5.437200e-04	9.800000e+00
1813.360800	18020.337238	5.438300e-04	9.800000e+00
1814.384755	18022.988506	5.437500e-04	9.800000e+00
1815.408936	18014.705882	5.440000e-04	9.800000e+00
1816.435764	18016.693018	5.439400e-04	9.800000e+00
1817.463127	18016.361798	5.439500e-04	9.800000e+00
1818.487752	18015.699395	5.439700e-04	9.800000e+00
1819.511090	18015.699395	5.439700e-04	9.800000e+00
1820.535193	18017.024249	5.439300e-04	9.800000e+00
1821.560163	18015.368212	5.439800e-04	9.800000e+00
1822.584696	18014.374736	5.440100e-04	9.800000e+00
1823.608407	18013.381369	5.440400e-04	9.800000e+00
1824.631962	18016.030590	5.439600e-04	9.800000e+00
1825.656156	18011.726001	5.440900e-04	9.800000e+00
1826.680280	18014.705882	5.440000e-04	9.800000e+00
1827.704900	18012.719185	5.440600e-04	9.800000e+00
1828.731050	18010.732927	5.441200e-04	9.800000e+00
