Time	SourceV	Current	Voltage
1.028099	4527066.075901	2.076400e-06	9.400000e+00
2.075260	3825648.121770	2.457100e-06	9.400000e+00
3.104240	3411359.099982	2.755500e-06	9.400000e+00
4.131266	3091393.429145	3.040700e-06	9.400000e+00
5.158617	2826642.610134	3.325500e-06	9.400000e+00
6.186859	2599701.310913	3.615800e-06	9.400000e+00
7.211037	2406677.249219	3.905800e-06	9.400000e+00
8.235353	2246009.748638	4.185200e-06	9.400000e+00
9.259256	2105734.767025	4.464000e-06	9.400000e+00
10.283110	1990176.151762	4.723200e-06	9.400000e+00
11.307230	1891271.981007	4.970200e-06	9.400000e+00
12.331123	1807622.783739	5.200200e-06	9.400000e+00
13.356235	1735566.182308	5.416100e-06	9.400000e+00
14.398386	1677762.507363	5.602700e-06	9.400000e+00
15.422413	1626663.436413	5.778700e-06	9.400000e+00
16.447200	1586685.346792	5.924300e-06	9.400000e+00
17.471267	1552641.141687	6.054200e-06	9.400000e+00
18.495356	1520100.908826	6.183800e-06	9.400000e+00
19.520029	1493580.780475	6.293600e-06	9.400000e+00
20.544983	1470795.324748	6.391100e-06	9.400000e+00
21.568471	1453061.476867	6.469100e-06	9.400000e+00
22.593102	1438408.569243	6.535000e-06	9.400000e+00
23.618217	1428137.344272	6.582000e-06	9.400000e+00
24.642389	1415875.884922	6.639000e-06	9.400000e+00
25.666255	1406322.466749	6.684100e-06	9.400000e+00
26.690106	1397707.165480	6.725300e-06	9.400000e+00
27.714588	1390059.595108	6.762300e-06	9.400000e+00
28.739266	1384307.257304	6.790400e-06	9.400000e+00
29.763342	1379209.155601	6.815500e-06	9.400000e+00
30.787190	1375978.921174	6.831500e-06	9.400000e+00
31.812099	1374369.471453	6.839500e-06	9.400000e+00
32.836450	1368745.995690	6.867600e-06	9.400000e+00
33.860312	1365782.782419	6.882500e-06	9.400000e+00
34.884285	1362792.855486	6.897600e-06	9.400000e+00
35.909004	1360938.178659	6.907000e-06	9.400000e+00
36.933433	1359324.386858	6.915200e-06	9.400000e+00
37.958273	1359756.979604	6.913000e-06	9.400000e+00
38.982503	1363484.718818	6.894100e-06	9.400000e+00
40.006529	1369882.977018	6.861900e-06	9.400000e+00
41.031115	1376442.335852	6.829200e-06	9.400000e+00
42.057080	1369683.370004	6.862900e-06	9.400000e+00
43.081016	1365286.855483	6.885000e-06	9.400000e+00
44.105026	1370542.093139	6.858600e-06	9.400000e+00
45.129220	1382088.718333	6.801300e-06	9.400000e+00
46.154056	1393934.900274	6.743500e-06	9.400000e+00
47.177287	1391417.617715	6.755700e-06	9.400000e+00
48.201319	1390985.231880	6.757800e-06	9.400000e+00
49.225498	1383288.695294	6.795400e-06	9.400000e+00
50.250288	1387474.353865	6.774900e-06	9.400000e+00
51.275411	1385368.154218	6.785200e-06	9.400000e+00
52.299364	1379573.506318	6.813700e-06	9.400000e+00
53.325106	1368686.206846	6.867900e-06	9.400000e+00
54.350436	1360583.603520	6.908800e-06	9.400000e+00
55.374452	1352712.620521	6.949000e-06	9.400000e+00
56.398492	1353121.536225	6.946900e-06	9.400000e+00
57.422568	1348520.930766	6.970600e-06	9.400000e+00
58.447091	1343452.100216	6.996900e-06	9.400000e+00
59.471722	1343413.699961	6.997100e-06	9.400000e+00
60.495579	1346917.135938	6.978900e-06	9.400000e+00
61.520857	1343682.547851	6.995700e-06	9.400000e+00
62.545161	1345182.386697	6.987900e-06	9.400000e+00
63.568527	1347766.865008	6.974500e-06	9.400000e+00
64.593273	1344893.696168	6.989400e-06	9.400000e+00
65.617819	1338802.483906	7.021200e-06	9.400000e+00
66.643851	1332898.487018	7.052300e-06	9.400000e+00
67.670397	1328077.537123	7.077900e-06	9.400000e+00
68.694372	1324186.118585	7.098700e-06	9.400000e+00
69.718312	1325792.301942	7.090100e-06	9.400000e+00
70.743462	1324391.343553	7.097600e-06	9.400000e+00
71.768350	1318391.562294	7.129900e-06	9.400000e+00
72.792142	1318465.530542	7.129500e-06	9.400000e+00
73.815443	1321059.658492	7.115500e-06	9.400000e+00
74.840165	1317615.396476	7.134100e-06	9.400000e+00
75.864315	1312702.491342	7.160800e-06	9.400000e+00
76.888291	1307062.307938	7.191700e-06	9.400000e+00
77.911623	1303112.220143	7.213500e-06	9.400000e+00
78.936061	1303365.177965	7.212100e-06	9.400000e+00
79.960345	1296873.706575	7.248200e-06	9.400000e+00
80.984129	1295140.467628	7.257900e-06	9.400000e+00
82.007487	1289384.524642	7.290300e-06	9.400000e+00
83.042220	1281981.343080	7.332400e-06	9.400000e+00
84.065674	1277208.619799	7.359800e-06	9.400000e+00
85.090339	1270751.095009	7.397200e-06	9.400000e+00
86.114419	1265822.784810	7.426000e-06	9.400000e+00
87.138504	1258670.094534	7.468200e-06	9.400000e+00
88.163285	1255727.587266	7.485700e-06	9.400000e+00
89.188183	1251614.449489	7.510300e-06	9.400000e+00
90.210627	1244324.424500	7.554300e-06	9.400000e+00
91.234437	1241448.532713	7.571800e-06	9.400000e+00
92.258256	1238945.051469	7.587100e-06	9.400000e+00
93.282513	1238243.275285	7.591400e-06	9.400000e+00
94.305556	1236028.928337	7.605000e-06	9.400000e+00
95.329482	1232463.616101	7.627000e-06	9.400000e+00
96.353254	1230688.661953	7.638000e-06	9.400000e+00
97.378206	1232932.411694	7.624100e-06	9.400000e+00
98.403197	1232092.066114	7.629300e-06	9.400000e+00
99.426590	1231107.735024	7.635400e-06	9.400000e+00
100.450946	1229787.011356	7.643600e-06	9.400000e+00
101.475589	1226721.651637	7.662700e-06	9.400000e+00
102.500571	1223321.186882	7.684000e-06	9.400000e+00
103.525396	1224133.664978	7.678900e-06	9.400000e+00
104.549919	1217553.494638	7.720400e-06	9.400000e+00
105.573654	1213028.441646	7.749200e-06	9.400000e+00
106.598322	1205174.557996	7.799700e-06	9.400000e+00
107.622764	1198032.168438	7.846200e-06	9.400000e+00
108.646882	1193923.690494	7.873200e-06	9.400000e+00
109.670615	1189873.417722	7.900000e-06	9.400000e+00
110.694563	1187453.417718	7.916100e-06	9.400000e+00
111.717811	1185028.302006	7.932300e-06	9.400000e+00
112.742078	1181334.908447	7.957100e-06	9.400000e+00
113.765729	1176279.203634	7.991300e-06	9.400000e+00
114.789317	1173079.083002	8.013100e-06	9.400000e+00
115.812560	1170493.599641	8.030800e-06	9.400000e+00
116.837039	1169328.755536	8.038800e-06	9.400000e+00
117.861326	1166774.241597	8.056400e-06	9.400000e+00
118.885353	1165125.560872	8.067800e-06	9.400000e+00
119.910251	1164230.864503	8.074000e-06	9.400000e+00
120.934350	1166455.711910	8.058600e-06	9.400000e+00
121.958822	1164620.321386	8.071300e-06	9.400000e+00
122.982563	1162186.889543	8.088200e-06	9.400000e+00
124.006602	1157421.658561	8.121500e-06	9.400000e+00
125.031037	1151974.901653	8.159900e-06	9.400000e+00
126.055514	1148105.625718	8.187400e-06	9.400000e+00
127.080556	1147488.952367	8.191800e-06	9.400000e+00
128.104539	1143900.212960	8.217500e-06	9.400000e+00
129.128769	1145754.613491	8.204200e-06	9.400000e+00
130.153411	1145224.171540	8.208000e-06	9.400000e+00
131.177544	1149889.292573	8.174700e-06	9.400000e+00
132.201464	1144875.464344	8.210500e-06	9.400000e+00
133.225514	1140154.042089	8.244500e-06	9.400000e+00
134.249653	1135841.852147	8.275800e-06	9.400000e+00
135.272891	1132803.085081	8.298000e-06	9.400000e+00
136.296770	1129590.463372	8.321600e-06	9.400000e+00
137.321158	1127233.481233	8.339000e-06	9.400000e+00
138.344759	1129291.909945	8.323800e-06	9.400000e+00
139.370364	1128248.214607	8.331500e-06	9.400000e+00
140.394725	1128708.829145	8.328100e-06	9.400000e+00
141.419361	1122508.687501	8.374100e-06	9.400000e+00
142.442820	1118648.101868	8.403000e-06	9.400000e+00
143.467581	1114219.335261	8.436400e-06	9.400000e+00
144.491567	1110769.739796	8.462600e-06	9.400000e+00
145.515523	1107289.261650	8.489200e-06	9.400000e+00
146.539592	1101192.568122	8.536200e-06	9.400000e+00
147.564430	1098888.252417	8.554100e-06	9.400000e+00
148.587690	1097323.231734	8.566300e-06	9.400000e+00
149.611657	1095060.577819	8.584000e-06	9.400000e+00
150.635839	1095711.571414	8.578900e-06	9.400000e+00
151.660534	1092350.063333	8.605300e-06	9.400000e+00
152.684699	1084911.648950	8.664300e-06	9.400000e+00
153.708811	1080583.975170	8.699000e-06	9.400000e+00
154.734083	1074408.503829	8.749000e-06	9.400000e+00
155.759379	1071811.361200	8.770200e-06	9.400000e+00
156.782923	1071200.656395	8.775200e-06	9.400000e+00
157.806741	1066896.692620	8.810600e-06	9.400000e+00
158.831525	1065928.832241	8.818600e-06	9.400000e+00
159.857180	1064685.294884	8.828900e-06	9.400000e+00
160.883717	1061079.818036	8.858900e-06	9.400000e+00
161.907955	1055136.494253	8.908800e-06	9.400000e+00
162.931936	1052395.879982	8.932000e-06	9.400000e+00
163.959233	1051489.423582	8.939700e-06	9.400000e+00
164.984690	1053398.330252	8.923500e-06	9.400000e+00
166.008544	1056072.981384	8.900900e-06	9.400000e+00
167.032574	1057439.197246	8.889400e-06	9.400000e+00
168.056844	1054804.973293	8.911600e-06	9.400000e+00
169.081481	1047902.522770	8.970300e-06	9.400000e+00
170.104987	1044038.429500	9.003500e-06	9.400000e+00
171.129564	1057248.903385	8.891000e-06	9.400000e+00
172.153880	1058379.778191	8.881500e-06	9.400000e+00
173.177882	1060265.968846	8.865700e-06	9.400000e+00
174.201743	1050678.470033	8.946600e-06	9.400000e+00
175.225841	1049974.309139	8.952600e-06	9.400000e+00
176.249672	1040502.097608	9.034100e-06	9.400000e+00
177.273557	1037104.052429	9.063700e-06	9.400000e+00
178.296722	1032173.053695	9.107000e-06	9.400000e+00
179.320698	1029381.166705	9.131700e-06	9.400000e+00
180.345553	1023051.304935	9.188200e-06	9.400000e+00
181.370595	1017249.962124	9.240600e-06	9.400000e+00
182.394761	1013815.938481	9.271900e-06	9.400000e+00
183.418641	1010209.564750	9.305000e-06	9.400000e+00
184.443198	1008064.516129	9.324800e-06	9.400000e+00
185.467767	1006337.786913	9.340800e-06	9.400000e+00
186.491780	1008930.104757	9.316800e-06	9.400000e+00
187.515696	1010405.021928	9.303200e-06	9.400000e+00
188.539662	1008670.272126	9.319200e-06	9.400000e+00
189.563981	1002570.419906	9.375900e-06	9.400000e+00
190.587866	999585.278448	9.403900e-06	9.400000e+00
191.611840	997696.806309	9.421700e-06	9.400000e+00
192.636388	993983.229177	9.456900e-06	9.400000e+00
193.660821	991278.855178	9.482700e-06	9.400000e+00
194.684880	988287.738924	9.511400e-06	9.400000e+00
195.708787	984808.800419	9.545000e-06	9.400000e+00
196.733322	981518.220737	9.577000e-06	9.400000e+00
197.757534	978606.006975	9.605500e-06	9.400000e+00
198.780974	975134.080936	9.639700e-06	9.400000e+00
199.804821	971295.129058	9.677800e-06	9.400000e+00
200.828480	967416.586049	9.716600e-06	9.400000e+00
201.852800	965032.954849	9.740600e-06	9.400000e+00
202.876604	963746.719160	9.753600e-06	9.400000e+00
203.900872	961538.461538	9.776000e-06	9.400000e+00
204.925122	959947.713486	9.792200e-06	9.400000e+00
205.949714	957961.783439	9.812500e-06	9.400000e+00
206.973908	959732.091808	9.794400e-06	9.400000e+00
207.997903	960497.006110	9.786600e-06	9.400000e+00
209.022309	963628.162546	9.754800e-06	9.400000e+00
210.046582	959830.089652	9.793400e-06	9.400000e+00
211.070916	956120.186342	9.831400e-06	9.400000e+00
212.094723	952130.137958	9.872600e-06	9.400000e+00
213.118724	948670.851583	9.908600e-06	9.400000e+00
214.143600	947189.165768	9.924100e-06	9.400000e+00
215.166985	945179.584121	9.945200e-06	9.400000e+00
216.190972	943614.041780	9.961700e-06	9.400000e+00
217.215162	941978.154124	9.979000e-06	9.400000e+00
218.239665	940846.762086	9.991000e-06	9.400000e+00
219.263082	939624.150340	1.000400e-05	9.400000e+00
220.287045	937001.594896	1.003200e-05	9.400000e+00
221.311412	935975.306183	1.004300e-05	9.400000e+00
222.335993	937188.434696	1.003000e-05	9.400000e+00
223.359778	935882.118678	1.004400e-05	9.400000e+00
224.383851	933743.915764	1.006700e-05	9.400000e+00
225.408216	930324.623911	1.010400e-05	9.400000e+00
226.432734	928120.063191	1.012800e-05	9.400000e+00
227.456552	924559.850497	1.016700e-05	9.400000e+00
228.480907	921839.756791	1.019700e-05	9.400000e+00
229.504731	920575.849574	1.021100e-05	9.400000e+00
230.529203	918776.268204	1.023100e-05	9.400000e+00
231.552687	916447.304280	1.025700e-05	9.400000e+00
232.577088	914130.117670	1.028300e-05	9.400000e+00
233.601742	913952.357803	1.028500e-05	9.400000e+00
234.625814	918148.075796	1.023800e-05	9.400000e+00
235.650003	917252.146760	1.024800e-05	9.400000e+00
236.674941	915198.130659	1.027100e-05	9.400000e+00
237.698905	912090.044634	1.030600e-05	9.400000e+00
238.724676	909002.997776	1.034100e-05	9.400000e+00
239.749187	907949.386651	1.035300e-05	9.400000e+00
240.773108	911029.269238	1.031800e-05	9.400000e+00
241.797009	904803.157185	1.038900e-05	9.400000e+00
242.822009	902024.757701	1.042100e-05	9.400000e+00
243.846730	902284.507583	1.041800e-05	9.400000e+00
244.870116	901592.173413	1.042600e-05	9.400000e+00
245.893937	897460.378079	1.047400e-05	9.400000e+00
246.918547	897546.070849	1.047300e-05	9.400000e+00
247.943089	899865.977408	1.044600e-05	9.400000e+00
248.966814	896604.349485	1.048400e-05	9.400000e+00
249.990720	889982.957773	1.056200e-05	9.400000e+00
251.015609	885289.131663	1.061800e-05	9.400000e+00
252.040816	880809.595202	1.067200e-05	9.400000e+00
253.065144	879408.737955	1.068900e-05	9.400000e+00
254.089129	876293.465088	1.072700e-05	9.400000e+00
255.113120	874499.953484	1.074900e-05	9.400000e+00
256.137185	873362.445415	1.076300e-05	9.400000e+00
257.160938	872227.892735	1.077700e-05	9.400000e+00
258.184941	872956.909361	1.076800e-05	9.400000e+00
259.209411	871742.557730	1.078300e-05	9.400000e+00
260.237684	870773.506253	1.079500e-05	9.400000e+00
261.261924	869163.199260	1.081500e-05	9.400000e+00
262.285812	866599.059648	1.084700e-05	9.400000e+00
263.310253	864129.435558	1.087800e-05	9.400000e+00
264.334095	862622.740204	1.089700e-05	9.400000e+00
265.358198	860963.546437	1.091800e-05	9.400000e+00
266.382130	858212.361910	1.095300e-05	9.400000e+00
267.406083	856179.979962	1.097900e-05	9.400000e+00
268.430073	854623.147559	1.099900e-05	9.400000e+00
269.455024	852298.485810	1.102900e-05	9.400000e+00
270.479101	851295.055244	1.104200e-05	9.400000e+00
271.503985	850678.733032	1.105000e-05	9.400000e+00
272.530878	849525.530953	1.106500e-05	9.400000e+00
273.556843	848222.342537	1.108200e-05	9.400000e+00
274.580863	847304.849468	1.109400e-05	9.400000e+00
275.604927	845323.741007	1.112000e-05	9.400000e+00
276.629121	844185.002245	1.113500e-05	9.400000e+00
277.654622	841012.794131	1.117700e-05	9.400000e+00
278.681725	839660.562751	1.119500e-05	9.400000e+00
279.708089	838611.829780	1.120900e-05	9.400000e+00
280.732788	839660.562751	1.119500e-05	9.400000e+00
281.755968	843276.217816	1.114700e-05	9.400000e+00
282.780214	849218.538260	1.106900e-05	9.400000e+00
283.804666	847304.849468	1.109400e-05	9.400000e+00
284.828220	841389.187254	1.117200e-05	9.400000e+00
285.852115	837043.633126	1.123000e-05	9.400000e+00
286.877256	836969.103375	1.123100e-05	9.400000e+00
287.902894	833924.769340	1.127200e-05	9.400000e+00
288.926301	830462.054952	1.131900e-05	9.400000e+00
289.951832	826737.027265	1.137000e-05	9.400000e+00
290.975926	823694.356817	1.141200e-05	9.400000e+00
292.000068	821750.152985	1.143900e-05	9.400000e+00
293.023922	817604.592502	1.149700e-05	9.400000e+00
294.047647	816113.908665	1.151800e-05	9.400000e+00
295.071087	814840.499307	1.153600e-05	9.400000e+00
296.094829	813359.868478	1.155700e-05	9.400000e+00
297.118078	814487.479421	1.154100e-05	9.400000e+00
298.143245	813008.130081	1.156200e-05	9.400000e+00
299.167221	810834.124040	1.159300e-05	9.400000e+00
300.190958	808950.086059	1.162000e-05	9.400000e+00
301.214151	807976.620251	1.163400e-05	9.400000e+00
302.238629	806659.229383	1.165300e-05	9.400000e+00
303.263050	804587.862706	1.168300e-05	9.400000e+00
304.286909	803487.477562	1.169900e-05	9.400000e+00
305.311322	800340.570456	1.174500e-05	9.400000e+00
306.335812	798030.393072	1.177900e-05	9.400000e+00
307.360361	796205.319329	1.180600e-05	9.400000e+00
308.384340	793918.918919	1.184000e-05	9.400000e+00
309.408294	792513.278813	1.186100e-05	9.400000e+00
310.432986	790979.468193	1.188400e-05	9.400000e+00
311.457271	791179.193671	1.188100e-05	9.400000e+00
312.481249	792112.581107	1.186700e-05	9.400000e+00
313.505204	791445.651259	1.187700e-05	9.400000e+00
314.530132	792780.635911	1.185700e-05	9.400000e+00
315.554174	794590.025359	1.183000e-05	9.400000e+00
316.578266	794388.574326	1.183300e-05	9.400000e+00
317.601452	795262.267343	1.182000e-05	9.400000e+00
318.625292	798504.926945	1.177200e-05	9.400000e+00
319.649040	798030.393072	1.177900e-05	9.400000e+00
320.672938	793182.009957	1.185100e-05	9.400000e+00
321.696431	788193.862150	1.192600e-05	9.400000e+00
322.721679	783986.655546	1.199000e-05	9.400000e+00
323.745483	779436.152570	1.206000e-05	9.400000e+00
324.769429	780212.483400	1.204800e-05	9.400000e+00
325.793296	778338.991471	1.207700e-05	9.400000e+00
326.817373	776153.909669	1.211100e-05	9.400000e+00
327.842303	774299.835255	1.214000e-05	9.400000e+00
328.884901	769734.687193	1.221200e-05	9.400000e+00
329.911053	765971.316819	1.227200e-05	9.400000e+00
330.936164	763730.906727	1.230800e-05	9.400000e+00
331.959897	760210.270926	1.236500e-05	9.400000e+00
332.983701	758186.804323	1.239800e-05	9.400000e+00
334.008575	756843.800322	1.242000e-05	9.400000e+00
335.033244	754838.191600	1.245300e-05	9.400000e+00
336.058018	754293.050875	1.246200e-05	9.400000e+00
337.082495	752541.830118	1.249100e-05	9.400000e+00
338.107287	751218.732518	1.251300e-05	9.400000e+00
339.130982	749780.649278	1.253700e-05	9.400000e+00
340.156117	749481.741349	1.254200e-05	9.400000e+00
341.180180	748526.835483	1.255800e-05	9.400000e+00
342.204401	747336.619494	1.257800e-05	9.400000e+00
343.228373	744436.524907	1.262700e-05	9.400000e+00
344.252453	742848.111269	1.265400e-05	9.400000e+00
345.276983	740915.898163	1.268700e-05	9.400000e+00
346.300939	739342.457134	1.271400e-05	9.400000e+00
347.325205	743200.506009	1.264800e-05	9.400000e+00
348.349397	742496.050553	1.266000e-05	9.400000e+00
349.373352	741383.389857	1.267900e-05	9.400000e+00
350.397491	738355.195978	1.273100e-05	9.400000e+00
351.421465	737891.514248	1.273900e-05	9.400000e+00
352.445407	735179.102143	1.278600e-05	9.400000e+00
353.468988	732087.227414	1.284000e-05	9.400000e+00
354.494148	729417.242182	1.288700e-05	9.400000e+00
355.518264	728795.162041	1.289800e-05	9.400000e+00
356.542505	726149.092314	1.294500e-05	9.400000e+00
357.566551	724135.274632	1.298100e-05	9.400000e+00
358.590527	722410.083000	1.301200e-05	9.400000e+00
359.614454	720251.321738	1.305100e-05	9.400000e+00
360.639201	717721.615637	1.309700e-05	9.400000e+00
361.663211	715645.222687	1.313500e-05	9.400000e+00
362.688063	714448.582504	1.315700e-05	9.400000e+00
363.711354	713797.554864	1.316900e-05	9.400000e+00
364.735299	712013.331313	1.320200e-05	9.400000e+00
365.759474	710506.424792	1.323000e-05	9.400000e+00
366.783049	709219.858156	1.325400e-05	9.400000e+00
367.807027	709433.962264	1.325000e-05	9.400000e+00
368.831633	707831.325301	1.328000e-05	9.400000e+00
369.855275	706395.130383	1.330700e-05	9.400000e+00
370.879156	704225.352113	1.334800e-05	9.400000e+00
371.903189	704806.178301	1.333700e-05	9.400000e+00
372.928142	703645.482446	1.335900e-05	9.400000e+00
373.951489	702593.616862	1.337900e-05	9.400000e+00
374.977287	700551.497988	1.341800e-05	9.400000e+00
376.004558	698988.697204	1.344800e-05	9.400000e+00
377.032883	696399.466588	1.349800e-05	9.400000e+00
378.058552	694034.258712	1.354400e-05	9.400000e+00
379.082494	692347.352140	1.357700e-05	9.400000e+00
380.106426	691430.673042	1.359500e-05	9.400000e+00
381.131733	690110.858234	1.362100e-05	9.400000e+00
382.156439	688998.020963	1.364300e-05	9.400000e+00
383.180282	687536.571094	1.367200e-05	9.400000e+00
384.204613	686131.386861	1.370000e-05	9.400000e+00
385.228709	685131.195335	1.372000e-05	9.400000e+00
386.253243	684183.710605	1.373900e-05	9.400000e+00
387.277205	683089.891723	1.376100e-05	9.400000e+00
388.300553	682098.541470	1.378100e-05	9.400000e+00
389.325465	680518.352277	1.381300e-05	9.400000e+00
390.349629	679387.106100	1.383600e-05	9.400000e+00
391.374237	678210.678211	1.386000e-05	9.400000e+00
392.398420	676307.648032	1.389900e-05	9.400000e+00
393.423065	675384.394310	1.391800e-05	9.400000e+00
394.447582	673786.825317	1.395100e-05	9.400000e+00
395.471474	672148.730783	1.398500e-05	9.400000e+00
396.495511	670231.729055	1.402500e-05	9.400000e+00
397.519608	669420.310497	1.404200e-05	9.400000e+00
398.544677	667329.263098	1.408600e-05	9.400000e+00
399.568218	665533.843104	1.412400e-05	9.400000e+00
400.591675	664170.140606	1.415300e-05	9.400000e+00
401.615899	663232.907641	1.417300e-05	9.400000e+00
402.640261	661366.354746	1.421300e-05	9.400000e+00
403.664115	659880.659881	1.424500e-05	9.400000e+00
404.687452	659834.339464	1.424600e-05	9.400000e+00
405.711346	658217.211680	1.428100e-05	9.400000e+00
406.735697	655646.230034	1.433700e-05	9.400000e+00
407.760481	655554.780668	1.433900e-05	9.400000e+00
408.784621	655326.268823	1.434400e-05	9.400000e+00
409.809132	654049.540774	1.437200e-05	9.400000e+00
410.834345	656699.734526	1.431400e-05	9.400000e+00
411.857239	657204.782214	1.430300e-05	9.400000e+00
412.881724	657112.897588	1.430500e-05	9.400000e+00
413.906194	655691.964286	1.433600e-05	9.400000e+00
414.930595	654459.374782	1.436300e-05	9.400000e+00
415.953732	649036.801768	1.448300e-05	9.400000e+00
416.977544	646581.372954	1.453800e-05	9.400000e+00
418.001979	644056.183625	1.459500e-05	9.400000e+00
419.025564	643527.076059	1.460700e-05	9.400000e+00
420.049404	641288.033838	1.465800e-05	9.400000e+00
421.073303	638977.635783	1.471100e-05	9.400000e+00
422.097809	642471.464698	1.463100e-05	9.400000e+00
423.121673	642998.837130	1.461900e-05	9.400000e+00
424.145667	640239.749353	1.468200e-05	9.400000e+00
425.170642	636295.945306	1.477300e-05	9.400000e+00
426.195007	634278.002699	1.482000e-05	9.400000e+00
427.217510	634706.279541	1.481000e-05	9.400000e+00
428.241371	638110.107936	1.473100e-05	9.400000e+00
429.266435	636209.813875	1.477500e-05	9.400000e+00
430.291201	636899.518938	1.475900e-05	9.400000e+00
431.315576	634492.068849	1.481500e-05	9.400000e+00
432.339360	632145.258911	1.487000e-05	9.400000e+00
433.363588	631720.430108	1.488000e-05	9.400000e+00
434.388094	627503.337784	1.498000e-05	9.400000e+00
435.412351	624418.759134	1.505400e-05	9.400000e+00
436.435851	623383.513496	1.507900e-05	9.400000e+00
437.459666	620625.907830	1.514600e-05	9.400000e+00
438.484011	618909.665525	1.518800e-05	9.400000e+00
439.508488	616919.341078	1.523700e-05	9.400000e+00
440.532422	614861.329147	1.528800e-05	9.400000e+00
441.555392	615465.200026	1.527300e-05	9.400000e+00
442.579998	612138.577755	1.535600e-05	9.400000e+00
443.604454	609321.319764	1.542700e-05	9.400000e+00
444.628958	606764.781823	1.549200e-05	9.400000e+00
445.652770	603647.572566	1.557200e-05	9.400000e+00
446.677245	601754.049037	1.562100e-05	9.400000e+00
447.701792	600140.458405	1.566300e-05	9.400000e+00
448.726381	598726.114650	1.570000e-05	9.400000e+00
449.750363	598497.389533	1.570600e-05	9.400000e+00
450.778270	597660.223805	1.572800e-05	9.400000e+00
451.803342	596068.484464	1.577000e-05	9.400000e+00
452.828245	595125.039569	1.579500e-05	9.400000e+00
453.852274	595313.489550	1.579000e-05	9.400000e+00
454.876689	594410.016441	1.581400e-05	9.400000e+00
455.900770	592985.112289	1.585200e-05	9.400000e+00
456.925784	591976.824737	1.587900e-05	9.400000e+00
457.951354	590266.875981	1.592500e-05	9.400000e+00
458.976446	588382.573861	1.597600e-05	9.400000e+00
459.999890	589563.472153	1.594400e-05	9.400000e+00
461.026779	588566.777284	1.597100e-05	9.400000e+00
462.051527	585925.325687	1.604300e-05	9.400000e+00
463.075686	585268.663221	1.606100e-05	9.400000e+00
464.099697	583778.412620	1.610200e-05	9.400000e+00
465.124463	584468.071877	1.608300e-05	9.400000e+00
466.149641	580282.733502	1.619900e-05	9.400000e+00
467.173500	577324.652991	1.628200e-05	9.400000e+00
468.197439	578995.996304	1.623500e-05	9.400000e+00
469.222228	578960.335058	1.623600e-05	9.400000e+00
470.245799	577466.519228	1.627800e-05	9.400000e+00
471.268892	573940.652094	1.637800e-05	9.400000e+00
472.291781	569627.923888	1.650200e-05	9.400000e+00
473.315980	566708.868391	1.658700e-05	9.400000e+00
474.340833	563616.740616	1.667800e-05	9.400000e+00
475.364733	562234.583408	1.671900e-05	9.400000e+00
476.388702	560725.363875	1.676400e-05	9.400000e+00
477.413475	558891.729592	1.681900e-05	9.400000e+00
478.437845	557466.492705	1.686200e-05	9.400000e+00
479.461838	555654.075782	1.691700e-05	9.400000e+00
480.485788	554049.275021	1.696600e-05	9.400000e+00
481.510001	553559.861021	1.698100e-05	9.400000e+00
482.534785	552421.250588	1.701600e-05	9.400000e+00
483.558540	551869.899607	1.703300e-05	9.400000e+00
484.581911	552713.588522	1.700700e-05	9.400000e+00
485.606311	550899.607338	1.706300e-05	9.400000e+00
486.631357	549386.323787	1.711000e-05	9.400000e+00
487.654926	547275.267816	1.717600e-05	9.400000e+00
488.678732	545211.994664	1.724100e-05	9.400000e+00
489.702758	543509.684880	1.729500e-05	9.400000e+00
490.727578	543572.543804	1.729300e-05	9.400000e+00
491.751604	541412.279691	1.736200e-05	9.400000e+00
492.775696	539021.732898	1.743900e-05	9.400000e+00
493.800121	538003.663004	1.747200e-05	9.400000e+00
494.823845	536897.418323	1.750800e-05	9.400000e+00
495.847845	535155.138059	1.756500e-05	9.400000e+00
496.871948	533666.401726	1.761400e-05	9.400000e+00
497.896507	532125.672233	1.766500e-05	9.400000e+00
498.920976	530803.546219	1.770900e-05	9.400000e+00
499.943700	529100.529101	1.776600e-05	9.400000e+00
500.967040	527793.374509	1.781000e-05	9.400000e+00
501.991300	525609.483337	1.788400e-05	9.400000e+00
503.015849	524114.859214	1.793500e-05	9.400000e+00
504.040063	522657.770364	1.798500e-05	9.400000e+00
505.063777	521093.186984	1.803900e-05	9.400000e+00
506.087864	519222.271321	1.810400e-05	9.400000e+00
507.111724	517592.643577	1.816100e-05	9.400000e+00
508.135622	515548.730324	1.823300e-05	9.400000e+00
509.159720	513605.070484	1.830200e-05	9.400000e+00
510.184468	513942.044833	1.829000e-05	9.400000e+00
511.208882	513044.427464	1.832200e-05	9.400000e+00
512.232713	513352.629567	1.831100e-05	9.400000e+00
513.256801	510231.775498	1.842300e-05	9.400000e+00
514.280928	508355.416148	1.849100e-05	9.400000e+00
515.305773	506601.994072	1.855500e-05	9.400000e+00
516.329763	508025.725558	1.850300e-05	9.400000e+00
517.353605	504833.512352	1.862000e-05	9.400000e+00
518.377526	502593.166872	1.870300e-05	9.400000e+00
519.401856	500559.135204	1.877900e-05	9.400000e+00
520.425798	499548.280810	1.881700e-05	9.400000e+00
521.449658	499707.617883	1.881100e-05	9.400000e+00
522.474599	500319.352778	1.878800e-05	9.400000e+00
523.498870	499787.324543	1.880800e-05	9.400000e+00
524.523041	498118.806635	1.887100e-05	9.400000e+00
525.547004	496382.742779	1.893700e-05	9.400000e+00
526.572286	492894.971423	1.907100e-05	9.400000e+00
527.595921	490196.078431	1.917600e-05	9.400000e+00
528.619670	488717.895394	1.923400e-05	9.400000e+00
529.641943	486014.166796	1.934100e-05	9.400000e+00
530.665805	483563.969340	1.943900e-05	9.400000e+00
531.690645	482051.282051	1.950000e-05	9.400000e+00
532.714016	481015.249207	1.954200e-05	9.400000e+00
533.738717	479347.271800	1.961000e-05	9.400000e+00
534.762868	477618.007215	1.968100e-05	9.400000e+00
535.788437	476311.122371	1.973500e-05	9.400000e+00
536.813986	474100.973420	1.982700e-05	9.400000e+00
537.837865	473384.700609	1.985700e-05	9.400000e+00
538.861932	471083.492032	1.995400e-05	9.400000e+00
539.885898	468991.667914	2.004300e-05	9.400000e+00
540.909920	467103.955476	2.012400e-05	9.400000e+00
541.933792	464863.260966	2.022100e-05	9.400000e+00
542.958818	463716.639534	2.027100e-05	9.400000e+00
543.982927	461984.567750	2.034700e-05	9.400000e+00
545.006958	463236.743544	2.029200e-05	9.400000e+00
546.031097	459657.701711	2.045000e-05	9.400000e+00
547.055086	457487.711101	2.054700e-05	9.400000e+00
548.079081	455249.903138	2.064800e-05	9.400000e+00
549.102662	455249.903138	2.064800e-05	9.400000e+00
550.126214	452619.414484	2.076800e-05	9.400000e+00
551.150432	452096.960369	2.079200e-05	9.400000e+00
552.173998	451510.639320	2.081900e-05	9.400000e+00
553.197844	450191.570881	2.088000e-05	9.400000e+00
554.221865	450709.627925	2.085600e-05	9.400000e+00
555.246265	449137.560323	2.092900e-05	9.400000e+00
556.270187	446322.586772	2.106100e-05	9.400000e+00
557.293711	441190.275040	2.130600e-05	9.400000e+00
558.317186	437677.515482	2.147700e-05	9.400000e+00
559.341498	434541.420118	2.163200e-05	9.400000e+00
560.365983	431548.985401	2.178200e-05	9.400000e+00
561.390101	428890.815349	2.191700e-05	9.400000e+00
562.413962	426652.142338	2.203200e-05	9.400000e+00
563.438431	424762.765477	2.213000e-05	9.400000e+00
564.462038	422756.914774	2.223500e-05	9.400000e+00
565.485892	420525.209144	2.235300e-05	9.400000e+00
566.509971	418410.041841	2.246600e-05	9.400000e+00
567.534329	415966.014692	2.259800e-05	9.400000e+00
568.558717	413604.963260	2.272700e-05	9.400000e+00
569.582949	411720.905786	2.283100e-05	9.400000e+00
570.606965	410032.715376	2.292500e-05	9.400000e+00
571.631421	408074.668982	2.303500e-05	9.400000e+00
572.656207	406187.883502	2.314200e-05	9.400000e+00
573.680079	404684.002066	2.322800e-05	9.400000e+00
574.703992	403364.229317	2.330400e-05	9.400000e+00
575.728432	400528.356555	2.346900e-05	9.400000e+00
576.752100	398220.715950	2.360500e-05	9.400000e+00
577.775852	396574.273299	2.370300e-05	9.400000e+00
578.799223	395273.537698	2.378100e-05	9.400000e+00
579.823675	393453.601775	2.389100e-05	9.400000e+00
580.847903	392484.342380	2.395000e-05	9.400000e+00
581.872077	389718.076285	2.412000e-05	9.400000e+00
582.895981	387660.838007	2.424800e-05	9.400000e+00
583.920500	384395.190971	2.445400e-05	9.400000e+00
584.944999	382207.042368	2.459400e-05	9.400000e+00
585.968958	380135.878357	2.472800e-05	9.400000e+00
586.992196	377722.414209	2.488600e-05	9.400000e+00
588.015157	375264.481616	2.504900e-05	9.400000e+00
589.040809	373149.140566	2.519100e-05	9.400000e+00
590.064748	370955.011839	2.534000e-05	9.400000e+00
591.089071	368584.088146	2.550300e-05	9.400000e+00
592.113650	366443.162327	2.565200e-05	9.400000e+00
593.138212	364185.812251	2.581100e-05	9.400000e+00
594.162214	362151.333025	2.595600e-05	9.400000e+00
595.186168	359560.876717	2.614300e-05	9.400000e+00
596.210331	357237.867214	2.631300e-05	9.400000e+00
597.234283	355011.707833	2.647800e-05	9.400000e+00
598.258434	353423.318419	2.659700e-05	9.400000e+00
599.282285	351849.079203	2.671600e-05	9.400000e+00
600.306493	350067.034113	2.685200e-05	9.400000e+00
601.329771	348444.971643	2.697700e-05	9.400000e+00
602.354012	347183.748846	2.707500e-05	9.400000e+00
603.378123	345156.789307	2.723400e-05	9.400000e+00
604.402525	343366.452367	2.737600e-05	9.400000e+00
605.426797	343617.487937	2.735600e-05	9.400000e+00
606.451331	343868.890840	2.733600e-05	9.400000e+00
607.475105	341693.929480	2.751000e-05	9.400000e+00
608.499457	339669.003397	2.767400e-05	9.400000e+00
609.523818	337947.150818	2.781500e-05	9.400000e+00
610.547902	336820.983231	2.790800e-05	9.400000e+00
611.572145	336772.714245	2.791200e-05	9.400000e+00
612.596437	334020.325492	2.814200e-05	9.400000e+00
613.620898	331499.506277	2.835600e-05	9.400000e+00
614.644234	329270.001401	2.854800e-05	9.400000e+00
615.667884	328682.821078	2.859900e-05	9.400000e+00
616.692327	327320.844070	2.871800e-05	9.400000e+00
617.716199	325102.026700	2.891400e-05	9.400000e+00
618.739945	322580.645161	2.914000e-05	9.400000e+00
619.763886	321466.434116	2.924100e-05	9.400000e+00
620.787715	319163.384490	2.945200e-05	9.400000e+00
621.812026	316508.973366	2.969900e-05	9.400000e+00
622.836216	314255.148435	2.991200e-05	9.400000e+00
623.860065	312281.983987	3.010100e-05	9.400000e+00
624.884458	310149.135542	3.030800e-05	9.400000e+00
625.908413	308095.706326	3.051000e-05	9.400000e+00
626.932425	306238.801108	3.069500e-05	9.400000e+00
627.956948	304690.285566	3.085100e-05	9.400000e+00
628.982344	303137.798704	3.100900e-05	9.400000e+00
630.007002	301755.962890	3.115100e-05	9.400000e+00
631.031900	300396.267417	3.129200e-05	9.400000e+00
632.055323	299115.382168	3.142600e-05	9.400000e+00
633.079339	297590.781018	3.158700e-05	9.400000e+00
634.103267	296258.942923	3.172900e-05	9.400000e+00
635.128174	294744.763577	3.189200e-05	9.400000e+00
636.152181	293419.902610	3.203600e-05	9.400000e+00
637.175972	291907.334948	3.220200e-05	9.400000e+00
638.200308	290553.907023	3.235200e-05	9.400000e+00
639.224432	289399.956898	3.248100e-05	9.400000e+00
640.248480	288060.799215	3.263200e-05	9.400000e+00
641.272413	286480.555894	3.281200e-05	9.400000e+00
642.297973	285367.334548	3.294000e-05	9.400000e+00
643.322877	283945.023410	3.310500e-05	9.400000e+00
644.347324	282528.327973	3.327100e-05	9.400000e+00
645.371640	280773.021894	3.347900e-05	9.400000e+00
646.395714	279396.029010	3.364400e-05	9.400000e+00
647.420402	277892.745226	3.382600e-05	9.400000e+00
648.446607	276462.456987	3.400100e-05	9.400000e+00
649.472252	275199.812630	3.415700e-05	9.400000e+00
650.497480	274164.381963	3.428600e-05	9.400000e+00
651.522995	272764.204051	3.446200e-05	9.400000e+00
652.547275	271511.510355	3.462100e-05	9.400000e+00
653.571359	270208.117742	3.478800e-05	9.400000e+00
654.595202	269132.762619	3.492700e-05	9.400000e+00
655.619545	267974.228861	3.507800e-05	9.400000e+00
656.644187	267007.527340	3.520500e-05	9.400000e+00
657.679228	265934.874247	3.534700e-05	9.400000e+00
658.703095	264975.334743	3.547500e-05	9.400000e+00
659.726991	263948.558111	3.561300e-05	9.400000e+00
660.751116	262503.839817	3.580900e-05	9.400000e+00
661.776035	261678.080285	3.592200e-05	9.400000e+00
662.800548	260589.931249	3.607200e-05	9.400000e+00
663.824406	259210.236047	3.626400e-05	9.400000e+00
664.848832	257795.573595	3.646300e-05	9.400000e+00
665.872155	256445.232574	3.665500e-05	9.400000e+00
666.897219	256095.899741	3.670500e-05	9.400000e+00
667.921433	256214.566071	3.668800e-05	9.400000e+00
668.945297	255226.717350	3.683000e-05	9.400000e+00
669.969169	254267.088642	3.696900e-05	9.400000e+00
670.993974	252817.299158	3.718100e-05	9.400000e+00
672.017209	251646.410023	3.735400e-05	9.400000e+00
673.041253	250332.889481	3.755000e-05	9.400000e+00
674.065336	249336.870027	3.770000e-05	9.400000e+00
675.089085	248027.652445	3.789900e-05	9.400000e+00
676.112588	246881.155614	3.807500e-05	9.400000e+00
677.137452	245822.327990	3.823900e-05	9.400000e+00
678.162145	244670.605690	3.841900e-05	9.400000e+00
679.186364	243145.369891	3.866000e-05	9.400000e+00
680.210192	241893.978384	3.886000e-05	9.400000e+00
681.235270	240464.557059	3.909100e-05	9.400000e+00
682.259284	239344.095330	3.927400e-05	9.400000e+00
683.284556	238137.461049	3.947300e-05	9.400000e+00
684.308539	236960.851042	3.966900e-05	9.400000e+00
685.332659	235754.414125	3.987200e-05	9.400000e+00
686.356364	234665.601518	4.005700e-05	9.400000e+00
687.380652	233569.387502	4.024500e-05	9.400000e+00
688.404388	232454.621890	4.043800e-05	9.400000e+00
689.428547	231287.830323	4.064200e-05	9.400000e+00
690.452437	230160.867755	4.084100e-05	9.400000e+00
691.477174	229671.618452	4.092800e-05	9.400000e+00
692.501508	228832.951945	4.107800e-05	9.400000e+00
693.526186	227206.806536	4.137200e-05	9.400000e+00
694.551311	226043.044367	4.158500e-05	9.400000e+00
695.575598	225106.566406	4.175800e-05	9.400000e+00
696.599583	223937.488088	4.197600e-05	9.400000e+00
697.623533	223071.264150	4.213900e-05	9.400000e+00
698.648237	222453.616055	4.225600e-05	9.400000e+00
699.672586	221306.650971	4.247500e-05	9.400000e+00
700.696580	220011.702750	4.272500e-05	9.400000e+00
701.720646	219001.910442	4.292200e-05	9.400000e+00
702.744965	217950.798766	4.312900e-05	9.400000e+00
703.769567	216994.852143	4.331900e-05	9.400000e+00
704.792509	216017.465242	4.351500e-05	9.400000e+00
705.815620	215048.843541	4.371100e-05	9.400000e+00
706.838947	213903.743316	4.394500e-05	9.400000e+00
707.863615	213093.942691	4.411200e-05	9.400000e+00
708.887409	212127.366687	4.431300e-05	9.400000e+00
709.911310	211316.682778	4.448300e-05	9.400000e+00
710.936431	210347.296813	4.468800e-05	9.400000e+00
711.961636	209489.425241	4.487100e-05	9.400000e+00
712.985630	208430.342136	4.509900e-05	9.400000e+00
714.009537	207459.721916	4.531000e-05	9.400000e+00
715.034188	206543.473007	4.551100e-05	9.400000e+00
716.058422	205635.281764	4.571200e-05	9.400000e+00
717.083471	204610.260987	4.594100e-05	9.400000e+00
718.109310	203741.032143	4.613700e-05	9.400000e+00
719.133803	202966.769590	4.631300e-05	9.400000e+00
720.157357	202194.020219	4.649000e-05	9.400000e+00
721.181562	201401.238403	4.667300e-05	9.400000e+00
722.205450	200666.040475	4.684400e-05	9.400000e+00
723.229824	199842.677041	4.703700e-05	9.400000e+00
724.253473	198992.336678	4.723800e-05	9.400000e+00
725.277248	197978.096040	4.748000e-05	9.400000e+00
726.301267	196937.001110	4.773100e-05	9.400000e+00
727.325258	196123.432577	4.792900e-05	9.400000e+00
728.349524	195267.870126	4.813900e-05	9.400000e+00
729.373727	194427.782489	4.834700e-05	9.400000e+00
730.398479	193670.677435	4.853600e-05	9.400000e+00
731.422406	192745.391540	4.876900e-05	9.400000e+00
732.447344	191993.464052	4.896000e-05	9.400000e+00
733.471424	191336.915812	4.912800e-05	9.400000e+00
734.495388	190692.579219	4.929400e-05	9.400000e+00
735.519613	190179.456572	4.942700e-05	9.400000e+00
736.543488	189393.939394	4.963200e-05	9.400000e+00
737.567573	188865.001708	4.977100e-05	9.400000e+00
738.591420	188271.110399	4.992800e-05	9.400000e+00
739.615557	187587.307923	5.011000e-05	9.400000e+00
740.639466	186941.908796	5.028300e-05	9.400000e+00
741.663504	186227.117838	5.047600e-05	9.400000e+00
742.687408	185466.527238	5.068300e-05	9.400000e+00
743.711482	185283.740366	5.073300e-05	9.400000e+00
744.735633	184414.972926	5.097200e-05	9.400000e+00
745.759419	183443.269193	5.124200e-05	9.400000e+00
746.783770	182556.174866	5.149100e-05	9.400000e+00
747.808088	181610.927568	5.175900e-05	9.400000e+00
748.832429	180824.869191	5.198400e-05	9.400000e+00
749.856423	180100.779798	5.219300e-05	9.400000e+00
750.880582	179392.736503	5.239900e-05	9.400000e+00
751.904704	178601.964622	5.263100e-05	9.400000e+00
752.928631	177851.777572	5.285300e-05	9.400000e+00
753.952715	177432.141644	5.297800e-05	9.400000e+00
754.976536	176738.239386	5.318600e-05	9.400000e+00
756.000482	175970.646599	5.341800e-05	9.400000e+00
757.024629	175088.941457	5.368700e-05	9.400000e+00
758.048386	174303.250570	5.392900e-05	9.400000e+00
759.072718	173749.098908	5.410100e-05	9.400000e+00
760.096562	173150.604185	5.428800e-05	9.400000e+00
761.120443	172394.820819	5.452600e-05	9.400000e+00
762.145491	171717.725288	5.474100e-05	9.400000e+00
763.169836	171049.040124	5.495500e-05	9.400000e+00
764.193881	170348.489516	5.518100e-05	9.400000e+00
765.217770	169776.220492	5.536700e-05	9.400000e+00
766.241783	169134.714000	5.557700e-05	9.400000e+00
767.267555	168446.706329	5.580400e-05	9.400000e+00
768.293619	167764.273349	5.603100e-05	9.400000e+00
769.319452	167179.468938	5.622700e-05	9.400000e+00
770.343749	166409.970436	5.648700e-05	9.400000e+00
771.367703	165890.159537	5.666400e-05	9.400000e+00
772.391580	165312.510992	5.686200e-05	9.400000e+00
773.415498	165048.373220	5.695300e-05	9.400000e+00
774.439765	164738.871363	5.706000e-05	9.400000e+00
775.463433	164186.403968	5.725200e-05	9.400000e+00
776.487682	163706.025775	5.742000e-05	9.400000e+00
777.511763	163228.450372	5.758800e-05	9.400000e+00
778.536706	162480.770228	5.785300e-05	9.400000e+00
779.560709	161971.224261	5.803500e-05	9.400000e+00
780.584703	161564.772005	5.818100e-05	9.400000e+00
781.608993	161135.490949	5.833600e-05	9.400000e+00
782.633716	160584.939183	5.853600e-05	9.400000e+00
783.657518	159796.005100	5.882500e-05	9.400000e+00
784.682744	159079.370452	5.909000e-05	9.400000e+00
785.707013	158419.846299	5.933600e-05	9.400000e+00
786.730806	157630.841983	5.963300e-05	9.400000e+00
787.755740	156938.693736	5.989600e-05	9.400000e+00
788.779667	156351.358095	6.012100e-05	9.400000e+00
789.803983	155789.054990	6.033800e-05	9.400000e+00
790.827627	155207.714154	6.056400e-05	9.400000e+00
791.851664	154630.695838	6.079000e-05	9.400000e+00
792.875906	154100.886900	6.099900e-05	9.400000e+00
793.899728	153557.134689	6.121500e-05	9.400000e+00
794.923757	153009.734024	6.143400e-05	9.400000e+00
795.948434	152547.874067	6.162000e-05	9.400000e+00
796.973706	151813.689073	6.191800e-05	9.400000e+00
797.997609	151251.850422	6.214800e-05	9.400000e+00
799.021694	150718.317086	6.236800e-05	9.400000e+00
800.046610	150202.933751	6.258200e-05	9.400000e+00
801.070713	149683.912164	6.279900e-05	9.400000e+00
802.094661	149182.669418	6.301000e-05	9.400000e+00
803.118696	148689.476265	6.321900e-05	9.400000e+00
804.143615	148290.712900	6.338900e-05	9.400000e+00
805.166942	148279.016942	6.339400e-05	9.400000e+00
806.190870	147866.165390	6.357100e-05	9.400000e+00
807.214883	147263.868653	6.383100e-05	9.400000e+00
808.239554	147323.877439	6.380500e-05	9.400000e+00
809.263648	146639.002855	6.410300e-05	9.400000e+00
810.287578	145994.470848	6.438600e-05	9.400000e+00
811.313359	145362.323323	6.466600e-05	9.400000e+00
812.337911	144728.941169	6.494900e-05	9.400000e+00
813.361900	144258.068477	6.516100e-05	9.400000e+00
814.385822	143695.731931	6.541600e-05	9.400000e+00
815.410566	143068.048643	6.570300e-05	9.400000e+00
816.435478	142564.647001	6.593500e-05	9.400000e+00
817.459521	141978.944825	6.620700e-05	9.400000e+00
818.483555	141432.074989	6.646300e-05	9.400000e+00
819.508844	140931.648151	6.669900e-05	9.400000e+00
820.532961	140394.897990	6.695400e-05	9.400000e+00
821.556722	139968.432651	6.715800e-05	9.400000e+00
822.581170	139810.215070	6.723400e-05	9.400000e+00
823.605966	139271.638961	6.749400e-05	9.400000e+00
824.629805	138745.387454	6.775000e-05	9.400000e+00
825.654668	138202.775817	6.801600e-05	9.400000e+00
826.677953	137787.484792	6.822100e-05	9.400000e+00
827.702333	137380.705318	6.842300e-05	9.400000e+00
828.726012	136964.345558	6.863100e-05	9.400000e+00
829.749783	136518.771331	6.885500e-05	9.400000e+00
830.773849	136001.273203	6.911700e-05	9.400000e+00
831.798331	135526.752116	6.935900e-05	9.400000e+00
832.822544	135014.794174	6.962200e-05	9.400000e+00
833.846112	134577.940671	6.984800e-05	9.400000e+00
834.869574	134186.033232	7.005200e-05	9.400000e+00
835.892491	133756.421020	7.027700e-05	9.400000e+00
836.917607	133316.314229	7.050900e-05	9.400000e+00
837.941630	132832.151033	7.076600e-05	9.400000e+00
838.965947	132418.611859	7.098700e-05	9.400000e+00
839.990216	131955.752709	7.123600e-05	9.400000e+00
841.014822	131532.918212	7.146500e-05	9.400000e+00
842.038734	131052.462810	7.172700e-05	9.400000e+00
843.062973	130593.645369	7.197900e-05	9.400000e+00
844.087278	130112.810575	7.224500e-05	9.400000e+00
845.110987	129673.058353	7.249000e-05	9.400000e+00
846.135038	129236.268646	7.273500e-05	9.400000e+00
847.159156	128915.464370	7.291600e-05	9.400000e+00
848.183747	128532.946823	7.313300e-05	9.400000e+00
849.208605	128086.335641	7.338800e-05	9.400000e+00
850.232716	127700.040755	7.361000e-05	9.400000e+00
851.256765	127379.903788	7.379500e-05	9.400000e+00
852.281304	127051.063715	7.398600e-05	9.400000e+00
853.304941	126850.464893	7.410300e-05	9.400000e+00
854.328681	126440.956109	7.434300e-05	9.400000e+00
855.352071	125974.965826	7.461800e-05	9.400000e+00
856.376414	125666.769161	7.480100e-05	9.400000e+00
857.400881	125204.789749	7.507700e-05	9.400000e+00
858.424784	124656.862095	7.540700e-05	9.400000e+00
859.448663	124162.891146	7.570700e-05	9.400000e+00
860.472640	123755.858655	7.595600e-05	9.400000e+00
861.497050	123362.817922	7.619800e-05	9.400000e+00
862.521073	122909.556872	7.647900e-05	9.400000e+00
863.545080	122445.257851	7.676900e-05	9.400000e+00
864.569391	121960.713081	7.707400e-05	9.400000e+00
865.595217	121619.873205	7.729000e-05	9.400000e+00
866.622751	121302.844165	7.749200e-05	9.400000e+00
867.648053	121208.995255	7.755200e-05	9.400000e+00
868.672223	120827.281258	7.779700e-05	9.400000e+00
869.698189	120353.891656	7.810300e-05	9.400000e+00
870.722066	120083.291815	7.827900e-05	9.400000e+00
871.745753	119768.108556	7.848500e-05	9.400000e+00
872.768927	119398.435118	7.872800e-05	9.400000e+00
873.793017	119304.480264	7.879000e-05	9.400000e+00
874.816892	118848.935417	7.909200e-05	9.400000e+00
875.840708	118326.808575	7.944100e-05	9.400000e+00
876.865160	117865.382686	7.975200e-05	9.400000e+00
877.889082	117464.760572	8.002400e-05	9.400000e+00
878.913884	117088.725850	8.028100e-05	9.400000e+00
879.937913	116709.294530	8.054200e-05	9.400000e+00
880.962045	116320.797911	8.081100e-05	9.400000e+00
881.985927	115970.637222	8.105500e-05	9.400000e+00
883.010165	115616.889906	8.130300e-05	9.400000e+00
884.034724	115205.961296	8.159300e-05	9.400000e+00
885.058139	114790.933959	8.188800e-05	9.400000e+00
886.082515	114466.634194	8.212000e-05	9.400000e+00
887.106963	114137.231808	8.235700e-05	9.400000e+00
888.130792	113765.642776	8.262600e-05	9.400000e+00
889.154139	113421.093910	8.287700e-05	9.400000e+00
890.177893	113077.265455	8.312900e-05	9.400000e+00
891.202073	112749.037435	8.337100e-05	9.400000e+00
892.225935	112418.675852	8.361600e-05	9.400000e+00
893.249781	112098.264862	8.385500e-05	9.400000e+00
894.274047	111777.016743	8.409600e-05	9.400000e+00
895.298131	111472.143823	8.432600e-05	9.400000e+00
896.322185	111195.230434	8.453600e-05	9.400000e+00
897.346163	110948.491573	8.472400e-05	9.400000e+00
898.371065	110625.978275	8.497100e-05	9.400000e+00
899.395981	110344.179931	8.518800e-05	9.400000e+00
900.419906	110038.045069	8.542500e-05	9.400000e+00
901.444164	109718.234237	8.567400e-05	9.400000e+00
902.469937	109410.463831	8.591500e-05	9.400000e+00
903.496201	109332.837071	8.597600e-05	9.400000e+00
904.520824	109321.393266	8.598500e-05	9.400000e+00
905.544991	108966.556541	8.626500e-05	9.400000e+00
906.571468	108747.209014	8.643900e-05	9.400000e+00
907.595828	108397.333887	8.671800e-05	9.400000e+00
908.620912	108238.816282	8.684500e-05	9.400000e+00
909.644717	107921.928817	8.710000e-05	9.400000e+00
910.667955	107435.938464	8.749400e-05	9.400000e+00
911.692546	107085.896560	8.778000e-05	9.400000e+00
912.717023	106808.471957	8.800800e-05	9.400000e+00
913.740970	106426.339387	8.832400e-05	9.400000e+00
914.765025	106082.834894	8.861000e-05	9.400000e+00
915.789599	105842.744705	8.881100e-05	9.400000e+00
916.814141	105559.860302	8.904900e-05	9.400000e+00
917.838163	105194.834262	8.935800e-05	9.400000e+00
918.862898	104808.946670	8.968700e-05	9.400000e+00
919.886787	104531.554073	8.992500e-05	9.400000e+00
920.912133	104135.509101	9.026700e-05	9.400000e+00
921.936281	103970.799690	9.041000e-05	9.400000e+00
922.960080	103698.964114	9.064700e-05	9.400000e+00
923.984487	103640.653598	9.069800e-05	9.400000e+00
925.008178	103531.070335	9.079400e-05	9.400000e+00
926.033095	103199.174407	9.108600e-05	9.400000e+00
927.057300	102991.125233	9.127000e-05	9.400000e+00
928.082194	102569.698292	9.164500e-05	9.400000e+00
929.106407	102189.463614	9.198600e-05	9.400000e+00
930.131099	101777.864397	9.235800e-05	9.400000e+00
931.155257	101503.109883	9.260800e-05	9.400000e+00
932.178911	101364.102011	9.273500e-05	9.400000e+00
933.204431	101259.277612	9.283100e-05	9.400000e+00
934.229208	100901.674538	9.316000e-05	9.400000e+00
935.253311	100432.715423	9.359500e-05	9.400000e+00
936.277251	100199.332715	9.381300e-05	9.400000e+00
937.302717	100032.989603	9.396900e-05	9.400000e+00
938.326289	99952.150566	9.404500e-05	9.400000e+00
939.350396	99500.381065	9.447200e-05	9.400000e+00
940.374185	99094.445440	9.485900e-05	9.400000e+00
941.398508	98708.390213	9.523000e-05	9.400000e+00
942.423136	98383.990622	9.554400e-05	9.400000e+00
943.446880	98061.716289	9.585800e-05	9.400000e+00
944.470979	97797.475993	9.611700e-05	9.400000e+00
945.494987	97506.327538	9.640400e-05	9.400000e+00
946.519156	97224.951646	9.668300e-05	9.400000e+00
947.543031	96905.218449	9.700200e-05	9.400000e+00
948.567283	96584.604003	9.732400e-05	9.400000e+00
949.591525	96336.151678	9.757500e-05	9.400000e+00
950.616441	95974.189069	9.794300e-05	9.400000e+00
951.640284	95684.039088	9.824000e-05	9.400000e+00
952.664258	95429.534426	9.850200e-05	9.400000e+00
953.689830	95200.478028	9.873900e-05	9.400000e+00
954.714248	94948.535873	9.900100e-05	9.400000e+00
955.738004	94651.200258	9.931200e-05	9.400000e+00
956.762237	94408.790061	9.956700e-05	9.400000e+00
957.787010	94161.015336	9.982900e-05	9.400000e+00
958.811046	94009.400940	9.999000e-05	9.400000e+00
959.835002	93718.843470	1.003000e-04	9.400000e+00
960.858234	93606.851225	1.004200e-04	9.400000e+00
961.883001	93337.305134	1.007100e-04	9.400000e+00
962.907307	93069.306931	1.010000e-04	9.400000e+00
963.931446	92802.843321	1.012900e-04	9.400000e+00
964.956080	92519.685039	1.016000e-04	9.400000e+00
965.980089	92310.713935	1.018300e-04	9.400000e+00
967.004232	92093.661213	1.020700e-04	9.400000e+00
968.029038	91823.776497	1.023700e-04	9.400000e+00
969.052412	91582.229150	1.026400e-04	9.400000e+00
970.076337	91333.074232	1.029200e-04	9.400000e+00
971.100399	91067.622554	1.032200e-04	9.400000e+00
972.124539	90821.256039	1.035000e-04	9.400000e+00
973.148233	90576.218925	1.037800e-04	9.400000e+00
974.172160	90349.865436	1.040400e-04	9.400000e+00
975.196135	90150.570634	1.042700e-04	9.400000e+00
976.221529	89891.938414	1.045700e-04	9.400000e+00
977.245290	89626.239512	1.048800e-04	9.400000e+00
978.268444	89387.599848	1.051600e-04	9.400000e+00
979.291454	89116.420174	1.054800e-04	9.400000e+00
980.315439	88880.484115	1.057600e-04	9.400000e+00
981.340299	88704.350288	1.059700e-04	9.400000e+00
982.364752	88487.244658	1.062300e-04	9.400000e+00
983.388367	88238.055008	1.065300e-04	9.400000e+00
984.412460	87982.029203	1.068400e-04	9.400000e+00
985.436324	87825.843222	1.070300e-04	9.400000e+00
986.460574	87702.929651	1.071800e-04	9.400000e+00
987.484418	87425.595238	1.075200e-04	9.400000e+00
988.508101	87141.930101	1.078700e-04	9.400000e+00
989.532396	87045.096768	1.079900e-04	9.400000e+00
990.557178	86924.357315	1.081400e-04	9.400000e+00
991.581033	86611.996683	1.085300e-04	9.400000e+00
992.606058	86325.649738	1.088900e-04	9.400000e+00
993.629239	86033.315028	1.092600e-04	9.400000e+00
994.653798	85782.077021	1.095800e-04	9.400000e+00
995.678122	85508.960247	1.099300e-04	9.400000e+00
996.702576	85338.175216	1.101500e-04	9.400000e+00
997.726422	85206.671501	1.103200e-04	9.400000e+00
998.750688	85052.479189	1.105200e-04	9.400000e+00
999.774424	84761.045987	1.109000e-04	9.400000e+00
1000.799316	84471.603163	1.112800e-04	9.400000e+00
1001.823420	84282.255895	1.115300e-04	9.400000e+00
1002.847322	84026.101725	1.118700e-04	9.400000e+00
1003.871543	83831.267279	1.121300e-04	9.400000e+00
1004.896202	83600.142298	1.124400e-04	9.400000e+00
1005.921178	83370.288248	1.127500e-04	9.400000e+00
1006.944416	83149.049093	1.130500e-04	9.400000e+00
1007.968621	82980.225989	1.132800e-04	9.400000e+00
1008.993210	82761.049481	1.135800e-04	9.400000e+00
1010.017399	82651.894839	1.137300e-04	9.400000e+00
1011.041347	82470.608879	1.139800e-04	9.400000e+00
1012.065389	82383.873795	1.141000e-04	9.400000e+00
1013.089371	82146.290308	1.144300e-04	9.400000e+00
1014.113326	81888.666260	1.147900e-04	9.400000e+00
1015.137320	81781.799200	1.149400e-04	9.400000e+00
1016.161446	81661.019894	1.151100e-04	9.400000e+00
1017.186605	81399.376515	1.154800e-04	9.400000e+00
1018.210485	81090.407177	1.159200e-04	9.400000e+00
1019.234260	80901.970910	1.161900e-04	9.400000e+00
1020.259899	80728.272071	1.164400e-04	9.400000e+00
1021.284566	80527.713527	1.167300e-04	9.400000e+00
1022.308452	80218.467315	1.171800e-04	9.400000e+00
1023.332756	80184.253178	1.172300e-04	9.400000e+00
1024.357238	79993.192069	1.175100e-04	9.400000e+00
1025.382387	79918.381228	1.176200e-04	9.400000e+00
1026.406655	79708.301535	1.179300e-04	9.400000e+00
1027.430622	79432.144668	1.183400e-04	9.400000e+00
1028.455272	79224.610198	1.186500e-04	9.400000e+00
1029.481163	78945.158310	1.190700e-04	9.400000e+00
1030.505193	78733.562275	1.193900e-04	9.400000e+00
1031.529275	78661.087866	1.195000e-04	9.400000e+00
1032.553492	78431.372549	1.198500e-04	9.400000e+00
1033.577513	78170.478170	1.202500e-04	9.400000e+00
1034.601444	77840.344485	1.207600e-04	9.400000e+00
1035.625290	77557.755776	1.212000e-04	9.400000e+00
1036.649504	77315.347919	1.215800e-04	9.400000e+00
1037.673540	77099.737533	1.219200e-04	9.400000e+00
1038.698415	76885.326354	1.222600e-04	9.400000e+00
1039.722649	76690.870523	1.225700e-04	9.400000e+00
1040.746476	76559.700277	1.227800e-04	9.400000e+00
1041.770328	76373.090673	1.230800e-04	9.400000e+00
1042.793678	76230.638229	1.233100e-04	9.400000e+00
1043.816701	76138.020411	1.234600e-04	9.400000e+00
1044.841051	75965.734605	1.237400e-04	9.400000e+00
1045.865768	75769.788812	1.240600e-04	9.400000e+00
1046.889457	75526.273502	1.244600e-04	9.400000e+00
1047.913434	75296.379366	1.248400e-04	9.400000e+00
1048.937820	75073.875889	1.252100e-04	9.400000e+00
1049.962108	74858.644581	1.255700e-04	9.400000e+00
1050.986604	74620.941494	1.259700e-04	9.400000e+00
1052.010516	74461.343473	1.262400e-04	9.400000e+00
1053.035081	74390.629946	1.263600e-04	9.400000e+00
1054.059329	74290.682052	1.265300e-04	9.400000e+00
1055.083613	74044.899567	1.269500e-04	9.400000e+00
1056.107571	73864.529310	1.272600e-04	9.400000e+00
1057.131784	73690.812167	1.275600e-04	9.400000e+00
1058.156380	73466.197733	1.279500e-04	9.400000e+00
1059.180534	73288.632465	1.282600e-04	9.400000e+00
1060.204513	73060.780351	1.286600e-04	9.400000e+00
1061.228330	72845.629262	1.290400e-04	9.400000e+00
1062.252392	72642.967543	1.294000e-04	9.400000e+00
1063.276400	72413.527463	1.298100e-04	9.400000e+00
1064.299754	72218.807621	1.301600e-04	9.400000e+00
1065.323646	71997.549020	1.305600e-04	9.400000e+00
1066.347696	71788.605468	1.309400e-04	9.400000e+00
1067.371702	71624.504724	1.312400e-04	9.400000e+00
1068.395562	71412.292031	1.316300e-04	9.400000e+00
1069.419860	71239.105722	1.319500e-04	9.400000e+00
1070.444348	71045.272466	1.323100e-04	9.400000e+00
1071.469260	70873.859609	1.326300e-04	9.400000e+00
1072.492648	70719.229612	1.329200e-04	9.400000e+00
1073.516700	70544.090056	1.332500e-04	9.400000e+00
1074.540818	70385.623362	1.335500e-04	9.400000e+00
1075.564581	70217.375065	1.338700e-04	9.400000e+00
1076.588356	70060.371171	1.341700e-04	9.400000e+00
1077.612589	69904.067822	1.344700e-04	9.400000e+00
1078.636494	69748.460340	1.347700e-04	9.400000e+00
1079.660267	69603.850426	1.350500e-04	9.400000e+00
1080.683867	69449.575175	1.353500e-04	9.400000e+00
1081.708312	69336.873940	1.355700e-04	9.400000e+00
1082.732587	69204.152249	1.358300e-04	9.400000e+00
1083.756508	69006.019674	1.362200e-04	9.400000e+00
1084.780730	68819.093638	1.365900e-04	9.400000e+00
1085.805279	68618.147310	1.369900e-04	9.400000e+00
1086.830691	68413.391557	1.374000e-04	9.400000e+00
1087.854418	68239.564428	1.377500e-04	9.400000e+00
1088.876744	68086.339273	1.380600e-04	9.400000e+00
1089.901065	67933.800679	1.383700e-04	9.400000e+00
1090.925652	67718.464088	1.388100e-04	9.400000e+00
1091.949598	67582.141060	1.390900e-04	9.400000e+00
1092.973544	67436.688428	1.393900e-04	9.400000e+00
1093.997922	67282.227471	1.397100e-04	9.400000e+00
1095.021798	67109.302492	1.400700e-04	9.400000e+00
1096.045627	67027.952082	1.402400e-04	9.400000e+00
1097.069492	66851.575279	1.406100e-04	9.400000e+00
1098.093782	66742.402726	1.408400e-04	9.400000e+00
1099.117716	66751.881835	1.408200e-04	9.400000e+00
1100.141599	66543.961489	1.412600e-04	9.400000e+00
1101.165615	66318.611542	1.417400e-04	9.400000e+00
1102.190011	66090.135696	1.422300e-04	9.400000e+00
1103.213477	65909.409620	1.426200e-04	9.400000e+00
1104.238557	65780.265920	1.429000e-04	9.400000e+00
1105.262659	65679.150363	1.431200e-04	9.400000e+00
1106.287139	65477.848983	1.435600e-04	9.400000e+00
1107.311677	65259.650097	1.440400e-04	9.400000e+00
1108.336537	65119.501212	1.443500e-04	9.400000e+00
1109.360434	64917.127072	1.448000e-04	9.400000e+00
1110.383997	64742.750878	1.451900e-04	9.400000e+00
1111.407647	64547.140012	1.456300e-04	9.400000e+00
1112.431636	64383.561644	1.460000e-04	9.400000e+00
1113.455702	64238.365339	1.463300e-04	9.400000e+00
1114.480092	64076.346285	1.467000e-04	9.400000e+00
1115.504472	63915.142449	1.470700e-04	9.400000e+00
1116.529444	63793.688497	1.473500e-04	9.400000e+00
1117.551858	63655.447958	1.476700e-04	9.400000e+00
1118.576508	63534.978033	1.479500e-04	9.400000e+00
1119.600672	63367.938520	1.483400e-04	9.400000e+00
1120.624863	63223.029325	1.486800e-04	9.400000e+00
1121.648866	63087.248322	1.490000e-04	9.400000e+00
1122.672912	62956.265488	1.493100e-04	9.400000e+00
1123.696862	62800.641368	1.496800e-04	9.400000e+00
1124.720715	62608.232317	1.501400e-04	9.400000e+00
1125.744684	62462.622101	1.504900e-04	9.400000e+00
1126.768558	62325.951465	1.508200e-04	9.400000e+00
1127.791938	62198.107589	1.511300e-04	9.400000e+00
1128.815495	62013.458240	1.515800e-04	9.400000e+00
1129.838726	61854.313351	1.519700e-04	9.400000e+00
1130.863261	61695.983198	1.523600e-04	9.400000e+00
1131.887666	61550.550026	1.527200e-04	9.400000e+00
1132.911747	61373.726822	1.531600e-04	9.400000e+00
1133.936656	61209.871720	1.535700e-04	9.400000e+00
1134.961010	61110.388766	1.538200e-04	9.400000e+00
1135.984936	61007.268951	1.540800e-04	9.400000e+00
1137.008701	60833.549055	1.545200e-04	9.400000e+00
1138.032738	60676.478182	1.549200e-04	9.400000e+00
1139.057235	60512.424359	1.553400e-04	9.400000e+00
1140.080961	60345.381010	1.557700e-04	9.400000e+00
1141.104800	60194.672131	1.561600e-04	9.400000e+00
1142.129598	60029.376078	1.565900e-04	9.400000e+00
1143.154029	59891.685250	1.569500e-04	9.400000e+00
1144.177802	59739.434382	1.573500e-04	9.400000e+00
1145.202481	59603.068924	1.577100e-04	9.400000e+00
1146.226812	59478.613009	1.580400e-04	9.400000e+00
1147.250680	59369.670940	1.583300e-04	9.400000e+00
1148.274691	59279.813332	1.585700e-04	9.400000e+00
1149.298771	59171.597633	1.588600e-04	9.400000e+00
1150.322915	59034.101614	1.592300e-04	9.400000e+00
1151.347335	58971.141782	1.594000e-04	9.400000e+00
1152.370970	58871.422309	1.596700e-04	9.400000e+00
1153.394978	58864.049095	1.596900e-04	9.400000e+00
1154.418971	58742.657168	1.600200e-04	9.400000e+00
1155.443204	58519.579157	1.606300e-04	9.400000e+00
1156.467632	58403.230817	1.609500e-04	9.400000e+00
1157.492013	58301.804875	1.612300e-04	9.400000e+00
1158.516892	58280.116560	1.612900e-04	9.400000e+00
1159.540058	58125.154588	1.617200e-04	9.400000e+00
1160.563020	57871.082928	1.624300e-04	9.400000e+00
1161.586022	57704.112953	1.629000e-04	9.400000e+00
1162.609654	57569.818716	1.632800e-04	9.400000e+00
1163.633424	57587.453287	1.632300e-04	9.400000e+00
1164.657839	57432.638846	1.636700e-04	9.400000e+00
1165.682513	57257.720655	1.641700e-04	9.400000e+00
1166.706997	57052.682690	1.647600e-04	9.400000e+00
1167.731369	56862.863711	1.653100e-04	9.400000e+00
1168.755965	56684.556473	1.658300e-04	9.400000e+00
1169.780260	56531.152273	1.662800e-04	9.400000e+00
1170.804086	56368.433677	1.667600e-04	9.400000e+00
1171.828379	56199.928255	1.672600e-04	9.400000e+00
1172.853064	56059.160305	1.676800e-04	9.400000e+00
1173.877053	55892.496135	1.681800e-04	9.400000e+00
1174.901114	55749.955519	1.686100e-04	9.400000e+00
1175.925660	55624.593171	1.689900e-04	9.400000e+00
1176.951117	55489.964581	1.694000e-04	9.400000e+00
1177.975689	55359.246172	1.698000e-04	9.400000e+00
1178.998823	55248.618785	1.701400e-04	9.400000e+00
1180.022115	55128.731453	1.705100e-04	9.400000e+00
1181.046787	55019.022534	1.708500e-04	9.400000e+00
1182.070813	54887.305851	1.712600e-04	9.400000e+00
1183.094867	54800.909462	1.715300e-04	9.400000e+00
1184.118889	54698.865289	1.718500e-04	9.400000e+00
1185.142931	54594.029504	1.721800e-04	9.400000e+00
1186.168085	54476.963199	1.725500e-04	9.400000e+00
1187.191973	54382.412496	1.728500e-04	9.400000e+00
1188.216867	54281.919501	1.731700e-04	9.400000e+00
1189.242486	54163.065399	1.735500e-04	9.400000e+00
1190.267121	53991.958644	1.741000e-04	9.400000e+00
1191.290826	53899.082569	1.744000e-04	9.400000e+00
1192.314794	53784.974538	1.747700e-04	9.400000e+00
1193.338689	53665.220370	1.751600e-04	9.400000e+00
1194.363983	53506.375228	1.756800e-04	9.400000e+00
1195.387635	53357.552364	1.761700e-04	9.400000e+00
1196.411129	53233.661796	1.765800e-04	9.400000e+00
1197.435715	53083.352157	1.770800e-04	9.400000e+00
1198.461939	53062.376517	1.771500e-04	9.400000e+00
1199.489318	52918.988910	1.776300e-04	9.400000e+00
1200.513868	52773.411183	1.781200e-04	9.400000e+00
1201.538141	52634.526009	1.785900e-04	9.400000e+00
1202.563734	52560.948334	1.788400e-04	9.400000e+00
1203.588151	52540.383433	1.789100e-04	9.400000e+00
1204.612239	52528.639285	1.789500e-04	9.400000e+00
1205.636650	52356.020942	1.795400e-04	9.400000e+00
1206.660830	52283.219311	1.797900e-04	9.400000e+00
1207.685794	52132.438578	1.803100e-04	9.400000e+00
1208.709138	52011.287556	1.807300e-04	9.400000e+00
1209.733119	51850.626069	1.812900e-04	9.400000e+00
1210.757175	51676.745465	1.819000e-04	9.400000e+00
1211.781020	51554.873032	1.823300e-04	9.400000e+00
1212.805057	51464.549685	1.826500e-04	9.400000e+00
1213.828803	51329.656528	1.831300e-04	9.400000e+00
1214.853293	51212.203759	1.835500e-04	9.400000e+00
1215.877756	51061.980553	1.840900e-04	9.400000e+00
1216.901170	50940.226521	1.845300e-04	9.400000e+00
1217.925086	50854.793335	1.848400e-04	9.400000e+00
1218.949889	50772.388463	1.851400e-04	9.400000e+00
1219.974105	50673.854447	1.855000e-04	9.400000e+00
1220.997833	50665.660540	1.855300e-04	9.400000e+00
1222.022160	50583.866975	1.858300e-04	9.400000e+00
1223.046818	50423.774273	1.864200e-04	9.400000e+00
1224.071202	50219.040496	1.871800e-04	9.400000e+00
1225.095043	50119.968009	1.875500e-04	9.400000e+00
1226.119036	50000.000000	1.880000e-04	9.400000e+00
1227.143788	49986.705663	1.880500e-04	9.400000e+00
1228.168049	49960.138188	1.881500e-04	9.400000e+00
1229.192114	49785.498649	1.888100e-04	9.400000e+00
1230.216299	49635.653184	1.893800e-04	9.400000e+00
1231.241549	49497.130220	1.899100e-04	9.400000e+00
1232.265229	49510.165385	1.898600e-04	9.400000e+00
1233.288210	49465.873809	1.900300e-04	9.400000e+00
1234.312386	49276.577899	1.907600e-04	9.400000e+00
1235.337415	49137.480397	1.913000e-04	9.400000e+00
1236.362095	49004.274841	1.918200e-04	9.400000e+00
1237.385783	48854.009667	1.924100e-04	9.400000e+00
1238.410267	48664.319735	1.931600e-04	9.400000e+00
1239.434962	48553.719008	1.936000e-04	9.400000e+00
1240.459128	48406.200113	1.941900e-04	9.400000e+00
1241.483192	48319.111751	1.945400e-04	9.400000e+00
1242.507875	48207.600390	1.949900e-04	9.400000e+00
1243.531598	48067.089384	1.955600e-04	9.400000e+00
1244.556244	48003.268308	1.958200e-04	9.400000e+00
1245.580848	47937.171707	1.960900e-04	9.400000e+00
1246.604060	47737.545071	1.969100e-04	9.400000e+00
1247.628981	47703.628521	1.970500e-04	9.400000e+00
1248.653096	47568.442893	1.976100e-04	9.400000e+00
1249.678118	47429.234573	1.981900e-04	9.400000e+00
1250.702209	47386.197510	1.983700e-04	9.400000e+00
1251.726250	47240.928737	1.989800e-04	9.400000e+00
1252.751879	47162.711354	1.993100e-04	9.400000e+00
1253.776388	47169.811321	1.992800e-04	9.400000e+00
1254.800390	47072.963093	1.996900e-04	9.400000e+00
1255.824371	46962.430056	2.001600e-04	9.400000e+00
1256.848899	46894.487403	2.004500e-04	9.400000e+00
1257.873283	46796.435506	2.008700e-04	9.400000e+00
1258.897265	46708.074534	2.012500e-04	9.400000e+00
1259.921329	46645.494244	2.015200e-04	9.400000e+00
1260.945523	46470.239272	2.022800e-04	9.400000e+00
1261.969802	46300.857058	2.030200e-04	9.400000e+00
1262.993095	46146.293569	2.037000e-04	9.400000e+00
1264.016913	46049.086367	2.041300e-04	9.400000e+00
1265.040780	45891.715081	2.048300e-04	9.400000e+00
1266.065154	45742.092457	2.055000e-04	9.400000e+00
1267.089316	45608.927705	2.061000e-04	9.400000e+00
1268.113382	45617.781229	2.060600e-04	9.400000e+00
1269.138071	45533.811277	2.064400e-04	9.400000e+00
1270.163883	45430.380359	2.069100e-04	9.400000e+00
1271.188368	45318.677080	2.074200e-04	9.400000e+00
1272.213025	45251.047032	2.077300e-04	9.400000e+00
1273.238146	45142.390626	2.082300e-04	9.400000e+00
1274.262218	45034.254779	2.087300e-04	9.400000e+00
1275.286446	44969.621585	2.090300e-04	9.400000e+00
1276.310239	44900.883688	2.093500e-04	9.400000e+00
1277.334524	44798.169947	2.098300e-04	9.400000e+00
1278.358077	44721.442504	2.101900e-04	9.400000e+00
1279.382097	44644.977440	2.105500e-04	9.400000e+00
1280.405992	44541.319181	2.110400e-04	9.400000e+00
1281.430713	44379.396629	2.118100e-04	9.400000e+00
1282.454156	44289.483603	2.122400e-04	9.400000e+00
1283.478089	44162.555790	2.128500e-04	9.400000e+00
1284.502314	44046.670728	2.134100e-04	9.400000e+00
1285.526934	43970.436898	2.137800e-04	9.400000e+00
1286.551219	43919.076765	2.140300e-04	9.400000e+00
1287.575434	43831.017439	2.144600e-04	9.400000e+00
1288.600043	43739.239682	2.149100e-04	9.400000e+00
1289.623656	43649.872301	2.153500e-04	9.400000e+00
1290.648307	43635.688423	2.154200e-04	9.400000e+00
1291.672307	43496.367591	2.161100e-04	9.400000e+00
1292.696149	43436.070422	2.164100e-04	9.400000e+00
1293.720027	43315.976222	2.170100e-04	9.400000e+00
1294.744137	43180.669760	2.176900e-04	9.400000e+00
1295.768281	43119.266055	2.180000e-04	9.400000e+00
1296.792156	43002.882108	2.185900e-04	9.400000e+00
1297.816626	42885.168119	2.191900e-04	9.400000e+00
1298.840905	42781.722192	2.197200e-04	9.400000e+00
1299.865150	42676.836466	2.202600e-04	9.400000e+00
1300.889032	42549.339127	2.209200e-04	9.400000e+00
1301.912596	42434.091730	2.215200e-04	9.400000e+00
1302.936478	42353.789312	2.219400e-04	9.400000e+00
1303.960396	42237.699393	2.225500e-04	9.400000e+00
1304.984391	42127.907498	2.231300e-04	9.400000e+00
1306.008938	42041.236191	2.235900e-04	9.400000e+00
1307.033214	41945.560018	2.241000e-04	9.400000e+00
1308.058014	41841.004184	2.246600e-04	9.400000e+00
1309.082492	41757.363067	2.251100e-04	9.400000e+00
1310.106401	41724.000178	2.252900e-04	9.400000e+00
1311.131442	41651.896491	2.256800e-04	9.400000e+00
1312.157031	41535.946268	2.263100e-04	9.400000e+00
1313.181238	41488.281767	2.265700e-04	9.400000e+00
1314.205253	41411.515926	2.269900e-04	9.400000e+00
1315.229833	41407.867495	2.270100e-04	9.400000e+00
1316.254453	41362.316290	2.272600e-04	9.400000e+00
1317.294871	41247.970512	2.278900e-04	9.400000e+00
1318.319151	41130.655465	2.285400e-04	9.400000e+00
1319.343344	40994.330571	2.293000e-04	9.400000e+00
1320.367563	40933.635255	2.296400e-04	9.400000e+00
1321.391648	40906.915009	2.297900e-04	9.400000e+00
1322.416525	40780.911063	2.305000e-04	9.400000e+00
1323.440450	40675.032453	2.311000e-04	9.400000e+00
1324.464367	40560.949299	2.317500e-04	9.400000e+00
1325.489317	40442.283698	2.324300e-04	9.400000e+00
1326.513480	40303.563006	2.332300e-04	9.400000e+00
1327.537197	40220.786445	2.337100e-04	9.400000e+00
1328.560338	40140.063199	2.341800e-04	9.400000e+00
1329.585006	40027.252598	2.348400e-04	9.400000e+00
1330.609311	39899.825969	2.355900e-04	9.400000e+00
1331.633411	39828.820813	2.360100e-04	9.400000e+00
1332.657244	39722.785666	2.366400e-04	9.400000e+00
1333.681420	39613.974462	2.372900e-04	9.400000e+00
1334.705250	39509.078682	2.379200e-04	9.400000e+00
1335.729321	39417.956137	2.384700e-04	9.400000e+00
1336.753576	39363.484087	2.388000e-04	9.400000e+00
1337.777648	39284.520227	2.392800e-04	9.400000e+00
1338.802550	39197.698178	2.398100e-04	9.400000e+00
1339.826480	39122.653681	2.402700e-04	9.400000e+00
1340.850481	39064.123343	2.406300e-04	9.400000e+00
1341.874980	38994.441218	2.410600e-04	9.400000e+00
1342.899420	38949.200298	2.413400e-04	9.400000e+00
1343.923358	38851.002273	2.419500e-04	9.400000e+00
1344.947213	38767.682600	2.424700e-04	9.400000e+00
1345.971756	38708.614726	2.428400e-04	9.400000e+00
1346.996264	38635.429511	2.433000e-04	9.400000e+00
1348.019593	38485.158649	2.442500e-04	9.400000e+00
1349.043495	38361.083905	2.450400e-04	9.400000e+00
1350.066581	38267.383162	2.456400e-04	9.400000e+00
1351.091554	38157.093566	2.463500e-04	9.400000e+00
1352.115438	38064.385503	2.469500e-04	9.400000e+00
1353.139558	37979.797980	2.475000e-04	9.400000e+00
1354.167303	37903.225806	2.480000e-04	9.400000e+00
1355.191591	37816.309289	2.485700e-04	9.400000e+00
1356.218122	37722.219993	2.491900e-04	9.400000e+00
1357.246325	37619.562172	2.498700e-04	9.400000e+00
1358.271363	37533.940265	2.504400e-04	9.400000e+00
1359.295530	37450.199203	2.510000e-04	9.400000e+00
1360.319595	37405.491444	2.513000e-04	9.400000e+00
1361.344630	37340.112815	2.517400e-04	9.400000e+00
1362.368352	37292.708085	2.520600e-04	9.400000e+00
1363.391695	37257.233452	2.523000e-04	9.400000e+00
1364.415373	37202.675426	2.526700e-04	9.400000e+00
1365.439273	37082.330664	2.534900e-04	9.400000e+00
1366.462569	36996.221662	2.540800e-04	9.400000e+00
1367.486699	36932.264655	2.545200e-04	9.400000e+00
1368.510539	36839.630036	2.551600e-04	9.400000e+00
1369.536838	36754.643206	2.557500e-04	9.400000e+00
1370.560739	36648.602285	2.564900e-04	9.400000e+00
1371.584763	36607.212400	2.567800e-04	9.400000e+00
1372.608710	36540.330418	2.572500e-04	9.400000e+00
1373.633382	36499.184593	2.575400e-04	9.400000e+00
1374.657461	36455.303471	2.578500e-04	9.400000e+00
1375.681674	36400.247831	2.582400e-04	9.400000e+00
1376.705966	36304.650085	2.589200e-04	9.400000e+00
1377.730577	36164.973838	2.599200e-04	9.400000e+00
1378.755541	36121.892172	2.602300e-04	9.400000e+00
1379.779308	36052.621486	2.607300e-04	9.400000e+00
1380.803764	35939.590900	2.615500e-04	9.400000e+00
1381.828282	35838.194365	2.622900e-04	9.400000e+00
1382.852793	35761.841354	2.628500e-04	9.400000e+00
1383.876553	35646.568070	2.637000e-04	9.400000e+00
1384.901115	35537.408794	2.645100e-04	9.400000e+00
1385.925492	35452.968243	2.651400e-04	9.400000e+00
1386.949394	35359.614806	2.658400e-04	9.400000e+00
1387.973565	35269.398169	2.665200e-04	9.400000e+00
1388.997792	35179.640719	2.672000e-04	9.400000e+00
1390.021740	35108.687533	2.677400e-04	9.400000e+00
1391.045699	35032.796661	2.683200e-04	9.400000e+00
1392.069740	34959.833383	2.688800e-04	9.400000e+00
1393.094251	34900.126234	2.693400e-04	9.400000e+00
1394.118649	34826.423623	2.699100e-04	9.400000e+00
1395.141772	34754.316560	2.704700e-04	9.400000e+00
1396.166262	34686.346863	2.710000e-04	9.400000e+00
1397.190314	34599.528857	2.716800e-04	9.400000e+00
1398.214525	34508.076358	2.724000e-04	9.400000e+00
1399.238403	34420.886887	2.730900e-04	9.400000e+00
1400.261616	34339.153942	2.737400e-04	9.400000e+00
1401.286141	34267.799205	2.743100e-04	9.400000e+00
1402.310282	34204.206390	2.748200e-04	9.400000e+00
1403.333675	34149.531352	2.752600e-04	9.400000e+00
1404.357685	34106.164508	2.756100e-04	9.400000e+00
1405.382482	34050.568717	2.760600e-04	9.400000e+00
1406.407639	33996.383363	2.765000e-04	9.400000e+00
1407.432038	33920.323326	2.771200e-04	9.400000e+00
1408.456839	33828.768849	2.778700e-04	9.400000e+00
1409.481333	33738.918201	2.786100e-04	9.400000e+00
1410.505803	33708.671018	2.788600e-04	9.400000e+00
1411.529713	33684.512291	2.790600e-04	9.400000e+00
1412.553764	33623.063991	2.795700e-04	9.400000e+00
1413.578012	33547.466096	2.802000e-04	9.400000e+00
1414.601570	33480.552785	2.807600e-04	9.400000e+00
1415.624791	33407.968156	2.813700e-04	9.400000e+00
1416.648583	33280.226589	2.824500e-04	9.400000e+00
1417.672537	33173.348391	2.833600e-04	9.400000e+00
1418.696541	33072.971642	2.842200e-04	9.400000e+00
1419.719812	33007.935951	2.847800e-04	9.400000e+00
1420.743911	32918.928384	2.855500e-04	9.400000e+00
1421.768273	32888.982191	2.858100e-04	9.400000e+00
1422.792831	32797.180838	2.866100e-04	9.400000e+00
1423.817504	32716.135320	2.873200e-04	9.400000e+00
1424.840841	32657.031684	2.878400e-04	9.400000e+00
1425.865685	32617.370485	2.881900e-04	9.400000e+00
1426.889898	32568.775553	2.886200e-04	9.400000e+00
1427.914342	32524.826131	2.890100e-04	9.400000e+00
1428.937810	32447.359337	2.897000e-04	9.400000e+00
1429.961627	32403.736771	2.900900e-04	9.400000e+00
1430.985680	32339.078680	2.906700e-04	9.400000e+00
1432.008671	32281.328342	2.911900e-04	9.400000e+00
1433.032673	32202.809181	2.919000e-04	9.400000e+00
1434.057345	32119.182669	2.926600e-04	9.400000e+00
1435.081690	32041.449364	2.933700e-04	9.400000e+00
1436.105658	31948.881789	2.942200e-04	9.400000e+00
1437.129605	31866.567225	2.949800e-04	9.400000e+00
1438.154272	31757.829656	2.959900e-04	9.400000e+00
1439.178880	31647.700492	2.970200e-04	9.400000e+00
1440.202795	31552.094522	2.979200e-04	9.400000e+00
1441.227696	31463.381979	2.987600e-04	9.400000e+00
1442.252122	31378.308909	2.995700e-04	9.400000e+00
1443.276726	31297.862423	3.003400e-04	9.400000e+00
1444.300516	31216.790648	3.011200e-04	9.400000e+00
1445.325022	31138.200610	3.018800e-04	9.400000e+00
1446.349018	31071.298714	3.025300e-04	9.400000e+00
1447.372925	31010.820797	3.031200e-04	9.400000e+00
1448.396587	30939.371997	3.038200e-04	9.400000e+00
1449.420568	30855.079600	3.046500e-04	9.400000e+00
1450.444994	30784.345833	3.053500e-04	9.400000e+00
1451.469252	30719.958169	3.059900e-04	9.400000e+00
1452.493791	30649.841860	3.066900e-04	9.400000e+00
1453.517762	30561.154822	3.075800e-04	9.400000e+00
1454.541922	30495.717623	3.082400e-04	9.400000e+00
1455.566544	30459.155569	3.086100e-04	9.400000e+00
1456.590733	30413.822111	3.090700e-04	9.400000e+00
1457.614845	30336.280901	3.098600e-04	9.400000e+00
1458.639175	30256.212180	3.106800e-04	9.400000e+00
1459.663550	30238.692659	3.108600e-04	9.400000e+00
1460.687842	30151.398512	3.117600e-04	9.400000e+00
1461.711812	30077.112597	3.125300e-04	9.400000e+00
1462.735268	29983.094638	3.135100e-04	9.400000e+00
1463.758977	29941.073419	3.139500e-04	9.400000e+00
1464.782115	29896.317028	3.144200e-04	9.400000e+00
1465.805009	29860.228717	3.148000e-04	9.400000e+00
1466.828991	29814.767825	3.152800e-04	9.400000e+00
1467.852881	29762.847101	3.158300e-04	9.400000e+00
1468.876876	29717.682021	3.163100e-04	9.400000e+00
1469.900770	29662.354055	3.169000e-04	9.400000e+00
1470.925242	29581.143594	3.177700e-04	9.400000e+00
1471.950578	29486.495812	3.187900e-04	9.400000e+00
1472.974802	29392.451768	3.198100e-04	9.400000e+00
1473.998817	29312.710490	3.206800e-04	9.400000e+00
1475.023249	29247.954199	3.213900e-04	9.400000e+00
1476.047686	29210.689869	3.218000e-04	9.400000e+00
1477.071630	29179.859688	3.221400e-04	9.400000e+00
1478.095184	29118.394152	3.228200e-04	9.400000e+00
1479.119319	29058.085258	3.234900e-04	9.400000e+00
1480.142901	28962.287404	3.245600e-04	9.400000e+00
1481.167128	28909.733969	3.251500e-04	9.400000e+00
1482.190776	28853.827737	3.257800e-04	9.400000e+00
1483.215326	28762.889752	3.268100e-04	9.400000e+00
1484.239847	28655.915617	3.280300e-04	9.400000e+00
1485.263761	28555.805334	3.291800e-04	9.400000e+00
1486.287052	28472.769128	3.301400e-04	9.400000e+00
1487.311481	28393.644657	3.310600e-04	9.400000e+00
1488.335833	28313.253012	3.320000e-04	9.400000e+00
1489.359729	28275.779088	3.324400e-04	9.400000e+00
1490.383766	28212.977970	3.331800e-04	9.400000e+00
1491.407897	28162.262568	3.337800e-04	9.400000e+00
1492.432803	28103.324564	3.344800e-04	9.400000e+00
1493.456933	28027.908641	3.353800e-04	9.400000e+00
1494.480747	27946.248068	3.363600e-04	9.400000e+00
1495.505795	27864.235957	3.373500e-04	9.400000e+00
1496.529808	27793.382809	3.382100e-04	9.400000e+00
1497.553914	27752.354522	3.387100e-04	9.400000e+00
1498.577675	27724.524406	3.390500e-04	9.400000e+00
1499.601327	27658.447596	3.398600e-04	9.400000e+00
1500.624993	27561.132938	3.410600e-04	9.400000e+00
1501.648785	27528.846717	3.414600e-04	9.400000e+00
1502.672017	27433.240916	3.426500e-04	9.400000e+00
1503.695921	27405.247813	3.430000e-04	9.400000e+00
1504.720698	27321.610231	3.440500e-04	9.400000e+00
1505.745714	27232.957673	3.451700e-04	9.400000e+00
1506.769883	27146.446415	3.462700e-04	9.400000e+00
1507.794287	27065.157928	3.473100e-04	9.400000e+00
1508.818693	26998.305426	3.481700e-04	9.400000e+00
1509.842714	26940.272842	3.489200e-04	9.400000e+00
1510.867066	26894.026093	3.495200e-04	9.400000e+00
1511.891192	26813.475198	3.505700e-04	9.400000e+00
1512.914981	26752.426217	3.513700e-04	9.400000e+00
1513.938956	26696.202891	3.521100e-04	9.400000e+00
1514.962875	26633.422111	3.529400e-04	9.400000e+00
1515.987330	26556.673070	3.539600e-04	9.400000e+00
1517.010966	26495.292858	3.547800e-04	9.400000e+00
1518.034815	26461.729021	3.552300e-04	9.400000e+00
1519.058900	26387.446313	3.562300e-04	9.400000e+00
1520.083358	26372.639789	3.564300e-04	9.400000e+00
1521.107872	26325.370376	3.570700e-04	9.400000e+00
1522.132771	26278.270107	3.577100e-04	9.400000e+00
1523.158179	26209.396347	3.586500e-04	9.400000e+00
1524.182346	26125.625347	3.598000e-04	9.400000e+00
1525.206374	26106.759984	3.600600e-04	9.400000e+00
1526.231262	26043.109658	3.609400e-04	9.400000e+00
1527.255100	25979.768946	3.618200e-04	9.400000e+00
1528.279222	25918.879422	3.626700e-04	9.400000e+00
1529.304216	25839.082987	3.637900e-04	9.400000e+00
1530.328987	25742.845406	3.651500e-04	9.400000e+00
1531.353231	25666.229795	3.662400e-04	9.400000e+00
1532.377798	25587.979094	3.673600e-04	9.400000e+00
1533.401618	25513.666097	3.684300e-04	9.400000e+00
1534.426838	25440.472002	3.694900e-04	9.400000e+00
1535.450331	25432.900433	3.696000e-04	9.400000e+00
1536.475027	25369.065933	3.705300e-04	9.400000e+00
1537.499415	25288.531382	3.717100e-04	9.400000e+00
1538.523952	25205.802698	3.729300e-04	9.400000e+00
1539.548030	25139.067180	3.739200e-04	9.400000e+00
1540.572197	25065.329849	3.750200e-04	9.400000e+00
1541.596498	24996.011275	3.760600e-04	9.400000e+00
1542.621056	24933.025649	3.770100e-04	9.400000e+00
1543.645219	24867.067009	3.780100e-04	9.400000e+00
1544.668929	24805.383296	3.789500e-04	9.400000e+00
1545.693414	24746.610504	3.798500e-04	9.400000e+00
1546.717288	24684.225729	3.808100e-04	9.400000e+00
1547.740887	24617.640897	3.818400e-04	9.400000e+00
1548.765951	24559.111692	3.827500e-04	9.400000e+00
1549.790268	24491.284750	3.838100e-04	9.400000e+00
1550.814077	24426.370085	3.848300e-04	9.400000e+00
1551.838100	24351.069893	3.860200e-04	9.400000e+00
1552.862062	24291.916477	3.869600e-04	9.400000e+00
1553.886237	24221.185807	3.880900e-04	9.400000e+00
1554.910178	24161.418841	3.890500e-04	9.400000e+00
1555.934094	24100.710202	3.900300e-04	9.400000e+00
1556.958051	24029.858377	3.911800e-04	9.400000e+00
1557.982774	23971.030754	3.921400e-04	9.400000e+00
1559.006252	23911.273911	3.931200e-04	9.400000e+00
1560.030089	23851.209053	3.941100e-04	9.400000e+00
1561.054243	23799.275894	3.949700e-04	9.400000e+00
1562.078951	23740.970854	3.959400e-04	9.400000e+00
1563.103051	23684.740980	3.968800e-04	9.400000e+00
1564.127049	23624.026137	3.979000e-04	9.400000e+00
1565.150846	23559.487706	3.989900e-04	9.400000e+00
1566.175247	23500.587515	3.999900e-04	9.400000e+00
1567.199879	23455.434674	4.007600e-04	9.400000e+00
1568.223936	23430.878907	4.011800e-04	9.400000e+00
1569.247172	23359.260456	4.024100e-04	9.400000e+00
1570.271838	23296.158612	4.035000e-04	9.400000e+00
1571.295179	23236.268354	4.045400e-04	9.400000e+00
1572.319165	23162.978660	4.058200e-04	9.400000e+00
1573.343826	23095.823096	4.070000e-04	9.400000e+00
1574.367425	23029.055809	4.081800e-04	9.400000e+00
1575.391005	22962.673441	4.093600e-04	9.400000e+00
1576.415962	22906.157858	4.103700e-04	9.400000e+00
1577.440296	22876.612314	4.109000e-04	9.400000e+00
1578.465202	22806.677019	4.121600e-04	9.400000e+00
1579.489243	22741.568684	4.133400e-04	9.400000e+00
1580.513335	22669.174746	4.146600e-04	9.400000e+00
1581.537236	22604.304437	4.158500e-04	9.400000e+00
1582.561428	22553.865349	4.167800e-04	9.400000e+00
1583.585348	22496.649435	4.178400e-04	9.400000e+00
1584.609228	22444.545259	4.188100e-04	9.400000e+00
1585.633244	22401.754010	4.196100e-04	9.400000e+00
1586.657207	22338.403042	4.208000e-04	9.400000e+00
1587.681072	22276.465152	4.219700e-04	9.400000e+00
1588.704377	22220.121029	4.230400e-04	9.400000e+00
1589.728483	22162.493516	4.241400e-04	9.400000e+00
1590.752832	22102.045615	4.253000e-04	9.400000e+00
1591.776331	22042.443428	4.264500e-04	9.400000e+00
1592.800273	21978.021978	4.277000e-04	9.400000e+00
1593.824356	21904.784098	4.291300e-04	9.400000e+00
1594.848651	21849.794287	4.302100e-04	9.400000e+00
1595.873306	21814.806220	4.309000e-04	9.400000e+00
1596.897178	21771.354456	4.317600e-04	9.400000e+00
1597.921055	21722.050192	4.327400e-04	9.400000e+00
1598.944781	21687.970098	4.334200e-04	9.400000e+00
1599.969367	21640.536869	4.343700e-04	9.400000e+00
1600.993066	21588.847293	4.354100e-04	9.400000e+00
1602.016998	21530.497721	4.365900e-04	9.400000e+00
1603.040290	21451.881604	4.381900e-04	9.400000e+00
1604.064401	21387.940842	4.395000e-04	9.400000e+00
1605.087986	21324.380118	4.408100e-04	9.400000e+00
1606.112287	21269.855637	4.419400e-04	9.400000e+00
1607.137630	21214.651651	4.430900e-04	9.400000e+00
1608.161389	21167.357233	4.440800e-04	9.400000e+00
1609.185426	21119.324182	4.450900e-04	9.400000e+00
1610.209416	21084.269789	4.458300e-04	9.400000e+00
1611.233624	21033.788320	4.469000e-04	9.400000e+00
1612.258169	20989.639157	4.478400e-04	9.400000e+00
1613.282234	20940.075741	4.489000e-04	9.400000e+00
1614.306412	20891.674445	4.499400e-04	9.400000e+00
1615.330796	20847.656856	4.508900e-04	9.400000e+00
1616.355358	20797.380415	4.519800e-04	9.400000e+00
1617.378486	20758.341983	4.528300e-04	9.400000e+00
1618.402263	20716.253444	4.537500e-04	9.400000e+00
1619.425471	20677.518698	4.546000e-04	9.400000e+00
1620.449361	20641.647818	4.553900e-04	9.400000e+00
1621.474027	20631.680604	4.556100e-04	9.400000e+00
1622.497465	20606.352895	4.561700e-04	9.400000e+00
1623.521542	20572.529108	4.569200e-04	9.400000e+00
1624.546337	20551.389405	4.573900e-04	9.400000e+00
1625.570370	20531.189935	4.578400e-04	9.400000e+00
1626.594362	20510.135061	4.583100e-04	9.400000e+00
1627.618851	20498.506226	4.585700e-04	9.400000e+00
1628.643276	20462.807758	4.593700e-04	9.400000e+00
1629.667260	20426.789517	4.601800e-04	9.400000e+00
1630.691077	20394.437092	4.609100e-04	9.400000e+00
1631.714980	20353.809843	4.618300e-04	9.400000e+00
1632.739383	20315.100171	4.627100e-04	9.400000e+00
1633.762584	20271.727410	4.637000e-04	9.400000e+00
1634.785410	20251.201069	4.641700e-04	9.400000e+00
1635.809937	20236.813778	4.645000e-04	9.400000e+00
1636.834497	20204.191295	4.652500e-04	9.400000e+00
1637.858235	20155.238218	4.663800e-04	9.400000e+00
1638.882507	20144.871630	4.666200e-04	9.400000e+00
1639.906949	20128.048650	4.670100e-04	9.400000e+00
1640.931487	20097.923927	4.677100e-04	9.400000e+00
1641.955493	20064.034152	4.685000e-04	9.400000e+00
1642.979606	20044.353463	4.689600e-04	9.400000e+00
1644.004260	20018.740949	4.695600e-04	9.400000e+00
1645.028389	19990.642678	4.702200e-04	9.400000e+00
1646.053112	19963.047126	4.708700e-04	9.400000e+00
1647.077346	19916.942114	4.719600e-04	9.400000e+00
1648.101011	19877.352506	4.729000e-04	9.400000e+00
1649.125130	19837.082683	4.738600e-04	9.400000e+00
1650.149426	19821.187584	4.742400e-04	9.400000e+00
1651.173500	19780.728520	4.752100e-04	9.400000e+00
1652.197692	19753.293967	4.758700e-04	9.400000e+00
1653.221422	19722.210566	4.766200e-04	9.400000e+00
1654.245173	19714.765101	4.768000e-04	9.400000e+00
1655.269229	19684.627144	4.775300e-04	9.400000e+00
1656.293893	19654.992159	4.782500e-04	9.400000e+00
1657.317520	19627.905034	4.789100e-04	9.400000e+00
1658.341544	19602.936270	4.795200e-04	9.400000e+00
1659.366439	19576.400025	4.801700e-04	9.400000e+00
1660.390842	19561.733919	4.805300e-04	9.400000e+00
1661.415257	19543.432159	4.809800e-04	9.400000e+00
1662.439249	19524.759056	4.814400e-04	9.400000e+00
1663.463486	19516.246237	4.816500e-04	9.400000e+00
1664.488910	19491.156406	4.822700e-04	9.400000e+00
1665.512304	19459.683263	4.830500e-04	9.400000e+00
1666.536163	19434.738561	4.836700e-04	9.400000e+00
1667.559402	19414.668402	4.841700e-04	9.400000e+00
1668.583703	19398.241776	4.845800e-04	9.400000e+00
1669.607348	19384.241024	4.849300e-04	9.400000e+00
1670.631290	19374.252855	4.851800e-04	9.400000e+00
1671.655245	19350.323192	4.857800e-04	9.400000e+00
1672.679561	19343.553864	4.859500e-04	9.400000e+00
1673.703614	19316.523848	4.866300e-04	9.400000e+00
1674.727386	19299.470291	4.870600e-04	9.400000e+00
1675.751372	19283.237943	4.874700e-04	9.400000e+00
1676.775924	19279.282975	4.875700e-04	9.400000e+00
1677.800560	19286.403086	4.873900e-04	9.400000e+00
1678.826266	19280.864767	4.875300e-04	9.400000e+00
1679.849580	19273.353564	4.877200e-04	9.400000e+00
1680.873664	19258.348699	4.881000e-04	9.400000e+00
1681.897580	19239.822339	4.885700e-04	9.400000e+00
1682.922380	19226.442495	4.889100e-04	9.400000e+00
1683.946412	19229.589019	4.888300e-04	9.400000e+00
1684.970253	19216.616240	4.891600e-04	9.400000e+00
1685.994164	19188.372663	4.898800e-04	9.400000e+00
1687.017636	19164.899690	4.904800e-04	9.400000e+00
1688.041516	19140.314797	4.911100e-04	9.400000e+00
1689.065899	19123.570818	4.915400e-04	9.400000e+00
1690.090259	19109.963610	4.918900e-04	9.400000e+00
1691.115403	19110.352118	4.918800e-04	9.400000e+00
1692.139446	19102.196753	4.920900e-04	9.400000e+00
1693.163606	19090.558297	4.923900e-04	9.400000e+00
1694.187624	19080.483102	4.926500e-04	9.400000e+00
1695.212397	19068.484258	4.929600e-04	9.400000e+00
1696.236572	19077.385181	4.927300e-04	9.400000e+00
1697.260440	19069.257922	4.929400e-04	9.400000e+00
1698.284540	19091.333753	4.923700e-04	9.400000e+00
1699.308712	19096.375752	4.922400e-04	9.400000e+00
1700.332552	19082.419813	4.926000e-04	9.400000e+00
1701.356374	19065.003549	4.930500e-04	9.400000e+00
1702.380239	19085.906885	4.925100e-04	9.400000e+00
1703.404737	19079.708527	4.926700e-04	9.400000e+00
1704.427668	19073.514194	4.928300e-04	9.400000e+00
1705.451246	19073.127181	4.928400e-04	9.400000e+00
1706.475726	19059.591638	4.931900e-04	9.400000e+00
1707.500377	19040.288440	4.936900e-04	9.400000e+00
1708.523801	19028.725278	4.939900e-04	9.400000e+00
1709.547652	19017.560897	4.942800e-04	9.400000e+00
1710.571722	18999.110680	4.947600e-04	9.400000e+00
1711.595713	18986.446909	4.950900e-04	9.400000e+00
1712.619727	18981.846085	4.952100e-04	9.400000e+00
1713.643694	18968.822520	4.955500e-04	9.400000e+00
1714.667519	18946.265167	4.961400e-04	9.400000e+00
1715.691508	18927.571834	4.966300e-04	9.400000e+00
1716.715453	18935.960194	4.964100e-04	9.400000e+00
1717.740584	18951.995000	4.959900e-04	9.400000e+00
1718.764684	18952.759239	4.959700e-04	9.400000e+00
1719.787713	18936.723141	4.963900e-04	9.400000e+00
1720.811300	18916.145131	4.969300e-04	9.400000e+00
1721.835937	18895.611796	4.974700e-04	9.400000e+00
1722.860393	18881.568375	4.978400e-04	9.400000e+00
1723.884753	18873.228125	4.980600e-04	9.400000e+00
1724.908784	18868.303258	4.981900e-04	9.400000e+00
1725.933335	18857.704576	4.984700e-04	9.400000e+00
1726.956749	18847.117794	4.987500e-04	9.400000e+00
1727.980825	18859.974720	4.984100e-04	9.400000e+00
1729.004851	18853.544065	4.985800e-04	9.400000e+00
1730.029742	18836.542893	4.990300e-04	9.400000e+00
1731.053705	18845.228549	4.988000e-04	9.400000e+00
1732.078611	18825.979852	4.993100e-04	9.400000e+00
1733.102450	18810.910328	4.997100e-04	9.400000e+00
1734.125478	18795.489083	5.001200e-04	9.400000e+00
1735.148730	18784.596631	5.004100e-04	9.400000e+00
1736.171887	18781.594038	5.004900e-04	9.400000e+00
1737.194732	18774.466725	5.006800e-04	9.400000e+00
1738.218640	18766.970133	5.008800e-04	9.400000e+00
1739.242936	18766.970133	5.008800e-04	9.400000e+00
1740.266458	18774.466725	5.006800e-04	9.400000e+00
1741.290508	18760.977167	5.010400e-04	9.400000e+00
1742.314981	18764.347739	5.009500e-04	9.400000e+00
1743.339720	18753.117207	5.012500e-04	9.400000e+00
1744.364494	18748.628757	5.013700e-04	9.400000e+00
1745.387865	18749.750668	5.013400e-04	9.400000e+00
1746.411750	18743.021216	5.015200e-04	9.400000e+00
1747.436703	18750.872713	5.013100e-04	9.400000e+00
1748.460604	18737.043534	5.016800e-04	9.400000e+00
1749.484492	18759.853913	5.010700e-04	9.400000e+00
1750.508611	18762.849558	5.009900e-04	9.400000e+00
1751.532931	18753.491341	5.012400e-04	9.400000e+00
1752.558179	18752.368983	5.012700e-04	9.400000e+00
1753.583024	18745.263830	5.014600e-04	9.400000e+00
1754.607066	18726.591760	5.019600e-04	9.400000e+00
1755.630615	18730.323198	5.018600e-04	9.400000e+00
1756.654681	18710.191083	5.024000e-04	9.400000e+00
1757.678994	18693.447350	5.028500e-04	9.400000e+00
1758.703088	18679.331518	5.032300e-04	9.400000e+00
1759.726834	18674.507311	5.033600e-04	9.400000e+00
1760.750725	18664.125169	5.036400e-04	9.400000e+00
1761.774917	18651.533791	5.039800e-04	9.400000e+00
1762.799151	18642.286258	5.042300e-04	9.400000e+00
1763.822989	18641.916548	5.042400e-04	9.400000e+00
1764.846457	18634.156011	5.044500e-04	9.400000e+00
1765.869864	18633.417250	5.044700e-04	9.400000e+00
1766.892738	18642.286258	5.042300e-04	9.400000e+00
1767.917916	18640.807504	5.042700e-04	9.400000e+00
1768.941017	18658.568054	5.037900e-04	9.400000e+00
1769.965519	18643.025723	5.042100e-04	9.400000e+00
1770.989555	18663.013481	5.036700e-04	9.400000e+00
1772.013479	18651.533791	5.039800e-04	9.400000e+00
1773.036892	18654.494939	5.039000e-04	9.400000e+00
1774.061377	18642.286258	5.042300e-04	9.400000e+00
1775.086338	18639.328984	5.043100e-04	9.400000e+00
1776.110871	18630.832045	5.045400e-04	9.400000e+00
1777.135025	18640.068215	5.042900e-04	9.400000e+00
1778.158682	18640.068215	5.042900e-04	9.400000e+00
1779.183314	18625.294735	5.046900e-04	9.400000e+00
1780.207501	18632.309217	5.045000e-04	9.400000e+00
1781.231569	18619.023096	5.048600e-04	9.400000e+00
1782.255924	18631.570602	5.045200e-04	9.400000e+00
1783.280301	18623.449697	5.047400e-04	9.400000e+00
1784.304787	18605.019397	5.052400e-04	9.400000e+00
1785.330439	18591.772152	5.056000e-04	9.400000e+00
1786.353821	18602.442065	5.053100e-04	9.400000e+00
1787.378148	18616.441883	5.049300e-04	9.400000e+00
1788.401968	18609.807765	5.051100e-04	9.400000e+00
1789.425716	18607.597442	5.051700e-04	9.400000e+00
1790.449682	18617.179299	5.049100e-04	9.400000e+00
1791.474246	18601.337713	5.053400e-04	9.400000e+00
1792.497972	18589.566112	5.056600e-04	9.400000e+00
1793.521972	18592.139876	5.055900e-04	9.400000e+00
1794.545643	18572.303558	5.061300e-04	9.400000e+00
1795.570913	18559.835726	5.064700e-04	9.400000e+00
1796.595003	18562.034715	5.064100e-04	9.400000e+00
1797.619044	18571.202782	5.061600e-04	9.400000e+00
1798.642767	18567.167717	5.062700e-04	9.400000e+00
1799.666861	18540.068243	5.070100e-04	9.400000e+00
1800.690814	18518.518519	5.076000e-04	9.400000e+00
1801.715692	18507.944634	5.078900e-04	9.400000e+00
1802.740007	18504.665538	5.079800e-04	9.400000e+00
1803.763938	18507.215845	5.079100e-04	9.400000e+00
1804.787892	18511.953996	5.077800e-04	9.400000e+00
1805.812583	18529.469742	5.073000e-04	9.400000e+00
1806.835990	18521.802526	5.075100e-04	9.400000e+00
1807.859894	18536.412218	5.071100e-04	9.400000e+00
1808.885724	18552.509523	5.066700e-04	9.400000e+00
1809.911010	18554.340531	5.066200e-04	9.400000e+00
1810.935154	18553.974301	5.066300e-04	9.400000e+00
1811.959052	18540.799621	5.069900e-04	9.400000e+00
1812.984093	18532.026891	5.072300e-04	9.400000e+00
1814.009005	18499.931117	5.081100e-04	9.400000e+00
1815.032921	18491.924537	5.083300e-04	9.400000e+00
1816.056816	18485.378852	5.085100e-04	9.400000e+00
1817.081094	18491.197010	5.083500e-04	9.400000e+00
1818.105165	18481.380992	5.086200e-04	9.400000e+00
1819.129981	18477.748074	5.087200e-04	9.400000e+00
1820.154059	18470.486520	5.089200e-04	9.400000e+00
1821.178642	18472.664387	5.088600e-04	9.400000e+00
1822.202914	18470.123593	5.089300e-04	9.400000e+00
1823.226957	18474.116583	5.088200e-04	9.400000e+00
1824.250970	18464.318686	5.090900e-04	9.400000e+00
1825.275005	18484.288355	5.085400e-04	9.400000e+00
1826.299117	18490.469540	5.083700e-04	9.400000e+00
1827.323026	18506.487114	5.079300e-04	9.400000e+00
1828.347009	18496.654860	5.082000e-04	9.400000e+00
1829.370921	18472.664387	5.088600e-04	9.400000e+00
1830.396186	18470.849463	5.089100e-04	9.400000e+00
1831.421088	18449.098153	5.095100e-04	9.400000e+00
1832.445899	18436.071940	5.098700e-04	9.400000e+00
1833.470176	18445.839874	5.096000e-04	9.400000e+00
1834.493993	18435.348801	5.098900e-04	9.400000e+00
1835.517957	18429.565729	5.100500e-04	9.400000e+00
1836.541776	18435.710363	5.098800e-04	9.400000e+00
1837.565396	18423.425189	5.102200e-04	9.400000e+00
1838.589703	18420.536939	5.103000e-04	9.400000e+00
1839.614025	18442.944593	5.096800e-04	9.400000e+00
1840.637898	18430.649778	5.100200e-04	9.400000e+00
1841.662409	18437.880036	5.098200e-04	9.400000e+00
1842.686309	18433.179724	5.099500e-04	9.400000e+00
1843.710989	18415.845464	5.104300e-04	9.400000e+00
1844.734777	18406.469678	5.106900e-04	9.400000e+00
1845.759351	18405.748859	5.107100e-04	9.400000e+00
1846.784019	18402.145612	5.108100e-04	9.400000e+00
1847.808107	18404.667737	5.107400e-04	9.400000e+00
1848.831991	18388.106416	5.112000e-04	9.400000e+00
1849.856005	18379.477554	5.114400e-04	9.400000e+00
1850.879846	18376.962327	5.115100e-04	9.400000e+00
1851.903805	18377.321603	5.115000e-04	9.400000e+00
1852.927186	18378.758847	5.114600e-04	9.400000e+00
1853.951153	18371.933939	5.116500e-04	9.400000e+00
1854.974714	18371.933939	5.116500e-04	9.400000e+00
1855.998800	18370.497762	5.116900e-04	9.400000e+00
1857.022101	18366.549433	5.118000e-04	9.400000e+00
1858.046386	18357.223763	5.120600e-04	9.400000e+00
1859.070872	18349.698401	5.122700e-04	9.400000e+00
1860.094735	18345.042935	5.124000e-04	9.400000e+00
1861.119053	18341.463415	5.125000e-04	9.400000e+00
1862.143496	18336.096752	5.126500e-04	9.400000e+00
1863.167052	18330.375773	5.128100e-04	9.400000e+00
1864.191108	18327.516621	5.128900e-04	9.400000e+00
1865.214859	18327.516621	5.128900e-04	9.400000e+00
1866.237980	18331.090700	5.127900e-04	9.400000e+00
1867.261976	18339.316373	5.125600e-04	9.400000e+00
1868.285220	18331.448184	5.127800e-04	9.400000e+00
1869.308657	18331.448184	5.127800e-04	9.400000e+00
1870.332877	18337.527555	5.126100e-04	9.400000e+00
1871.357089	18335.739086	5.126600e-04	9.400000e+00
1872.380912	18341.105539	5.125100e-04	9.400000e+00
1873.404661	18341.463415	5.125000e-04	9.400000e+00
1874.429001	18345.042935	5.124000e-04	9.400000e+00
1875.454916	18339.674178	5.125500e-04	9.400000e+00
1876.478285	18333.950966	5.127100e-04	9.400000e+00
1877.501884	18359.733589	5.119900e-04	9.400000e+00
1878.527347	18370.138753	5.117000e-04	9.400000e+00
1879.551228	18365.472911	5.118300e-04	9.400000e+00
1880.575828	18366.908302	5.117900e-04	9.400000e+00
1881.599810	18378.758847	5.114600e-04	9.400000e+00
1882.622713	18371.933939	5.116500e-04	9.400000e+00
1883.647112	18351.489594	5.122200e-04	9.400000e+00
1884.669802	18331.090700	5.127900e-04	9.400000e+00
1885.693287	18316.088930	5.132100e-04	9.400000e+00
1886.717677	18306.101385	5.134900e-04	9.400000e+00
1887.742117	18303.249800	5.135700e-04	9.400000e+00
1888.766042	18301.468011	5.136200e-04	9.400000e+00
1889.790027	18301.111695	5.136300e-04	9.400000e+00
1890.814829	18299.686569	5.136700e-04	9.400000e+00
1891.838879	18294.700376	5.138100e-04	9.400000e+00
1892.863203	18293.276248	5.138500e-04	9.400000e+00
1893.888037	18290.784558	5.139200e-04	9.400000e+00
1894.913670	18292.208298	5.138800e-04	9.400000e+00
1895.937990	18289.716899	5.139500e-04	9.400000e+00
1896.962046	18286.514668	5.140400e-04	9.400000e+00
1897.986180	18282.957949	5.141400e-04	9.400000e+00
1899.010503	18277.270076	5.143000e-04	9.400000e+00
1900.034261	18273.006493	5.144200e-04	9.400000e+00
1901.058074	18275.138036	5.143600e-04	9.400000e+00
1902.081871	18270.520321	5.144900e-04	9.400000e+00
1903.106647	18268.034826	5.145600e-04	9.400000e+00
1904.130295	18258.808904	5.148200e-04	9.400000e+00
1905.155390	18257.035757	5.148700e-04	9.400000e+00
1906.179246	18259.872958	5.147900e-04	9.400000e+00
1907.204302	18253.490495	5.149700e-04	9.400000e+00
1908.228221	18262.356233	5.147200e-04	9.400000e+00
1909.252093	18266.614846	5.146000e-04	9.400000e+00
1910.276124	18274.072202	5.143900e-04	9.400000e+00
1911.300342	18282.602353	5.141500e-04	9.400000e+00
1912.324791	18286.514668	5.140400e-04	9.400000e+00
1913.349193	18278.691712	5.142600e-04	9.400000e+00
1914.373159	18266.969821	5.145900e-04	9.400000e+00
1915.397292	18256.681168	5.148800e-04	9.400000e+00
1916.421233	18247.466708	5.151400e-04	9.400000e+00
1917.444420	18238.615417	5.153900e-04	9.400000e+00
1918.467374	18237.553840	5.154200e-04	9.400000e+00
1919.490533	18234.369847	5.155100e-04	9.400000e+00
1920.515883	18232.247803	5.155700e-04	9.400000e+00
1921.539517	18228.005197	5.156900e-04	9.400000e+00
1922.563239	18231.894177	5.155800e-04	9.400000e+00
1923.586854	18238.615417	5.153900e-04	9.400000e+00
1924.611268	18249.237997	5.150900e-04	9.400000e+00
1925.635583	18259.163575	5.148100e-04	9.400000e+00
1926.659084	18266.614846	5.146000e-04	9.400000e+00
1927.684511	18271.585740	5.144600e-04	9.400000e+00
1928.708354	18264.840183	5.146500e-04	9.400000e+00
1929.732262	18281.180109	5.141900e-04	9.400000e+00
1930.756421	18290.428658	5.139300e-04	9.400000e+00
1931.780938	18291.140472	5.139100e-04	9.400000e+00
1932.805296	18269.810111	5.145100e-04	9.400000e+00
1933.828350	18260.227670	5.147800e-04	9.400000e+00
1934.852427	18270.165209	5.145000e-04	9.400000e+00
1935.877000	18258.454247	5.148300e-04	9.400000e+00
1936.901235	18243.925161	5.152400e-04	9.400000e+00
1937.925421	18234.369847	5.155100e-04	9.400000e+00
1938.950574	18230.126253	5.156300e-04	9.400000e+00
1939.975127	18238.969304	5.153800e-04	9.400000e+00
1940.999275	18246.758289	5.151600e-04	9.400000e+00
