Time	SourceV	Current	Voltage
1.028744	8269322.650594	2.720900e-06	2.250000e+01
2.400039	6188118.811881	3.636000e-06	2.250000e+01
3.449028	5192826.975005	4.332900e-06	2.250000e+01
4.486608	4432624.113475	5.076000e-06	2.250000e+01
5.520585	3896103.896104	5.775000e-06	2.250000e+01
6.560715	3504290.809413	6.420700e-06	2.250000e+01
7.589443	3244131.726166	6.935600e-06	2.250000e+01
8.615840	3084304.318026	7.295000e-06	2.250000e+01
9.640375	2998480.769743	7.503800e-06	2.250000e+01
10.664892	2963255.630186	7.593000e-06	2.250000e+01
11.688898	2961227.659182	7.598200e-06	2.250000e+01
12.712921	2985351.873474	7.536800e-06	2.250000e+01
13.737840	3014994.573010	7.462700e-06	2.250000e+01
14.762588	3045932.664582	7.386900e-06	2.250000e+01
15.788479	3074652.564260	7.317900e-06	2.250000e+01
16.812801	3099984.844519	7.258100e-06	2.250000e+01
17.837084	3117120.611787	7.218200e-06	2.250000e+01
18.862011	3128476.084538	7.192000e-06	2.250000e+01
19.886844	3127258.575638	7.194800e-06	2.250000e+01
20.910801	3118373.456405	7.215300e-06	2.250000e+01
21.935506	3104047.678172	7.248600e-06	2.250000e+01
22.960216	3086250.411500	7.290400e-06	2.250000e+01
23.984479	3058270.242351	7.357100e-06	2.250000e+01
25.007803	3028549.123067	7.429300e-06	2.250000e+01
26.031776	2992976.481856	7.517600e-06	2.250000e+01
27.056074	2954617.081626	7.615200e-06	2.250000e+01
28.080640	2915678.575594	7.716900e-06	2.250000e+01
29.105777	2877495.427979	7.819300e-06	2.250000e+01
30.129744	2836003.377995	7.933700e-06	2.250000e+01
31.154355	2794718.602889	8.050900e-06	2.250000e+01
32.179381	2752630.291167	8.174000e-06	2.250000e+01
33.205012	2709570.201953	8.303900e-06	2.250000e+01
34.229510	2666793.092413	8.437100e-06	2.250000e+01
35.252737	2625406.938075	8.570100e-06	2.250000e+01
36.276968	2586028.549755	8.700600e-06	2.250000e+01
37.300795	2544183.995387	8.843700e-06	2.250000e+01
38.324787	2504842.695879	8.982600e-06	2.250000e+01
39.348933	2460226.340823	9.145500e-06	2.250000e+01
40.372783	2421073.019562	9.293400e-06	2.250000e+01
41.396992	2380851.604165	9.450400e-06	2.250000e+01
42.420820	2342676.273375	9.604400e-06	2.250000e+01
43.444916	2306343.983517	9.755700e-06	2.250000e+01
44.468502	2269311.843791	9.914900e-06	2.250000e+01
45.492689	2238137.869293	1.005300e-05	2.250000e+01
46.516878	2201565.557730	1.022000e-05	2.250000e+01
47.541013	2163669.583614	1.039900e-05	2.250000e+01
48.564959	2129875.047331	1.056400e-05	2.250000e+01
49.589032	2098880.597015	1.072000e-05	2.250000e+01
50.612997	2070107.645598	1.086900e-05	2.250000e+01
51.637103	2039151.712887	1.103400e-05	2.250000e+01
52.660649	2011083.303540	1.118800e-05	2.250000e+01
53.684570	1981680.465034	1.135400e-05	2.250000e+01
54.708813	1954821.894005	1.151000e-05	2.250000e+01
55.733158	1928351.045595	1.166800e-05	2.250000e+01
56.757821	1900016.889039	1.184200e-05	2.250000e+01
57.781903	1875156.263022	1.199900e-05	2.250000e+01
58.805636	1852919.377419	1.214300e-05	2.250000e+01
59.829868	1830458.835015	1.229200e-05	2.250000e+01
60.854472	1807374.086272	1.244900e-05	2.250000e+01
61.878585	1782037.066371	1.262600e-05	2.250000e+01
62.902962	1758636.861029	1.279400e-05	2.250000e+01
63.927521	1734505.087882	1.297200e-05	2.250000e+01
64.950957	1712068.178359	1.314200e-05	2.250000e+01
65.975728	1690458.302029	1.331000e-05	2.250000e+01
66.999901	1668644.319193	1.348400e-05	2.250000e+01
68.024761	1647506.773083	1.365700e-05	2.250000e+01
69.051457	1628428.747195	1.381700e-05	2.250000e+01
70.076188	1609096.760352	1.398300e-05	2.250000e+01
71.100841	1589432.042950	1.415600e-05	2.250000e+01
72.124921	1569256.521133	1.433800e-05	2.250000e+01
73.149044	1552259.399793	1.449500e-05	2.250000e+01
74.172837	1534160.643666	1.466600e-05	2.250000e+01
75.196976	1515457.668216	1.484700e-05	2.250000e+01
76.220681	1498800.959233	1.501200e-05	2.250000e+01
77.244803	1482408.749506	1.517800e-05	2.250000e+01
78.269051	1464939.123641	1.535900e-05	2.250000e+01
79.293044	1448995.363215	1.552800e-05	2.250000e+01
80.317048	1433394.916226	1.569700e-05	2.250000e+01
81.342441	1416163.141994	1.588800e-05	2.250000e+01
82.366880	1401083.504577	1.605900e-05	2.250000e+01
83.391658	1385126.816055	1.624400e-05	2.250000e+01
84.415014	1371867.569051	1.640100e-05	2.250000e+01
85.439210	1356238.698011	1.659000e-05	2.250000e+01
86.462876	1341041.840505	1.677800e-05	2.250000e+01
87.487159	1326025.459689	1.696800e-05	2.250000e+01
88.510806	1313331.776792	1.713200e-05	2.250000e+01
89.535201	1298701.298701	1.732500e-05	2.250000e+01
90.558811	1285934.731668	1.749700e-05	2.250000e+01
91.582630	1274354.327141	1.765600e-05	2.250000e+01
92.605986	1260433.589155	1.785100e-05	2.250000e+01
93.630726	1248474.087227	1.802200e-05	2.250000e+01
94.655840	1236943.375481	1.819000e-05	2.250000e+01
95.679736	1226024.411508	1.835200e-05	2.250000e+01
96.704092	1215165.262476	1.851600e-05	2.250000e+01
97.729172	1203659.123736	1.869300e-05	2.250000e+01
98.752836	1192874.562613	1.886200e-05	2.250000e+01
99.777804	1181598.571579	1.904200e-05	2.250000e+01
100.801855	1170229.364956	1.922700e-05	2.250000e+01
101.826184	1158718.714595	1.941800e-05	2.250000e+01
102.849892	1147022.838499	1.961600e-05	2.250000e+01
103.873723	1136076.748296	1.980500e-05	2.250000e+01
104.896991	1125675.405243	1.998800e-05	2.250000e+01
105.921260	1113806.247215	2.020100e-05	2.250000e+01
106.944858	1102292.768959	2.041200e-05	2.250000e+01
107.969680	1091914.976221	2.060600e-05	2.250000e+01
108.992927	1081938.834391	2.079600e-05	2.250000e+01
110.017399	1074703.859381	2.093600e-05	2.250000e+01
111.041843	1065593.180204	2.111500e-05	2.250000e+01
112.065930	1056090.119690	2.130500e-05	2.250000e+01
113.089861	1046414.287043	2.150200e-05	2.250000e+01
114.114218	1036197.844708	2.171400e-05	2.250000e+01
115.139001	1025898.230895	2.193200e-05	2.250000e+01
116.162759	1016719.385450	2.213000e-05	2.250000e+01
117.187125	1007432.613952	2.233400e-05	2.250000e+01
118.211174	997340.425532	2.256000e-05	2.250000e+01
119.235964	987535.112360	2.278400e-05	2.250000e+01
120.261100	978345.943125	2.299800e-05	2.250000e+01
121.284849	968658.515585	2.322800e-05	2.250000e+01
122.308845	958548.119116	2.347300e-05	2.250000e+01
123.332836	948686.596112	2.371700e-05	2.250000e+01
124.357784	941028.858218	2.391000e-05	2.250000e+01
125.380830	932526.525199	2.412800e-05	2.250000e+01
126.404227	924252.382517	2.434400e-05	2.250000e+01
127.427128	916347.641932	2.455400e-05	2.250000e+01
128.452784	907770.515614	2.478600e-05	2.250000e+01
129.476111	899748.070540	2.500700e-05	2.250000e+01
130.500353	892502.975010	2.521000e-05	2.250000e+01
131.524075	883288.187493	2.547300e-05	2.250000e+01
132.548257	875520.448266	2.569900e-05	2.250000e+01
133.572207	866751.415694	2.595900e-05	2.250000e+01
134.596285	858582.004121	2.620600e-05	2.250000e+01
135.620072	850500.850501	2.645500e-05	2.250000e+01
136.645134	842822.894816	2.669600e-05	2.250000e+01
137.669081	834476.875719	2.696300e-05	2.250000e+01
138.694790	827692.760447	2.718400e-05	2.250000e+01
139.721108	819911.085198	2.744200e-05	2.250000e+01
140.747039	810956.929176	2.774500e-05	2.250000e+01
141.770768	803313.220750	2.800900e-05	2.250000e+01
142.794693	795418.390073	2.828700e-05	2.250000e+01
143.818319	787815.126050	2.856000e-05	2.250000e+01
144.842224	780166.435506	2.884000e-05	2.250000e+01
145.866098	772373.073358	2.913100e-05	2.250000e+01
146.890150	764681.892333	2.942400e-05	2.250000e+01
147.914596	757065.948856	2.972000e-05	2.250000e+01
148.939244	748951.467945	3.004200e-05	2.250000e+01
149.962984	741057.901324	3.036200e-05	2.250000e+01
150.987257	732517.254851	3.071600e-05	2.250000e+01
152.011237	725408.646871	3.101700e-05	2.250000e+01
153.035901	718161.506543	3.133000e-05	2.250000e+01
154.060428	710137.608888	3.168400e-05	2.250000e+01
155.083972	702927.301696	3.200900e-05	2.250000e+01
156.108253	695238.389519	3.236300e-05	2.250000e+01
157.132058	687631.796094	3.272100e-05	2.250000e+01
158.155761	680539.592281	3.306200e-05	2.250000e+01
159.179242	673249.551167	3.342000e-05	2.250000e+01
160.203316	665444.220987	3.381200e-05	2.250000e+01
161.228057	658183.413778	3.418500e-05	2.250000e+01
162.252921	651984.931904	3.451000e-05	2.250000e+01
163.277029	646236.034121	3.481700e-05	2.250000e+01
164.301188	638678.361577	3.522900e-05	2.250000e+01
165.325987	631082.938322	3.565300e-05	2.250000e+01
166.350837	623614.190687	3.608000e-05	2.250000e+01
167.375479	615830.961244	3.653600e-05	2.250000e+01
168.399289	608108.108108	3.700000e-05	2.250000e+01
169.423087	600464.359104	3.747100e-05	2.250000e+01
170.446993	593323.136965	3.792200e-05	2.250000e+01
171.471143	585495.329048	3.842900e-05	2.250000e+01
172.495431	577307.948889	3.897400e-05	2.250000e+01
173.520106	569044.006070	3.954000e-05	2.250000e+01
174.544075	560258.964143	4.016000e-05	2.250000e+01
175.568316	552554.027505	4.072000e-05	2.250000e+01
176.592525	545163.791432	4.127200e-05	2.250000e+01
177.616147	539361.396107	4.171600e-05	2.250000e+01
178.639976	533150.087674	4.220200e-05	2.250000e+01
179.662896	525026.251313	4.285500e-05	2.250000e+01
180.688545	516469.643062	4.356500e-05	2.250000e+01
181.715625	508589.511754	4.424000e-05	2.250000e+01
182.740357	500133.368898	4.498800e-05	2.250000e+01
183.764317	492427.558435	4.569200e-05	2.250000e+01
184.788299	484068.759278	4.648100e-05	2.250000e+01
185.812940	475355.460250	4.733300e-05	2.250000e+01
186.838164	466417.910448	4.824000e-05	2.250000e+01
187.862233	457465.842550	4.918400e-05	2.250000e+01
188.885253	448707.721761	5.014400e-05	2.250000e+01
189.908830	440132.235285	5.112100e-05	2.250000e+01
190.935004	431381.571379	5.215800e-05	2.250000e+01
191.959013	422559.017409	5.324700e-05	2.250000e+01
192.982832	414677.749313	5.425900e-05	2.250000e+01
194.007734	405997.942944	5.541900e-05	2.250000e+01
195.033881	398582.816652	5.645000e-05	2.250000e+01
196.060540	391283.933012	5.750300e-05	2.250000e+01
197.085861	383017.840120	5.874400e-05	2.250000e+01
198.111308	375000.000000	6.000000e-05	2.250000e+01
199.136416	367905.554556	6.115700e-05	2.250000e+01
200.160302	360773.498381	6.236600e-05	2.250000e+01
201.184532	353740.213187	6.360600e-05	2.250000e+01
202.208317	346639.140951	6.490900e-05	2.250000e+01
203.232261	339310.220024	6.631100e-05	2.250000e+01
204.256151	331648.069808	6.784300e-05	2.250000e+01
205.279320	323806.234349	6.948600e-05	2.250000e+01
206.303200	317249.936550	7.092200e-05	2.250000e+01
207.327737	311453.171285	7.224200e-05	2.250000e+01
208.352288	306059.987758	7.351500e-05	2.250000e+01
209.376164	300745.849707	7.481400e-05	2.250000e+01
210.399369	295574.267961	7.612300e-05	2.250000e+01
211.422855	291454.552520	7.719900e-05	2.250000e+01
212.448949	286401.649674	7.856100e-05	2.250000e+01
213.472917	282329.911913	7.969400e-05	2.250000e+01
214.496298	276984.439630	8.123200e-05	2.250000e+01
215.520953	271670.228565	8.282100e-05	2.250000e+01
216.545337	266246.982534	8.450800e-05	2.250000e+01
217.570425	261345.289396	8.609300e-05	2.250000e+01
218.594369	257369.342164	8.742300e-05	2.250000e+01
219.618907	253784.204471	8.865800e-05	2.250000e+01
220.643459	250275.302833	8.990100e-05	2.250000e+01
221.667197	245971.532895	9.147400e-05	2.250000e+01
222.690931	240235.751351	9.365800e-05	2.250000e+01
223.716326	235597.160269	9.550200e-05	2.250000e+01
224.740027	231414.818776	9.722800e-05	2.250000e+01
225.764263	227774.290863	9.878200e-05	2.250000e+01
226.788047	224506.086609	1.002200e-04	2.250000e+01
227.812442	221173.695075	1.017300e-04	2.250000e+01
228.836333	217643.644806	1.033800e-04	2.250000e+01
229.861962	214244.905732	1.050200e-04	2.250000e+01
230.885400	210832.083958	1.067200e-04	2.250000e+01
231.910313	207622.035619	1.083700e-04	2.250000e+01
232.934304	204433.945121	1.100600e-04	2.250000e+01
233.960225	201576.778355	1.116200e-04	2.250000e+01
234.984237	198798.374271	1.131800e-04	2.250000e+01
236.008314	196061.345417	1.147600e-04	2.250000e+01
237.032821	193398.659103	1.163400e-04	2.250000e+01
238.057961	190710.289880	1.179800e-04	2.250000e+01
239.081244	188379.102478	1.194400e-04	2.250000e+01
240.104467	186119.612871	1.208900e-04	2.250000e+01
241.127413	183838.548901	1.223900e-04	2.250000e+01
242.152179	181744.749596	1.238000e-04	2.250000e+01
243.176476	179612.037998	1.252700e-04	2.250000e+01
244.200169	177556.818182	1.267200e-04	2.250000e+01
245.225687	175520.711444	1.281900e-04	2.250000e+01
246.250433	173570.932654	1.296300e-04	2.250000e+01
247.274369	171533.124952	1.311700e-04	2.250000e+01
248.299479	169555.388093	1.327000e-04	2.250000e+01
249.323693	167647.716266	1.342100e-04	2.250000e+01
250.349227	165636.042403	1.358400e-04	2.250000e+01
251.373107	163779.298297	1.373800e-04	2.250000e+01
252.397480	161963.720127	1.389200e-04	2.250000e+01
253.422695	160210.766163	1.404400e-04	2.250000e+01
254.446283	158450.704225	1.420000e-04	2.250000e+01
255.470157	156750.731503	1.435400e-04	2.250000e+01
256.494195	155151.013653	1.450200e-04	2.250000e+01
257.518276	153395.145896	1.466800e-04	2.250000e+01
258.542447	151780.895845	1.482400e-04	2.250000e+01
259.566377	150220.323141	1.497800e-04	2.250000e+01
260.590304	148671.864676	1.513400e-04	2.250000e+01
261.614985	147058.823529	1.530000e-04	2.250000e+01
262.639378	145536.869340	1.546000e-04	2.250000e+01
263.663511	144073.765768	1.561700e-04	2.250000e+01
264.688106	142657.874715	1.577200e-04	2.250000e+01
265.712697	141225.207130	1.593200e-04	2.250000e+01
266.737140	139829.718476	1.609100e-04	2.250000e+01
267.761365	138478.581979	1.624800e-04	2.250000e+01
268.785456	137153.306919	1.640500e-04	2.250000e+01
269.809622	135861.361029	1.656100e-04	2.250000e+01
270.833471	134537.192059	1.672400e-04	2.250000e+01
271.857514	133262.260128	1.688400e-04	2.250000e+01
272.881220	131988.033085	1.704700e-04	2.250000e+01
273.905514	130722.751569	1.721200e-04	2.250000e+01
274.929289	129488.950276	1.737600e-04	2.250000e+01
275.953263	128205.128205	1.755000e-04	2.250000e+01
276.977283	127032.520325	1.771200e-04	2.250000e+01
278.001590	125874.125874	1.787500e-04	2.250000e+01
279.026233	124674.461129	1.804700e-04	2.250000e+01
280.051235	123504.226589	1.821800e-04	2.250000e+01
281.075411	122322.496466	1.839400e-04	2.250000e+01
282.099492	121195.798546	1.856500e-04	2.250000e+01
283.123775	120057.627661	1.874100e-04	2.250000e+01
284.149141	118959.500899	1.891400e-04	2.250000e+01
285.174107	117905.989624	1.908300e-04	2.250000e+01
286.198390	116834.562260	1.925800e-04	2.250000e+01
287.222930	115794.349236	1.943100e-04	2.250000e+01
288.248181	114760.787514	1.960600e-04	2.250000e+01
289.272212	113774.271845	1.977600e-04	2.250000e+01
290.296225	112804.572345	1.994600e-04	2.250000e+01
291.320554	111856.823266	2.011500e-04	2.250000e+01
292.345354	110892.065057	2.029000e-04	2.250000e+01
293.368500	109981.425359	2.045800e-04	2.250000e+01
294.392327	109006.346592	2.064100e-04	2.250000e+01
295.416210	108063.973873	2.082100e-04	2.250000e+01
296.441341	107096.958446	2.100900e-04	2.250000e+01
297.465459	106202.209006	2.118600e-04	2.250000e+01
298.489498	105287.786617	2.137000e-04	2.250000e+01
299.513971	104447.126543	2.154200e-04	2.250000e+01
300.538231	103624.556717	2.171300e-04	2.250000e+01
301.562107	102786.660576	2.189000e-04	2.250000e+01
302.586728	101911.405019	2.207800e-04	2.250000e+01
303.610845	101050.929669	2.226600e-04	2.250000e+01
304.634705	100164.715310	2.246300e-04	2.250000e+01
305.658346	99298.292069	2.265900e-04	2.250000e+01
306.682455	98489.822718	2.284500e-04	2.250000e+01
307.706720	97652.011631	2.304100e-04	2.250000e+01
308.731519	96795.009680	2.324500e-04	2.250000e+01
309.754627	95961.103766	2.344700e-04	2.250000e+01
310.778453	95165.588123	2.364300e-04	2.250000e+01
311.802407	94438.614900	2.382500e-04	2.250000e+01
312.826533	93648.547407	2.402600e-04	2.250000e+01
313.850388	92909.939299	2.421700e-04	2.250000e+01
314.875447	92179.114261	2.440900e-04	2.250000e+01
315.899752	91478.289153	2.459600e-04	2.250000e+01
316.925294	90703.861969	2.480600e-04	2.250000e+01
317.949376	90007.200576	2.499800e-04	2.250000e+01
318.973340	89296.344803	2.519700e-04	2.250000e+01
319.997427	88582.677165	2.540000e-04	2.250000e+01
321.021467	87890.625000	2.560000e-04	2.250000e+01
322.045374	87205.922251	2.580100e-04	2.250000e+01
323.069392	86505.190311	2.601000e-04	2.250000e+01
324.093051	85799.267846	2.622400e-04	2.250000e+01
325.117182	85146.641438	2.642500e-04	2.250000e+01
326.141160	84580.106759	2.660200e-04	2.250000e+01
327.165241	83936.432142	2.680600e-04	2.250000e+01
328.189099	83259.325044	2.702400e-04	2.250000e+01
329.213249	82577.898484	2.724700e-04	2.250000e+01
330.237693	81928.412774	2.746300e-04	2.250000e+01
331.262380	81292.000867	2.767800e-04	2.250000e+01
332.286561	80676.969414	2.788900e-04	2.250000e+01
333.310513	80045.537017	2.810900e-04	2.250000e+01
334.334560	79468.795253	2.831300e-04	2.250000e+01
335.358629	78878.177038	2.852500e-04	2.250000e+01
336.382622	78282.652564	2.874200e-04	2.250000e+01
337.406691	77669.232628	2.896900e-04	2.250000e+01
338.431417	77075.911209	2.919200e-04	2.250000e+01
339.455251	76520.201333	2.940400e-04	2.250000e+01
340.479707	75987.841945	2.961000e-04	2.250000e+01
341.503621	75435.008549	2.982700e-04	2.250000e+01
342.527537	74867.733671	3.005300e-04	2.250000e+01
343.551328	74299.111713	3.028300e-04	2.250000e+01
344.576029	73726.980798	3.051800e-04	2.250000e+01
345.599621	73163.593796	3.075300e-04	2.250000e+01
346.623621	72648.606761	3.097100e-04	2.250000e+01
347.647697	72122.319454	3.119700e-04	2.250000e+01
348.671770	71592.210767	3.142800e-04	2.250000e+01
349.696220	71065.348536	3.166100e-04	2.250000e+01
350.722664	70548.396200	3.189300e-04	2.250000e+01
351.746685	70075.993522	3.210800e-04	2.250000e+01
352.770626	69584.042060	3.233500e-04	2.250000e+01
353.795630	69094.705810	3.256400e-04	2.250000e+01
354.820464	68612.203824	3.279300e-04	2.250000e+01
355.845314	68128.141464	3.302600e-04	2.250000e+01
356.869724	67624.428949	3.327200e-04	2.250000e+01
357.894184	67134.119051	3.351500e-04	2.250000e+01
358.918583	66672.593119	3.374700e-04	2.250000e+01
359.942442	66231.013776	3.397200e-04	2.250000e+01
360.965774	65787.550072	3.420100e-04	2.250000e+01
361.989839	65319.630726	3.444600e-04	2.250000e+01
363.014242	64882.634523	3.467800e-04	2.250000e+01
364.037667	64449.600412	3.491100e-04	2.250000e+01
365.061573	64020.486556	3.514500e-04	2.250000e+01
366.086034	63582.671603	3.538700e-04	2.250000e+01
367.110754	63156.121933	3.562600e-04	2.250000e+01
368.134725	62735.257215	3.586500e-04	2.250000e+01
369.158796	62294.083446	3.611900e-04	2.250000e+01
370.183417	61867.575891	3.636800e-04	2.250000e+01
371.207757	61438.479602	3.662200e-04	2.250000e+01
372.231730	61030.189600	3.686700e-04	2.250000e+01
373.255608	60604.428164	3.712600e-04	2.250000e+01
374.279579	60210.334769	3.736900e-04	2.250000e+01
375.303571	59802.253881	3.762400e-04	2.250000e+01
376.327434	59399.667362	3.787900e-04	2.250000e+01
377.351014	58969.990827	3.815500e-04	2.250000e+01
378.376012	58569.346106	3.841600e-04	2.250000e+01
379.400552	58190.658460	3.866600e-04	2.250000e+01
380.423810	57816.836263	3.891600e-04	2.250000e+01
381.448332	57453.654052	3.916200e-04	2.250000e+01
382.471706	57113.846935	3.939500e-04	2.250000e+01
383.495867	56763.711590	3.963800e-04	2.250000e+01
384.519813	56390.977444	3.990000e-04	2.250000e+01
385.543812	56028.686688	4.015800e-04	2.250000e+01
386.567829	55660.003958	4.042400e-04	2.250000e+01
387.591825	55267.618088	4.071100e-04	2.250000e+01
388.615702	54902.152164	4.098200e-04	2.250000e+01
389.639554	54544.132263	4.125100e-04	2.250000e+01
390.663733	54227.320929	4.149200e-04	2.250000e+01
391.687662	53880.600589	4.175900e-04	2.250000e+01
392.711472	53498.823026	4.205700e-04	2.250000e+01
393.735434	53137.472546	4.234300e-04	2.250000e+01
394.759864	52814.421858	4.260200e-04	2.250000e+01
395.783718	52496.500233	4.286000e-04	2.250000e+01
396.807651	52153.354040	4.314200e-04	2.250000e+01
397.832076	51792.003315	4.344300e-04	2.250000e+01
398.856670	51473.279649	4.371200e-04	2.250000e+01
399.881564	51146.825487	4.399100e-04	2.250000e+01
400.905550	50831.375384	4.426400e-04	2.250000e+01
401.929625	50524.330272	4.453300e-04	2.250000e+01
402.954371	50215.368134	4.480700e-04	2.250000e+01
403.978801	49909.054612	4.508200e-04	2.250000e+01
405.003335	49593.334656	4.536900e-04	2.250000e+01
406.027378	49276.187556	4.566100e-04	2.250000e+01
407.051440	48987.589811	4.593000e-04	2.250000e+01
408.075664	48696.028568	4.620500e-04	2.250000e+01
409.099650	48397.504840	4.649000e-04	2.250000e+01
410.123672	48113.933795	4.676400e-04	2.250000e+01
411.148091	47824.515910	4.704700e-04	2.250000e+01
412.171636	47536.550325	4.733200e-04	2.250000e+01
413.195676	47249.055019	4.762000e-04	2.250000e+01
414.219825	46968.937876	4.790400e-04	2.250000e+01
415.244224	46692.122520	4.818800e-04	2.250000e+01
416.267888	46406.104981	4.848500e-04	2.250000e+01
417.291828	46137.757090	4.876700e-04	2.250000e+01
418.315783	45862.209539	4.906000e-04	2.250000e+01
419.340438	45569.620253	4.937500e-04	2.250000e+01
420.364745	45273.451648	4.969800e-04	2.250000e+01
421.388514	45014.404609	4.998400e-04	2.250000e+01
422.412505	44735.167807	5.029600e-04	2.250000e+01
423.436015	44452.347084	5.061600e-04	2.250000e+01
424.460725	44184.356774	5.092300e-04	2.250000e+01
425.483995	43911.007026	5.124000e-04	2.250000e+01
426.508477	43649.484936	5.154700e-04	2.250000e+01
427.533252	43379.347575	5.186800e-04	2.250000e+01
428.557780	43106.751475	5.219600e-04	2.250000e+01
429.581731	42826.960047	5.253700e-04	2.250000e+01
430.605580	42555.605992	5.287200e-04	2.250000e+01
431.630043	42302.775062	5.318800e-04	2.250000e+01
432.653874	42045.858016	5.351300e-04	2.250000e+01
433.678660	41793.595364	5.383600e-04	2.250000e+01
434.702721	41539.739684	5.416500e-04	2.250000e+01
435.727520	41322.314050	5.445000e-04	2.250000e+01
436.752616	41131.199386	5.470300e-04	2.250000e+01
437.778613	40906.859626	5.500300e-04	2.250000e+01
438.802791	40657.017401	5.534100e-04	2.250000e+01
439.826784	40424.002875	5.566000e-04	2.250000e+01
440.851166	40166.378064	5.601700e-04	2.250000e+01
441.875831	39912.724176	5.637300e-04	2.250000e+01
442.899760	39668.547250	5.672000e-04	2.250000e+01
443.923679	39411.455596	5.709000e-04	2.250000e+01
444.948272	39162.445825	5.745300e-04	2.250000e+01
445.972984	38921.275234	5.780900e-04	2.250000e+01
446.997033	38690.373835	5.815400e-04	2.250000e+01
448.021559	38464.168490	5.849600e-04	2.250000e+01
449.045179	38223.052748	5.886500e-04	2.250000e+01
450.070823	37999.054246	5.921200e-04	2.250000e+01
451.094518	37763.716621	5.958100e-04	2.250000e+01
452.117992	37527.520181	5.995600e-04	2.250000e+01
453.142380	37300.442632	6.032100e-04	2.250000e+01
454.166915	37085.263141	6.067100e-04	2.250000e+01
455.191088	36846.587187	6.106400e-04	2.250000e+01
456.215691	36628.843994	6.142700e-04	2.250000e+01
457.240268	36421.321851	6.177700e-04	2.250000e+01
458.263660	36212.057811	6.213400e-04	2.250000e+01
459.287460	35991.937806	6.251400e-04	2.250000e+01
460.311078	35781.873698	6.288100e-04	2.250000e+01
461.335339	35547.831582	6.329500e-04	2.250000e+01
462.359428	35338.463955	6.367000e-04	2.250000e+01
463.383790	35123.321886	6.406000e-04	2.250000e+01
464.407833	34914.033890	6.444400e-04	2.250000e+01
465.433191	34693.846083	6.485300e-04	2.250000e+01
466.456918	34480.644865	6.525400e-04	2.250000e+01
467.480972	34283.624617	6.562900e-04	2.250000e+01
468.504839	34074.388175	6.603200e-04	2.250000e+01
469.529323	33868.200018	6.643400e-04	2.250000e+01
470.552960	33669.529824	6.682600e-04	2.250000e+01
471.578758	33470.687116	6.722300e-04	2.250000e+01
472.603017	33277.131955	6.761400e-04	2.250000e+01
473.626945	33070.727262	6.803600e-04	2.250000e+01
474.650585	32876.472135	6.843800e-04	2.250000e+01
475.674620	32683.536213	6.884200e-04	2.250000e+01
476.699806	32505.995550	6.921800e-04	2.250000e+01
477.725148	32305.770529	6.964700e-04	2.250000e+01
478.750402	32095.630715	7.010300e-04	2.250000e+01
479.774920	31884.140120	7.056800e-04	2.250000e+01
480.798985	31693.711968	7.099200e-04	2.250000e+01
481.822926	31510.398431	7.140500e-04	2.250000e+01
482.847657	31303.476773	7.187700e-04	2.250000e+01
483.872898	31109.144706	7.232600e-04	2.250000e+01
484.896618	30911.264065	7.278900e-04	2.250000e+01
485.921009	30711.692282	7.326200e-04	2.250000e+01
486.945293	30520.061854	7.372200e-04	2.250000e+01
487.969626	30332.443582	7.417800e-04	2.250000e+01
488.993869	30142.675330	7.464500e-04	2.250000e+01
490.017924	29956.064439	7.511000e-04	2.250000e+01
491.042052	29775.689803	7.556500e-04	2.250000e+01
492.067542	29605.652706	7.599900e-04	2.250000e+01
493.093685	29417.148236	7.648600e-04	2.250000e+01
494.117760	29232.168377	7.697000e-04	2.250000e+01
495.141080	29036.004646	7.749000e-04	2.250000e+01
496.164791	28839.128930	7.801900e-04	2.250000e+01
497.188996	28683.247709	7.844300e-04	2.250000e+01
498.212719	28561.998578	7.877600e-04	2.250000e+01
499.236028	28380.423814	7.928000e-04	2.250000e+01
500.260146	28191.249436	7.981200e-04	2.250000e+01
501.284009	27985.770790	8.039800e-04	2.250000e+01
502.308028	27798.025722	8.094100e-04	2.250000e+01
503.332297	27606.684499	8.150200e-04	2.250000e+01
504.356597	27415.954867	8.206900e-04	2.250000e+01
505.380721	27235.093326	8.261400e-04	2.250000e+01
506.404948	27055.301035	8.316300e-04	2.250000e+01
507.429278	26876.582732	8.371600e-04	2.250000e+01
508.452973	26693.874646	8.428900e-04	2.250000e+01
509.477072	26519.884020	8.484200e-04	2.250000e+01
510.500933	26330.263420	8.545300e-04	2.250000e+01
511.525297	26166.137529	8.598900e-04	2.250000e+01
512.549722	25993.230208	8.656100e-04	2.250000e+01
513.573136	25814.001514	8.716200e-04	2.250000e+01
514.596099	25651.841802	8.771300e-04	2.250000e+01
515.621712	25482.468062	8.829600e-04	2.250000e+01
516.645813	25311.614094	8.889200e-04	2.250000e+01
517.669673	25144.721843	8.948200e-04	2.250000e+01
518.694356	24980.015987	9.007200e-04	2.250000e+01
519.718605	24817.180107	9.066300e-04	2.250000e+01
520.743111	24659.155671	9.124400e-04	2.250000e+01
521.768722	24490.862187	9.187100e-04	2.250000e+01
522.792071	24321.169146	9.251200e-04	2.250000e+01
523.816133	24152.255821	9.315900e-04	2.250000e+01
524.839937	23988.229775	9.379600e-04	2.250000e+01
525.864745	23811.539601	9.449200e-04	2.250000e+01
526.888030	23639.916787	9.517800e-04	2.250000e+01
527.911923	23477.362605	9.583700e-04	2.250000e+01
528.935905	23292.166586	9.659900e-04	2.250000e+01
529.959770	23118.655214	9.732400e-04	2.250000e+01
530.982941	22954.030728	9.802200e-04	2.250000e+01
532.007655	22794.966871	9.870600e-04	2.250000e+01
533.032053	22625.116896	9.944700e-04	2.250000e+01
534.056984	22567.703109	9.970000e-04	2.250000e+01
535.081087	22401.433692	1.004400e-03	2.250000e+01
536.104858	22244.191794	1.011500e-03	2.250000e+01
537.131148	22099.990178	1.018100e-03	2.250000e+01
538.156112	21938.377535	1.025600e-03	2.250000e+01
539.180797	21802.325581	1.032000e-03	2.250000e+01
540.204893	21653.353864	1.039100e-03	2.250000e+01
541.231357	21524.921075	1.045300e-03	2.250000e+01
542.256244	21367.521368	1.053000e-03	2.250000e+01
543.282741	21192.427239	1.061700e-03	2.250000e+01
544.308113	21018.215787	1.070500e-03	2.250000e+01
545.332046	20868.113523	1.078200e-03	2.250000e+01
546.356502	20702.981229	1.086800e-03	2.250000e+01
547.381073	20570.488206	1.093800e-03	2.250000e+01
548.404761	20419.275796	1.101900e-03	2.250000e+01
549.427987	20259.319287	1.110600e-03	2.250000e+01
550.452451	20103.645461	1.119200e-03	2.250000e+01
551.477155	19948.577002	1.127900e-03	2.250000e+01
552.502017	19799.366420	1.136400e-03	2.250000e+01
553.526230	19654.088050	1.144800e-03	2.250000e+01
554.550394	19524.470670	1.152400e-03	2.250000e+01
555.575190	19394.879752	1.160100e-03	2.250000e+01
556.599135	19266.997774	1.167800e-03	2.250000e+01
557.623108	19157.088123	1.174500e-03	2.250000e+01
558.649584	19050.038100	1.181100e-03	2.250000e+01
559.672985	18945.772988	1.187600e-03	2.250000e+01
560.696986	18852.115626	1.193500e-03	2.250000e+01
561.721194	18770.334529	1.198700e-03	2.250000e+01
562.745460	18689.259905	1.203900e-03	2.250000e+01
563.768983	18607.343698	1.209200e-03	2.250000e+01
564.792728	18535.299448	1.213900e-03	2.250000e+01
565.816827	18457.752256	1.219000e-03	2.250000e+01
566.841652	18395.879323	1.223100e-03	2.250000e+01
567.864086	18343.388228	1.226600e-03	2.250000e+01
568.887820	18282.278378	1.230700e-03	2.250000e+01
569.910039	18218.623482	1.235000e-03	2.250000e+01
570.934409	18164.204408	1.238700e-03	2.250000e+01
571.959669	18092.634288	1.243600e-03	2.250000e+01
572.984243	18014.411529	1.249000e-03	2.250000e+01
574.008246	17946.877243	1.253700e-03	2.250000e+01
575.033625	17891.221374	1.257600e-03	2.250000e+01
576.058078	17841.566886	1.261100e-03	2.250000e+01
577.081886	17780.938834	1.265400e-03	2.250000e+01
578.105329	17723.513194	1.269500e-03	2.250000e+01
579.129922	17677.561282	1.272800e-03	2.250000e+01
580.155034	17638.758231	1.275600e-03	2.250000e+01
581.178899	17604.256318	1.278100e-03	2.250000e+01
582.202968	17575.378847	1.280200e-03	2.250000e+01
583.227580	17547.964436	1.282200e-03	2.250000e+01
584.251971	17528.825179	1.283600e-03	2.250000e+01
585.276249	17511.090357	1.284900e-03	2.250000e+01
586.300314	17489.312087	1.286500e-03	2.250000e+01
587.324522	17467.587920	1.288100e-03	2.250000e+01
588.349029	17447.270471	1.289600e-03	2.250000e+01
589.373019	17425.650558	1.291200e-03	2.250000e+01
590.397050	17417.556897	1.291800e-03	2.250000e+01
591.421122	17404.084158	1.292800e-03	2.250000e+01
592.447042	17387.944359	1.294000e-03	2.250000e+01
593.474661	17371.834466	1.295200e-03	2.250000e+01
594.500174	17355.754397	1.296400e-03	2.250000e+01
595.524211	17341.040462	1.297500e-03	2.250000e+01
596.548728	17323.683400	1.298800e-03	2.250000e+01
597.572893	17306.361049	1.300100e-03	2.250000e+01
598.596249	17289.073306	1.301400e-03	2.250000e+01
599.620114	17275.798526	1.302400e-03	2.250000e+01
600.644670	17261.219793	1.303500e-03	2.250000e+01
601.669058	17251.955222	1.304200e-03	2.250000e+01
602.695784	17242.700590	1.304900e-03	2.250000e+01
603.722242	17228.177642	1.306000e-03	2.250000e+01
604.746180	17222.902633	1.306400e-03	2.250000e+01
605.770940	17214.996174	1.307000e-03	2.250000e+01
606.795413	17217.630854	1.306800e-03	2.250000e+01
607.819752	17214.996174	1.307000e-03	2.250000e+01
608.843291	17205.781142	1.307700e-03	2.250000e+01
609.867411	17197.890392	1.308300e-03	2.250000e+01
610.891874	17187.380643	1.309100e-03	2.250000e+01
611.915238	17180.818571	1.309600e-03	2.250000e+01
612.938386	17171.640082	1.310300e-03	2.250000e+01
613.963685	17155.928326	1.311500e-03	2.250000e+01
614.988182	17144.163365	1.312400e-03	2.250000e+01
616.011382	17133.719159	1.313200e-03	2.250000e+01
617.035221	17127.197990	1.313700e-03	2.250000e+01
618.060001	17124.590913	1.313900e-03	2.250000e+01
619.085275	17115.472387	1.314600e-03	2.250000e+01
620.109222	17103.762828	1.315500e-03	2.250000e+01
621.133139	17089.472885	1.316600e-03	2.250000e+01
622.157068	17081.688430	1.317200e-03	2.250000e+01
623.181420	17075.206800	1.317700e-03	2.250000e+01
624.205150	17067.435333	1.318300e-03	2.250000e+01
625.229106	17063.552252	1.318600e-03	2.250000e+01
626.253013	17055.791389	1.319200e-03	2.250000e+01
627.277403	17049.329393	1.319700e-03	2.250000e+01
628.301043	17045.454545	1.320000e-03	2.250000e+01
629.325515	17039.000379	1.320500e-03	2.250000e+01
630.349649	17026.106697	1.321500e-03	2.250000e+01
631.373873	17017.092724	1.322200e-03	2.250000e+01
632.398251	16996.525155	1.323800e-03	2.250000e+01
633.421973	16988.825128	1.324400e-03	2.250000e+01
634.445877	16974.726518	1.325500e-03	2.250000e+01
635.470234	16956.816640	1.326900e-03	2.250000e+01
636.494242	16947.875866	1.327600e-03	2.250000e+01
637.518281	16937.669377	1.328400e-03	2.250000e+01
638.543025	16928.748777	1.329100e-03	2.250000e+01
639.567464	16926.201760	1.329300e-03	2.250000e+01
640.590291	16917.293233	1.330000e-03	2.250000e+01
641.614107	16908.394078	1.330700e-03	2.250000e+01
642.639551	16894.428593	1.331800e-03	2.250000e+01
643.663311	16883.019434	1.332700e-03	2.250000e+01
644.687004	16874.156292	1.333400e-03	2.250000e+01
645.710213	16858.983965	1.334600e-03	2.250000e+01
646.734553	16850.146035	1.335300e-03	2.250000e+01
647.759187	16841.317365	1.336000e-03	2.250000e+01
648.782932	16840.056882	1.336100e-03	2.250000e+01
649.806273	16831.238779	1.336800e-03	2.250000e+01
650.830744	16826.204008	1.337200e-03	2.250000e+01
651.855123	16818.657497	1.337800e-03	2.250000e+01
652.879327	16816.143498	1.338000e-03	2.250000e+01
653.903475	16808.606006	1.338600e-03	2.250000e+01
654.927568	16792.297933	1.339900e-03	2.250000e+01
655.953021	16782.277915	1.340700e-03	2.250000e+01
656.978042	16769.769695	1.341700e-03	2.250000e+01
658.002426	16754.784422	1.342900e-03	2.250000e+01
659.026817	16747.301824	1.343500e-03	2.250000e+01
660.050330	16736.090449	1.344400e-03	2.250000e+01
661.074224	16713.712673	1.346200e-03	2.250000e+01
662.098348	16703.786192	1.347000e-03	2.250000e+01
663.122601	16697.588126	1.347500e-03	2.250000e+01
664.147213	16687.680783	1.348300e-03	2.250000e+01
665.171328	16680.257988	1.348900e-03	2.250000e+01
666.195385	16670.371194	1.349700e-03	2.250000e+01
667.220083	16662.963786	1.350300e-03	2.250000e+01
668.244285	16655.562958	1.350900e-03	2.250000e+01
669.268318	16649.400622	1.351400e-03	2.250000e+01
670.292220	16639.550362	1.352200e-03	2.250000e+01
671.316190	16630.940942	1.352900e-03	2.250000e+01
672.340568	16628.482743	1.353100e-03	2.250000e+01
673.364993	16622.340426	1.353600e-03	2.250000e+01
674.389247	16619.884769	1.353800e-03	2.250000e+01
675.413330	16614.975631	1.354200e-03	2.250000e+01
676.437302	16606.391616	1.354900e-03	2.250000e+01
677.462063	16601.490445	1.355300e-03	2.250000e+01
678.485364	16595.368048	1.355800e-03	2.250000e+01
679.509235	16589.250166	1.356300e-03	2.250000e+01
680.533259	16586.804276	1.356500e-03	2.250000e+01
681.558366	16572.144067	1.357700e-03	2.250000e+01
682.582145	16559.947008	1.358700e-03	2.250000e+01
683.605320	16558.728290	1.358800e-03	2.250000e+01
684.629336	16552.637387	1.359300e-03	2.250000e+01
685.653282	16558.728290	1.358800e-03	2.250000e+01
686.677469	16556.291391	1.359000e-03	2.250000e+01
687.701519	16552.637387	1.359300e-03	2.250000e+01
688.726221	16546.550963	1.359800e-03	2.250000e+01
689.751896	16548.984996	1.359600e-03	2.250000e+01
690.778875	16545.334216	1.359900e-03	2.250000e+01
691.803098	16538.037486	1.360500e-03	2.250000e+01
692.826137	16531.961793	1.361000e-03	2.250000e+01
693.851117	16522.249963	1.361800e-03	2.250000e+01
694.874240	16518.610968	1.362100e-03	2.250000e+01
695.898482	16519.823789	1.362000e-03	2.250000e+01
696.923686	16521.036787	1.361900e-03	2.250000e+01
697.948147	16516.185862	1.362300e-03	2.250000e+01
698.972133	16511.337785	1.362700e-03	2.250000e+01
699.996418	16502.860496	1.363400e-03	2.250000e+01
701.020984	16505.281690	1.363200e-03	2.250000e+01
702.045522	16500.440012	1.363600e-03	2.250000e+01
703.069078	16500.440012	1.363600e-03	2.250000e+01
704.093489	16495.601173	1.364000e-03	2.250000e+01
705.117779	16493.182818	1.364200e-03	2.250000e+01
706.142443	16484.724156	1.364900e-03	2.250000e+01
707.166600	16481.101670	1.365200e-03	2.250000e+01
708.190517	16482.308988	1.365100e-03	2.250000e+01
709.214053	16481.101670	1.365200e-03	2.250000e+01
710.238530	16476.274165	1.365600e-03	2.250000e+01
711.261772	16476.274165	1.365600e-03	2.250000e+01
712.285019	16476.274165	1.365600e-03	2.250000e+01
713.309910	16473.861473	1.365800e-03	2.250000e+01
714.335125	16475.067731	1.365700e-03	2.250000e+01
715.359227	16478.687564	1.365400e-03	2.250000e+01
716.382859	16482.308988	1.365100e-03	2.250000e+01
717.406377	16484.724156	1.364900e-03	2.250000e+01
718.430517	16483.516484	1.365000e-03	2.250000e+01
719.453978	16483.516484	1.365000e-03	2.250000e+01
720.477542	16489.556614	1.364500e-03	2.250000e+01
721.501279	16512.549538	1.362600e-03	2.250000e+01
722.526222	16514.973576	1.362400e-03	2.250000e+01
723.550269	16508.914814	1.362900e-03	2.250000e+01
724.574290	16504.071004	1.363300e-03	2.250000e+01
725.598182	16504.071004	1.363300e-03	2.250000e+01
726.622233	16495.601173	1.364000e-03	2.250000e+01
727.645670	16487.140031	1.364700e-03	2.250000e+01
728.669189	16484.724156	1.364900e-03	2.250000e+01
729.692758	16481.101670	1.365200e-03	2.250000e+01
730.717034	16478.687564	1.365400e-03	2.250000e+01
731.740031	16476.274165	1.365600e-03	2.250000e+01
732.763401	16481.101670	1.365200e-03	2.250000e+01
733.788359	16477.480776	1.365500e-03	2.250000e+01
734.813274	16489.556614	1.364500e-03	2.250000e+01
735.837572	16491.973906	1.364300e-03	2.250000e+01
736.861365	16490.765172	1.364400e-03	2.250000e+01
737.885979	16491.973906	1.364300e-03	2.250000e+01
738.910936	16495.601173	1.364000e-03	2.250000e+01
739.936296	16496.810617	1.363900e-03	2.250000e+01
740.960278	16493.182818	1.364200e-03	2.250000e+01
741.984391	16490.765172	1.364400e-03	2.250000e+01
743.009052	16484.724156	1.364900e-03	2.250000e+01
744.033795	16484.724156	1.364900e-03	2.250000e+01
745.059294	16485.932005	1.364800e-03	2.250000e+01
746.082915	16484.724156	1.364900e-03	2.250000e+01
747.106089	16478.687564	1.365400e-03	2.250000e+01
748.129151	16484.724156	1.364900e-03	2.250000e+01
749.152131	16487.140031	1.364700e-03	2.250000e+01
750.175404	16483.516484	1.365000e-03	2.250000e+01
751.200912	16477.480776	1.365500e-03	2.250000e+01
752.224623	16471.449488	1.366000e-03	2.250000e+01
753.248734	16470.243760	1.366100e-03	2.250000e+01
754.273771	16466.627635	1.366400e-03	2.250000e+01
755.297687	16464.217767	1.366600e-03	2.250000e+01
756.321053	16466.627635	1.366400e-03	2.250000e+01
757.344905	16470.243760	1.366100e-03	2.250000e+01
758.369910	16472.655392	1.365900e-03	2.250000e+01
759.393328	16471.449488	1.366000e-03	2.250000e+01
760.416953	16472.655392	1.365900e-03	2.250000e+01
761.440187	16475.067731	1.365700e-03	2.250000e+01
762.463552	16482.308988	1.365100e-03	2.250000e+01
763.487168	16482.308988	1.365100e-03	2.250000e+01
764.511203	16478.687564	1.365400e-03	2.250000e+01
765.535423	16482.308988	1.365100e-03	2.250000e+01
766.559493	16482.308988	1.365100e-03	2.250000e+01
767.584178	16482.308988	1.365100e-03	2.250000e+01
768.608342	16479.894529	1.365300e-03	2.250000e+01
769.632283	16476.274165	1.365600e-03	2.250000e+01
770.656169	16481.101670	1.365200e-03	2.250000e+01
771.680265	16482.308988	1.365100e-03	2.250000e+01
772.703308	16482.308988	1.365100e-03	2.250000e+01
773.727458	16477.480776	1.365500e-03	2.250000e+01
774.751670	16479.894529	1.365300e-03	2.250000e+01
775.775460	16475.067731	1.365700e-03	2.250000e+01
776.799390	16478.687564	1.365400e-03	2.250000e+01
777.823008	16475.067731	1.365700e-03	2.250000e+01
778.846396	16471.449488	1.366000e-03	2.250000e+01
779.870631	16467.832833	1.366300e-03	2.250000e+01
780.894161	16467.832833	1.366300e-03	2.250000e+01
781.917218	16467.832833	1.366300e-03	2.250000e+01
782.940632	16460.604287	1.366900e-03	2.250000e+01
783.964613	16453.382084	1.367500e-03	2.250000e+01
784.988564	16450.976091	1.367700e-03	2.250000e+01
786.012872	16454.585344	1.367400e-03	2.250000e+01
787.036927	16454.585344	1.367400e-03	2.250000e+01
788.060974	16454.585344	1.367400e-03	2.250000e+01
789.085364	16450.976091	1.367700e-03	2.250000e+01
790.108628	16454.585344	1.367400e-03	2.250000e+01
791.132756	16455.788781	1.367300e-03	2.250000e+01
792.156780	16469.038208	1.366200e-03	2.250000e+01
793.180420	16489.556614	1.364500e-03	2.250000e+01
794.204841	16500.440012	1.363600e-03	2.250000e+01
795.229113	16502.860496	1.363400e-03	2.250000e+01
796.253754	16523.463318	1.361700e-03	2.250000e+01
797.277747	16524.676851	1.361600e-03	2.250000e+01
798.301516	16496.810617	1.363900e-03	2.250000e+01
799.325590	16501.650165	1.363500e-03	2.250000e+01
800.348308	16500.440012	1.363600e-03	2.250000e+01
801.371167	16490.765172	1.364400e-03	2.250000e+01
802.395000	16484.724156	1.364900e-03	2.250000e+01
803.419298	16473.861473	1.365800e-03	2.250000e+01
804.442443	16471.449488	1.366000e-03	2.250000e+01
805.466242	16472.655392	1.365900e-03	2.250000e+01
806.490139	16479.894529	1.365300e-03	2.250000e+01
807.514484	16482.308988	1.365100e-03	2.250000e+01
808.538260	16481.101670	1.365200e-03	2.250000e+01
809.561385	16476.274165	1.365600e-03	2.250000e+01
810.585655	16478.687564	1.365400e-03	2.250000e+01
811.611083	16470.243760	1.366100e-03	2.250000e+01
812.634733	16463.013097	1.366700e-03	2.250000e+01
813.658239	16463.013097	1.366700e-03	2.250000e+01
814.682812	16461.808604	1.366800e-03	2.250000e+01
815.707418	16469.038208	1.366200e-03	2.250000e+01
816.731262	16460.604287	1.366900e-03	2.250000e+01
817.754724	16456.992393	1.367200e-03	2.250000e+01
818.779521	16447.368421	1.368000e-03	2.250000e+01
819.804436	16442.560655	1.368400e-03	2.250000e+01
820.828664	16440.157826	1.368600e-03	2.250000e+01
821.852590	16437.755698	1.368800e-03	2.250000e+01
822.877580	16432.953550	1.369200e-03	2.250000e+01
823.901832	16436.554898	1.368900e-03	2.250000e+01
824.926051	16435.354273	1.369000e-03	2.250000e+01
825.950377	16434.153824	1.369100e-03	2.250000e+01
826.976051	16429.353779	1.369500e-03	2.250000e+01
828.000097	16429.353779	1.369500e-03	2.250000e+01
829.023713	16426.954808	1.369700e-03	2.250000e+01
830.047459	16419.762096	1.370300e-03	2.250000e+01
831.071833	16420.960444	1.370200e-03	2.250000e+01
832.095685	16423.357664	1.370000e-03	2.250000e+01
833.119574	16424.556537	1.369900e-03	2.250000e+01
834.143108	16420.960444	1.370200e-03	2.250000e+01
835.168859	16414.970453	1.370700e-03	2.250000e+01
