Time	SourceV	Current	Voltage
1.032719	4983325.027792	2.608700e-06	1.300000e+01
2.089611	4095391.109851	3.174300e-06	1.300000e+01
3.120086	3501872.154729	3.712300e-06	1.300000e+01
4.151266	2980625.931446	4.361500e-06	1.300000e+01
5.179425	2544828.126223	5.108400e-06	1.300000e+01
6.210208	2203912.792866	5.898600e-06	1.300000e+01
7.235008	1935445.450214	6.716800e-06	1.300000e+01
8.259119	1742463.843875	7.460700e-06	1.300000e+01
9.283108	1594505.090151	8.153000e-06	1.300000e+01
10.306989	1484882.751374	8.754900e-06	1.300000e+01
11.331063	1400680.946429	9.281200e-06	1.300000e+01
12.355383	1337847.711766	9.717100e-06	1.300000e+01
13.379119	1291219.705999	1.006800e-05	1.300000e+01
14.427512	1258714.175058	1.032800e-05	1.300000e+01
15.451194	1234919.730218	1.052700e-05	1.300000e+01
16.475849	1220198.986296	1.065400e-05	1.300000e+01
17.499293	1210541.018717	1.073900e-05	1.300000e+01
18.525425	1202590.194265	1.081000e-05	1.300000e+01
19.549303	1194633.339460	1.088200e-05	1.300000e+01
20.573302	1193865.368721	1.088900e-05	1.300000e+01
21.597263	1187865.497076	1.094400e-05	1.300000e+01
22.621785	1189387.008234	1.093000e-05	1.300000e+01
23.646163	1190912.422133	1.091600e-05	1.300000e+01
24.670093	1194743.130227	1.088100e-05	1.300000e+01
25.694025	1194852.941176	1.088000e-05	1.300000e+01
26.718455	1195292.386907	1.087600e-05	1.300000e+01
27.743020	1193755.739210	1.089000e-05	1.300000e+01
28.767080	1193317.422434	1.089400e-05	1.300000e+01
29.790476	1193755.739210	1.089000e-05	1.300000e+01
30.815775	1199151.369800	1.084100e-05	1.300000e+01
31.840188	1199593.983575	1.083700e-05	1.300000e+01
32.864151	1201923.076923	1.081600e-05	1.300000e+01
33.888467	1202924.030721	1.080700e-05	1.300000e+01
34.912696	1205936.920223	1.078000e-05	1.300000e+01
35.936332	1208066.164855	1.076100e-05	1.300000e+01
36.960288	1210090.291353	1.074300e-05	1.300000e+01
37.984373	1212799.701465	1.071900e-05	1.300000e+01
39.008823	1212008.204363	1.072600e-05	1.300000e+01
40.032264	1213932.206555	1.070900e-05	1.300000e+01
41.056300	1209639.899507	1.074700e-05	1.300000e+01
42.080174	1206832.528778	1.077200e-05	1.300000e+01
43.104723	1204595.997035	1.079200e-05	1.300000e+01
44.129006	1203815.168071	1.079900e-05	1.300000e+01
45.154344	1203146.691347	1.080500e-05	1.300000e+01
46.179179	1203035.350731	1.080600e-05	1.300000e+01
47.203115	1202256.543050	1.081300e-05	1.300000e+01
48.227057	1201034.737620	1.082400e-05	1.300000e+01
49.251113	1198598.561682	1.084600e-05	1.300000e+01
50.274868	1202924.030721	1.080700e-05	1.300000e+01
51.298605	1202478.956618	1.081100e-05	1.300000e+01
52.322497	1199040.767386	1.084200e-05	1.300000e+01
53.347415	1207392.959970	1.076700e-05	1.300000e+01
54.374075	1199926.158390	1.083400e-05	1.300000e+01
55.400099	1195402.298851	1.087500e-05	1.300000e+01
56.425554	1192332.385582	1.090300e-05	1.300000e+01
57.450152	1189278.199616	1.093100e-05	1.300000e+01
58.475333	1190149.226403	1.092300e-05	1.300000e+01
59.499373	1183216.528625	1.098700e-05	1.300000e+01
60.523274	1182678.311499	1.099200e-05	1.300000e+01
61.547103	1178924.458148	1.102700e-05	1.300000e+01
62.571524	1172438.672439	1.108800e-05	1.300000e+01
63.595323	1166337.699623	1.114600e-05	1.300000e+01
64.619295	1160403.463358	1.120300e-05	1.300000e+01
65.642557	1152686.646569	1.127800e-05	1.300000e+01
66.665278	1150238.895771	1.130200e-05	1.300000e+01
67.689018	1145980.253879	1.134400e-05	1.300000e+01
68.711980	1143560.872625	1.136800e-05	1.300000e+01
69.737029	1144970.935353	1.135400e-05	1.300000e+01
70.760371	1141652.761921	1.138700e-05	1.300000e+01
71.784422	1144366.197183	1.136000e-05	1.300000e+01
72.808934	1139051.958293	1.141300e-05	1.300000e+01
73.833458	1140450.916747	1.139900e-05	1.300000e+01
74.857359	1138652.886047	1.141700e-05	1.300000e+01
75.881251	1145576.313007	1.134800e-05	1.300000e+01
76.905396	1135569.531796	1.144800e-05	1.300000e+01
77.930855	1126418.854519	1.154100e-05	1.300000e+01
78.956323	1126126.126126	1.154400e-05	1.300000e+01
79.981595	1120593.052323	1.160100e-05	1.300000e+01
81.005230	1120882.910847	1.159800e-05	1.300000e+01
82.029342	1117606.602476	1.163200e-05	1.300000e+01
83.073496	1114922.813036	1.166000e-05	1.300000e+01
84.098088	1111206.085990	1.169900e-05	1.300000e+01
85.122376	1103659.054249	1.177900e-05	1.300000e+01
86.146959	1101975.078410	1.179700e-05	1.300000e+01
87.171119	1094736.842105	1.187500e-05	1.300000e+01
88.195938	1089963.947346	1.192700e-05	1.300000e+01
89.221571	1086048.454470	1.197000e-05	1.300000e+01
90.245361	1084056.037358	1.199200e-05	1.300000e+01
91.270372	1078659.143711	1.205200e-05	1.300000e+01
92.295277	1073227.111368	1.211300e-05	1.300000e+01
93.319301	1070663.811563	1.214200e-05	1.300000e+01
94.343054	1074202.611139	1.210200e-05	1.300000e+01
95.366290	1070311.213568	1.214600e-05	1.300000e+01
96.390566	1066447.908121	1.219000e-05	1.300000e+01
97.414615	1063829.787234	1.222000e-05	1.300000e+01
98.438353	1060272.408450	1.226100e-05	1.300000e+01
99.462425	1053826.199741	1.233600e-05	1.300000e+01
100.486736	1052205.584783	1.235500e-05	1.300000e+01
101.512091	1047626.722540	1.240900e-05	1.300000e+01
102.536411	1048302.556245	1.240100e-05	1.300000e+01
103.560495	1045016.077170	1.244000e-05	1.300000e+01
104.584088	1052205.584783	1.235500e-05	1.300000e+01
105.608427	1056481.105242	1.230500e-05	1.300000e+01
106.632394	1045268.151483	1.243700e-05	1.300000e+01
107.656488	1039334.825712	1.250800e-05	1.300000e+01
108.680531	1041332.906120	1.248400e-05	1.300000e+01
109.705623	1035196.687371	1.255800e-05	1.300000e+01
110.730499	1034784.685187	1.256300e-05	1.300000e+01
111.754447	1032073.674182	1.259600e-05	1.300000e+01
112.778194	1024913.276569	1.268400e-05	1.300000e+01
113.803855	1020969.135318	1.273300e-05	1.300000e+01
114.828375	1014832.162373	1.281000e-05	1.300000e+01
115.852226	1010101.010101	1.287000e-05	1.300000e+01
116.876320	1005258.274049	1.293200e-05	1.300000e+01
117.900661	999923.082840	1.300100e-05	1.300000e+01
118.925401	996856.069320	1.304100e-05	1.300000e+01
119.949297	994339.911274	1.307400e-05	1.300000e+01
120.974513	991609.458429	1.311000e-05	1.300000e+01
121.999922	989119.683482	1.314300e-05	1.300000e+01
123.023594	982689.545695	1.322900e-05	1.300000e+01
124.048315	977590.615130	1.329800e-05	1.300000e+01
125.073632	973418.195432	1.335500e-05	1.300000e+01
126.097928	969642.723950	1.340700e-05	1.300000e+01
127.122610	966039.979193	1.345700e-05	1.300000e+01
128.147442	963105.645281	1.349800e-05	1.300000e+01
129.171440	960401.891253	1.353600e-05	1.300000e+01
130.195405	957149.168016	1.358200e-05	1.300000e+01
131.219464	953498.606425	1.363400e-05	1.300000e+01
132.244753	951823.107336	1.365800e-05	1.300000e+01
133.268525	947314.727100	1.372300e-05	1.300000e+01
134.292246	943875.698831	1.377300e-05	1.300000e+01
135.318123	941346.850109	1.381000e-05	1.300000e+01
136.343519	938967.136150	1.384500e-05	1.300000e+01
137.368309	937004.468791	1.387400e-05	1.300000e+01
138.392473	934915.498022	1.390500e-05	1.300000e+01
139.416599	939645.825804	1.383500e-05	1.300000e+01
140.440616	940053.510738	1.382900e-05	1.300000e+01
141.464739	939985.538684	1.383000e-05	1.300000e+01
142.488767	934243.621991	1.391500e-05	1.300000e+01
143.513381	933505.672842	1.392600e-05	1.300000e+01
144.538332	936059.907834	1.388800e-05	1.300000e+01
145.563279	938018.616062	1.385900e-05	1.300000e+01
146.586585	928704.100586	1.399800e-05	1.300000e+01
147.611059	921071.276746	1.411400e-05	1.300000e+01
148.635425	915428.490951	1.420100e-05	1.300000e+01
149.659401	910109.213106	1.428400e-05	1.300000e+01
150.683268	904222.021284	1.437700e-05	1.300000e+01
151.706954	901150.700125	1.442600e-05	1.300000e+01
152.730548	898596.806525	1.446700e-05	1.300000e+01
153.754498	895810.363837	1.451200e-05	1.300000e+01
154.778414	890289.001507	1.460200e-05	1.300000e+01
155.803650	887735.591368	1.464400e-05	1.300000e+01
156.830331	885076.252723	1.468800e-05	1.300000e+01
157.857513	883632.408918	1.471200e-05	1.300000e+01
158.882572	882253.138785	1.473500e-05	1.300000e+01
159.907668	881176.709822	1.475300e-05	1.300000e+01
160.932303	886403.927451	1.466600e-05	1.300000e+01
161.956632	886101.833549	1.467100e-05	1.300000e+01
162.982440	880162.491537	1.477000e-05	1.300000e+01
164.005753	877726.014449	1.481100e-05	1.300000e+01
165.028900	876483.279396	1.483200e-05	1.300000e+01
166.052393	873010.543281	1.489100e-05	1.300000e+01
167.077291	867823.765020	1.498000e-05	1.300000e+01
168.101421	863385.800624	1.505700e-05	1.300000e+01
169.125795	858936.240502	1.513500e-05	1.300000e+01
170.149453	855995.259103	1.518700e-05	1.300000e+01
171.173493	852123.754588	1.525600e-05	1.300000e+01
172.197555	850284.518281	1.528900e-05	1.300000e+01
173.221734	847623.394406	1.533700e-05	1.300000e+01
174.245745	845418.482149	1.537700e-05	1.300000e+01
175.269819	842241.658568	1.543500e-05	1.300000e+01
176.293895	838385.141236	1.550600e-05	1.300000e+01
177.318278	835690.408845	1.555600e-05	1.300000e+01
178.342564	833440.184639	1.559800e-05	1.300000e+01
179.367870	831361.514357	1.563700e-05	1.300000e+01
180.391595	828606.029702	1.568900e-05	1.300000e+01
181.415623	828025.477707	1.570000e-05	1.300000e+01
182.440448	825134.877817	1.575500e-05	1.300000e+01
183.464776	823566.677225	1.578500e-05	1.300000e+01
184.488718	822368.421053	1.580800e-05	1.300000e+01
185.512694	821121.778676	1.583200e-05	1.300000e+01
186.536711	818588.250110	1.588100e-05	1.300000e+01
187.561524	814383.261292	1.596300e-05	1.300000e+01
188.585818	814434.281418	1.596200e-05	1.300000e+01
189.610795	813109.832374	1.598800e-05	1.300000e+01
190.635339	811384.346524	1.602200e-05	1.300000e+01
191.661457	809363.715602	1.606200e-05	1.300000e+01
192.687556	805252.725471	1.614400e-05	1.300000e+01
193.711715	800887.136520	1.623200e-05	1.300000e+01
194.736084	798820.204006	1.627400e-05	1.300000e+01
195.759773	796471.020708	1.632200e-05	1.300000e+01
196.784722	793505.462980	1.638300e-05	1.300000e+01
197.809712	790994.828111	1.643500e-05	1.300000e+01
198.833738	789026.462734	1.647600e-05	1.300000e+01
199.856900	786782.061369	1.652300e-05	1.300000e+01
200.881632	785024.154589	1.656000e-05	1.300000e+01
201.905898	782896.717856	1.660500e-05	1.300000e+01
202.929682	780968.400817	1.664600e-05	1.300000e+01
203.953584	779703.712589	1.667300e-05	1.300000e+01
204.977624	778722.894453	1.669400e-05	1.300000e+01
206.001652	776536.646556	1.674100e-05	1.300000e+01
207.026815	773993.808050	1.679600e-05	1.300000e+01
208.053135	772292.520644	1.683300e-05	1.300000e+01
209.078369	770187.807335	1.687900e-05	1.300000e+01
210.102927	769640.637026	1.689100e-05	1.300000e+01
211.126534	767414.403778	1.694000e-05	1.300000e+01
212.151760	764930.862018	1.699500e-05	1.300000e+01
213.175704	761703.872971	1.706700e-05	1.300000e+01
214.199445	759124.087591	1.712500e-05	1.300000e+01
215.222677	757487.472323	1.716200e-05	1.300000e+01
216.247135	754848.449657	1.722200e-05	1.300000e+01
217.271489	752750.434279	1.727000e-05	1.300000e+01
218.294945	749625.187406	1.734200e-05	1.300000e+01
219.318918	747728.057057	1.738600e-05	1.300000e+01
220.343187	746054.519369	1.742500e-05	1.300000e+01
221.367801	743579.477206	1.748300e-05	1.300000e+01
222.391649	740698.535696	1.755100e-05	1.300000e+01
223.415892	738888.257360	1.759400e-05	1.300000e+01
224.440499	736836.138979	1.764300e-05	1.300000e+01
225.465762	734836.922729	1.769100e-05	1.300000e+01
226.489841	733137.829912	1.773200e-05	1.300000e+01
227.514983	731775.963974	1.776500e-05	1.300000e+01
228.539563	730419.148219	1.779800e-05	1.300000e+01
229.563974	728862.973761	1.783600e-05	1.300000e+01
230.587912	726500.502962	1.789400e-05	1.300000e+01
231.611799	724314.686873	1.794800e-05	1.300000e+01
232.635926	721580.817052	1.801600e-05	1.300000e+01
233.659774	719225.449516	1.807500e-05	1.300000e+01
234.685000	716529.791104	1.814300e-05	1.300000e+01
235.708985	714324.962910	1.819900e-05	1.300000e+01
236.732334	712680.225865	1.824100e-05	1.300000e+01
237.757420	711198.643252	1.827900e-05	1.300000e+01
238.781584	709723.207949	1.831700e-05	1.300000e+01
239.804949	707367.504625	1.837800e-05	1.300000e+01
240.828905	705601.389492	1.842400e-05	1.300000e+01
241.852982	703044.724461	1.849100e-05	1.300000e+01
242.877571	701262.272090	1.853800e-05	1.300000e+01
243.900990	699677.072121	1.858000e-05	1.300000e+01
244.925047	698024.054983	1.862400e-05	1.300000e+01
245.949033	695931.477516	1.868000e-05	1.300000e+01
246.972901	694259.012016	1.872500e-05	1.300000e+01
247.997757	691857.370942	1.879000e-05	1.300000e+01
249.021738	690717.815206	1.882100e-05	1.300000e+01
250.045755	688668.750331	1.887700e-05	1.300000e+01
251.068993	687139.912258	1.891900e-05	1.300000e+01
252.092621	687830.687831	1.890000e-05	1.300000e+01
253.117886	684967.595764	1.897900e-05	1.300000e+01
254.142157	681734.752740	1.906900e-05	1.300000e+01
255.166668	680913.471611	1.909200e-05	1.300000e+01
256.190014	680023.016164	1.911700e-05	1.300000e+01
257.213994	681699.003671	1.907000e-05	1.300000e+01
258.237923	682486.350273	1.904800e-05	1.300000e+01
259.262013	681377.430683	1.907900e-05	1.300000e+01
260.286209	680307.708410	1.910900e-05	1.300000e+01
261.310163	674693.792817	1.926800e-05	1.300000e+01
262.334081	668071.329462	1.945900e-05	1.300000e+01
263.358836	664689.641068	1.955800e-05	1.300000e+01
264.382780	661779.678273	1.964400e-05	1.300000e+01
265.407890	658861.689727	1.973100e-05	1.300000e+01
266.434123	657030.223390	1.978600e-05	1.300000e+01
267.459084	654582.074522	1.986000e-05	1.300000e+01
268.482965	651204.728748	1.996300e-05	1.300000e+01
269.506874	650162.540635	1.999500e-05	1.300000e+01
270.531768	647378.118620	2.008100e-05	1.300000e+01
271.555892	644969.239929	2.015600e-05	1.300000e+01
272.581432	643596.217635	2.019900e-05	1.300000e+01
273.606772	642959.592463	2.021900e-05	1.300000e+01
274.631927	640930.828773	2.028300e-05	1.300000e+01
275.656166	639574.928663	2.032600e-05	1.300000e+01
276.680695	638193.421699	2.037000e-05	1.300000e+01
277.704177	635634.656757	2.045200e-05	1.300000e+01
278.728044	633528.265107	2.052000e-05	1.300000e+01
279.751985	631374.453618	2.059000e-05	1.300000e+01
280.776011	628778.718259	2.067500e-05	1.300000e+01
281.799816	626596.616378	2.074700e-05	1.300000e+01
282.823666	624429.607570	2.081900e-05	1.300000e+01
283.847691	622426.505793	2.088600e-05	1.300000e+01
284.872788	620169.831123	2.096200e-05	1.300000e+01
285.896948	618017.589731	2.103500e-05	1.300000e+01
286.921962	616201.355643	2.109700e-05	1.300000e+01
287.948436	614337.696706	2.116100e-05	1.300000e+01
288.972840	611390.678644	2.126300e-05	1.300000e+01
289.996870	608386.372145	2.136800e-05	1.300000e+01
291.020826	606117.120477	2.144800e-05	1.300000e+01
292.046576	604005.017888	2.152300e-05	1.300000e+01
293.071202	603164.292674	2.155300e-05	1.300000e+01
294.095208	603192.279139	2.155200e-05	1.300000e+01
295.119178	604679.287409	2.149900e-05	1.300000e+01
296.143239	605637.083625	2.146500e-05	1.300000e+01
297.167995	604482.470008	2.150600e-05	1.300000e+01
298.191828	601128.271525	2.162600e-05	1.300000e+01
299.215887	597508.847727	2.175700e-05	1.300000e+01
300.240333	594856.776791	2.185400e-05	1.300000e+01
301.264787	592255.125285	2.195000e-05	1.300000e+01
302.288891	589328.618704	2.205900e-05	1.300000e+01
303.313072	586695.550140	2.215800e-05	1.300000e+01
304.338191	583902.263744	2.226400e-05	1.300000e+01
305.361988	582176.444245	2.233000e-05	1.300000e+01
306.386040	579141.978884	2.244700e-05	1.300000e+01
307.411224	576624.528720	2.254500e-05	1.300000e+01
308.435413	574611.032532	2.262400e-05	1.300000e+01
309.458943	572208.283815	2.271900e-05	1.300000e+01
310.483956	569900.486607	2.281100e-05	1.300000e+01
311.508859	568753.554710	2.285700e-05	1.300000e+01
312.533251	566646.325517	2.294200e-05	1.300000e+01
313.558764	564873.555227	2.301400e-05	1.300000e+01
314.583949	563771.195629	2.305900e-05	1.300000e+01
315.608051	562551.386906	2.310900e-05	1.300000e+01
316.632249	560876.693416	2.317800e-05	1.300000e+01
317.656269	560513.948174	2.319300e-05	1.300000e+01
318.680316	560344.827586	2.320000e-05	1.300000e+01
319.703807	558347.292016	2.328300e-05	1.300000e+01
320.727900	556578.327696	2.335700e-05	1.300000e+01
321.752424	554181.942195	2.345800e-05	1.300000e+01
322.776854	551712.430505	2.356300e-05	1.300000e+01
323.801125	549868.877422	2.364200e-05	1.300000e+01
324.825264	547368.421053	2.375000e-05	1.300000e+01
325.849332	543364.681296	2.392500e-05	1.300000e+01
326.874331	541057.976443	2.402700e-05	1.300000e+01
327.898254	538525.269263	2.414000e-05	1.300000e+01
328.922223	535751.081805	2.426500e-05	1.300000e+01
329.971191	533552.226554	2.436500e-05	1.300000e+01
330.996073	530958.993628	2.448400e-05	1.300000e+01
332.020029	529466.867593	2.455300e-05	1.300000e+01
333.044541	527404.762871	2.464900e-05	1.300000e+01
334.068843	525422.358742	2.474200e-05	1.300000e+01
335.092315	523665.659617	2.482500e-05	1.300000e+01
336.116156	522088.353414	2.490000e-05	1.300000e+01
337.141454	521585.620286	2.492400e-05	1.300000e+01
338.164007	520749.879827	2.496400e-05	1.300000e+01
339.186982	517145.357626	2.513800e-05	1.300000e+01
340.210264	514566.181127	2.526400e-05	1.300000e+01
341.233920	511992.438266	2.539100e-05	1.300000e+01
342.259089	509404.388715	2.552000e-05	1.300000e+01
343.283096	506723.835510	2.565500e-05	1.300000e+01
344.307397	504717.164266	2.575700e-05	1.300000e+01
345.332335	503661.229708	2.581100e-05	1.300000e+01
346.357230	501407.798820	2.592700e-05	1.300000e+01
347.381302	498542.721276	2.607600e-05	1.300000e+01
348.405420	495861.463936	2.621700e-05	1.300000e+01
349.430275	494992.955869	2.626300e-05	1.300000e+01
350.454373	494089.924366	2.631100e-05	1.300000e+01
351.478459	490806.810888	2.648700e-05	1.300000e+01
352.502939	487933.040574	2.664300e-05	1.300000e+01
353.526700	484749.049146	2.681800e-05	1.300000e+01
354.550873	481517.149418	2.699800e-05	1.300000e+01
355.574293	478574.584008	2.716400e-05	1.300000e+01
356.598133	475859.292068	2.731900e-05	1.300000e+01
357.622410	473277.996214	2.746800e-05	1.300000e+01
358.647223	470826.844374	2.761100e-05	1.300000e+01
359.671189	468924.719547	2.772300e-05	1.300000e+01
360.695272	466518.337759	2.786600e-05	1.300000e+01
361.719445	463755.707763	2.803200e-05	1.300000e+01
362.743234	461418.328956	2.817400e-05	1.300000e+01
363.767203	459851.432614	2.827000e-05	1.300000e+01
364.791291	456380.551167	2.848500e-05	1.300000e+01
365.816413	453467.280592	2.866800e-05	1.300000e+01
366.842186	450544.118666	2.885400e-05	1.300000e+01
367.867008	447442.692917	2.905400e-05	1.300000e+01
368.891679	444490.033166	2.924700e-05	1.300000e+01
369.916199	441666.100428	2.943400e-05	1.300000e+01
370.940783	438818.565401	2.962500e-05	1.300000e+01
371.965399	435832.104063	2.982800e-05	1.300000e+01
372.989251	432886.017782	3.003100e-05	1.300000e+01
374.013286	429383.009645	3.027600e-05	1.300000e+01
375.037945	426789.231779	3.046000e-05	1.300000e+01
376.062050	424489.795918	3.062500e-05	1.300000e+01
377.085030	421516.812036	3.084100e-05	1.300000e+01
378.111041	419138.509157	3.101600e-05	1.300000e+01
379.137813	416319.733555	3.122600e-05	1.300000e+01
380.163417	413617.562838	3.143000e-05	1.300000e+01
381.188047	411158.201025	3.161800e-05	1.300000e+01
382.213027	408882.179027	3.179400e-05	1.300000e+01
383.238814	405932.864949	3.202500e-05	1.300000e+01
384.264993	403225.806452	3.224000e-05	1.300000e+01
385.290852	400172.381949	3.248600e-05	1.300000e+01
386.316007	397140.587768	3.273400e-05	1.300000e+01
387.342571	394142.437013	3.298300e-05	1.300000e+01
388.369928	390977.443609	3.325000e-05	1.300000e+01
389.395682	387874.448025	3.351600e-05	1.300000e+01
390.419339	384831.710133	3.378100e-05	1.300000e+01
391.443979	381354.689196	3.408900e-05	1.300000e+01
392.467387	377885.006686	3.440200e-05	1.300000e+01
393.492628	374736.963478	3.469100e-05	1.300000e+01
394.516400	370845.813721	3.505500e-05	1.300000e+01
395.541129	367387.311007	3.538500e-05	1.300000e+01
396.565450	364043.685242	3.571000e-05	1.300000e+01
397.589997	361311.839911	3.598000e-05	1.300000e+01
398.613514	358779.047304	3.623400e-05	1.300000e+01
399.638140	355784.230548	3.653900e-05	1.300000e+01
400.662483	353068.984248	3.682000e-05	1.300000e+01
401.687282	350224.952181	3.711900e-05	1.300000e+01
402.712519	347612.171774	3.739800e-05	1.300000e+01
403.737177	345102.203345	3.767000e-05	1.300000e+01
404.761037	343116.554054	3.788800e-05	1.300000e+01
405.786385	341037.277998	3.811900e-05	1.300000e+01
406.818282	338691.608264	3.838300e-05	1.300000e+01
407.842318	337128.186510	3.856100e-05	1.300000e+01
408.866319	335034.276584	3.880200e-05	1.300000e+01
409.890313	334672.021419	3.884400e-05	1.300000e+01
410.915959	331674.958541	3.919500e-05	1.300000e+01
411.941641	328432.115608	3.958200e-05	1.300000e+01
412.965753	326477.309827	3.981900e-05	1.300000e+01
413.990498	323640.709022	4.016800e-05	1.300000e+01
415.013431	320781.720377	4.052600e-05	1.300000e+01
416.039302	318299.789432	4.084200e-05	1.300000e+01
417.065045	315648.901299	4.118500e-05	1.300000e+01
418.092180	313222.821897	4.150400e-05	1.300000e+01
419.120099	311205.802791	4.177300e-05	1.300000e+01
420.146261	309126.361345	4.205400e-05	1.300000e+01
421.170141	307546.723445	4.227000e-05	1.300000e+01
422.193618	304978.182330	4.262600e-05	1.300000e+01
423.218395	302910.268658	4.291700e-05	1.300000e+01
424.242343	301253.678771	4.315300e-05	1.300000e+01
425.266261	298823.096727	4.350400e-05	1.300000e+01
426.291098	296580.202131	4.383300e-05	1.300000e+01
427.316394	294424.061240	4.415400e-05	1.300000e+01
428.340176	292391.084321	4.446100e-05	1.300000e+01
429.363571	289971.448965	4.483200e-05	1.300000e+01
430.388536	287992.910944	4.514000e-05	1.300000e+01
431.412543	285682.891990	4.550500e-05	1.300000e+01
432.436250	283434.352243	4.586600e-05	1.300000e+01
433.461313	281421.829675	4.619400e-05	1.300000e+01
434.485885	279353.618704	4.653600e-05	1.300000e+01
435.510491	277534.638458	4.684100e-05	1.300000e+01
436.534472	275546.323576	4.717900e-05	1.300000e+01
437.558660	273701.496937	4.749700e-05	1.300000e+01
438.583107	271955.148320	4.780200e-05	1.300000e+01
439.607169	270062.529863	4.813700e-05	1.300000e+01
440.630572	267980.458040	4.851100e-05	1.300000e+01
441.654575	265707.394841	4.892600e-05	1.300000e+01
442.678802	263531.319684	4.933000e-05	1.300000e+01
443.703269	261495.755723	4.971400e-05	1.300000e+01
444.726450	259372.318988	5.012100e-05	1.300000e+01
445.750267	257354.396801	5.051400e-05	1.300000e+01
446.775898	255895.437188	5.080200e-05	1.300000e+01
447.800555	254413.088575	5.109800e-05	1.300000e+01
448.824526	252608.670307	5.146300e-05	1.300000e+01
449.849462	251081.582200	5.177600e-05	1.300000e+01
450.873574	249429.190890	5.211900e-05	1.300000e+01
451.897517	247411.693057	5.254400e-05	1.300000e+01
452.921659	245649.175186	5.292100e-05	1.300000e+01
453.945704	243400.112339	5.341000e-05	1.300000e+01
454.970285	241263.478277	5.388300e-05	1.300000e+01
455.994311	239909.941499	5.418700e-05	1.300000e+01
457.018447	238663.484487	5.447000e-05	1.300000e+01
458.041799	236997.064883	5.485300e-05	1.300000e+01
459.065217	234771.459014	5.537300e-05	1.300000e+01
460.090131	232716.336687	5.586200e-05	1.300000e+01
461.114330	231296.148030	5.620500e-05	1.300000e+01
462.138189	229301.160617	5.669400e-05	1.300000e+01
463.162598	227499.431251	5.714300e-05	1.300000e+01
464.186508	225772.837791	5.758000e-05	1.300000e+01
465.211301	223937.159788	5.805200e-05	1.300000e+01
466.234685	222389.489531	5.845600e-05	1.300000e+01
467.258889	220788.043478	5.888000e-05	1.300000e+01
468.282636	219346.347883	5.926700e-05	1.300000e+01
469.307539	217788.276290	5.969100e-05	1.300000e+01
470.331700	216342.153437	6.009000e-05	1.300000e+01
471.355785	214982.636018	6.047000e-05	1.300000e+01
472.378620	213748.992913	6.081900e-05	1.300000e+01
473.401532	212387.067261	6.120900e-05	1.300000e+01
474.425371	211038.961039	6.160000e-05	1.300000e+01
475.450925	209714.626789	6.198900e-05	1.300000e+01
476.475361	208483.682143	6.235500e-05	1.300000e+01
477.499431	207267.103522	6.272100e-05	1.300000e+01
478.522626	205865.585608	6.314800e-05	1.300000e+01
479.547090	204447.519894	6.358600e-05	1.300000e+01
480.571714	203166.268148	6.398700e-05	1.300000e+01
481.595683	201813.214108	6.441600e-05	1.300000e+01
482.619598	200487.338453	6.484200e-05	1.300000e+01
483.643992	199242.877067	6.524700e-05	1.300000e+01
484.667750	198146.567492	6.560800e-05	1.300000e+01
485.691826	197887.173867	6.569400e-05	1.300000e+01
486.716284	196769.945661	6.606700e-05	1.300000e+01
487.740141	195409.382657	6.652700e-05	1.300000e+01
488.765388	194296.646141	6.690800e-05	1.300000e+01
489.789558	194070.402771	6.698600e-05	1.300000e+01
490.813389	192852.586450	6.740900e-05	1.300000e+01
491.836755	191720.618815	6.780700e-05	1.300000e+01
492.860486	190615.835777	6.820000e-05	1.300000e+01
493.884449	189206.497060	6.870800e-05	1.300000e+01
494.907899	187801.565976	6.922200e-05	1.300000e+01
495.932216	186454.777545	6.972200e-05	1.300000e+01
496.955673	185259.077695	7.017200e-05	1.300000e+01
497.979814	184250.807869	7.055600e-05	1.300000e+01
499.005267	183175.989855	7.097000e-05	1.300000e+01
500.029288	182144.258253	7.137200e-05	1.300000e+01
501.053498	181055.974151	7.180100e-05	1.300000e+01
502.076889	179945.739439	7.224400e-05	1.300000e+01
503.100420	178908.110042	7.266300e-05	1.300000e+01
504.125919	177721.878930	7.314800e-05	1.300000e+01
505.149613	176666.440171	7.358500e-05	1.300000e+01
506.173338	175673.301712	7.400100e-05	1.300000e+01
507.196804	174738.228692	7.439700e-05	1.300000e+01
508.221181	173833.975182	7.478400e-05	1.300000e+01
509.245509	172856.250083	7.520700e-05	1.300000e+01
510.268701	171948.574150	7.560400e-05	1.300000e+01
511.292657	171117.926577	7.597100e-05	1.300000e+01
512.316911	170277.421214	7.634600e-05	1.300000e+01
513.341744	169407.594673	7.673800e-05	1.300000e+01
514.365709	168505.100520	7.714900e-05	1.300000e+01
515.389794	167534.408990	7.759600e-05	1.300000e+01
516.414413	166636.757505	7.801400e-05	1.300000e+01
517.438372	165670.519568	7.846900e-05	1.300000e+01
518.463525	164623.645021	7.896800e-05	1.300000e+01
519.487648	163629.040379	7.944800e-05	1.300000e+01
520.512712	162766.530193	7.986900e-05	1.300000e+01
521.536719	161907.015556	8.029300e-05	1.300000e+01
522.561487	160944.870192	8.077300e-05	1.300000e+01
523.584916	160167.559909	8.116500e-05	1.300000e+01
524.609731	159315.677888	8.159900e-05	1.300000e+01
525.633886	158517.253993	8.201000e-05	1.300000e+01
526.657784	157707.658527	8.243100e-05	1.300000e+01
527.681824	156980.184271	8.281300e-05	1.300000e+01
528.705797	156524.670696	8.305400e-05	1.300000e+01
529.732080	156011.856901	8.332700e-05	1.300000e+01
530.756827	155338.877736	8.368800e-05	1.300000e+01
531.781514	155023.969091	8.385800e-05	1.300000e+01
532.805867	154304.502131	8.424900e-05	1.300000e+01
533.829976	153218.772835	8.484600e-05	1.300000e+01
534.854934	152267.616192	8.537600e-05	1.300000e+01
535.878955	151347.575528	8.589500e-05	1.300000e+01
536.902932	150424.660387	8.642200e-05	1.300000e+01
537.927896	149602.402845	8.689700e-05	1.300000e+01
538.952405	148838.487343	8.734300e-05	1.300000e+01
539.976841	147994.672192	8.784100e-05	1.300000e+01
541.000662	147200.362339	8.831500e-05	1.300000e+01
542.024747	146398.045023	8.879900e-05	1.300000e+01
543.048590	145669.688379	8.924300e-05	1.300000e+01
544.072590	144898.459618	8.971800e-05	1.300000e+01
545.096565	144159.329326	9.017800e-05	1.300000e+01
546.121211	143373.919181	9.067200e-05	1.300000e+01
547.144775	142642.395514	9.113700e-05	1.300000e+01
548.168705	141929.144604	9.159500e-05	1.300000e+01
549.192592	141253.680745	9.203300e-05	1.300000e+01
550.217338	140540.540541	9.250000e-05	1.300000e+01
551.242512	139869.168532	9.294400e-05	1.300000e+01
552.266595	139192.256628	9.339600e-05	1.300000e+01
553.289614	138468.748669	9.388400e-05	1.300000e+01
554.314898	137830.129666	9.431900e-05	1.300000e+01
555.338876	137262.562164	9.470900e-05	1.300000e+01
556.362490	136655.103543	9.513000e-05	1.300000e+01
557.385794	136112.827063	9.550900e-05	1.300000e+01
558.410084	135610.193714	9.586300e-05	1.300000e+01
559.433731	135021.447638	9.628100e-05	1.300000e+01
560.457523	134479.512563	9.666900e-05	1.300000e+01
561.482259	133780.640912	9.717400e-05	1.300000e+01
562.506911	133101.259343	9.767000e-05	1.300000e+01
563.530858	132462.477456	9.814100e-05	1.300000e+01
564.554849	131823.113662	9.861700e-05	1.300000e+01
565.578810	131226.972190	9.906500e-05	1.300000e+01
566.603225	130609.948459	9.953300e-05	1.300000e+01
567.627467	130039.011704	9.997000e-05	1.300000e+01
568.651796	129378.980892	1.004800e-04	1.300000e+01
569.675823	128891.532818	1.008600e-04	1.300000e+01
570.699782	128445.805750	1.012100e-04	1.300000e+01
571.723768	127852.084972	1.016800e-04	1.300000e+01
572.747874	127326.150833	1.021000e-04	1.300000e+01
573.771736	127052.384676	1.023200e-04	1.300000e+01
574.795902	126373.092252	1.028700e-04	1.300000e+01
575.819026	125591.730268	1.035100e-04	1.300000e+01
576.841840	125036.068097	1.039700e-04	1.300000e+01
577.865117	124401.913876	1.045000e-04	1.300000e+01
578.891022	123797.733549	1.050100e-04	1.300000e+01
579.914828	123176.046996	1.055400e-04	1.300000e+01
580.938805	122606.809394	1.060300e-04	1.300000e+01
581.963146	122077.190347	1.064900e-04	1.300000e+01
582.988747	121506.682868	1.069900e-04	1.300000e+01
584.013040	120930.232558	1.075000e-04	1.300000e+01
585.036974	120281.273131	1.080800e-04	1.300000e+01
586.061027	119760.479042	1.085500e-04	1.300000e+01
587.085953	119233.238558	1.090300e-04	1.300000e+01
588.110663	118591.497902	1.096200e-04	1.300000e+01
589.135881	118053.033055	1.101200e-04	1.300000e+01
590.159635	117466.341375	1.106700e-04	1.300000e+01
591.183860	116948.542641	1.111600e-04	1.300000e+01
592.209554	116424.861186	1.116600e-04	1.300000e+01
593.233938	115864.527629	1.122000e-04	1.300000e+01
594.257880	115330.021292	1.127200e-04	1.300000e+01
595.281621	114790.286976	1.132500e-04	1.300000e+01
596.305450	114285.714286	1.137500e-04	1.300000e+01
597.330084	113775.599510	1.142600e-04	1.300000e+01
598.354113	113289.760349	1.147500e-04	1.300000e+01
599.378170	112876.617175	1.151700e-04	1.300000e+01
600.402819	112427.570700	1.156300e-04	1.300000e+01
601.427719	111924.235902	1.161500e-04	1.300000e+01
602.451801	111501.844069	1.165900e-04	1.300000e+01
603.475861	111035.189614	1.170800e-04	1.300000e+01
604.501502	110572.424938	1.175700e-04	1.300000e+01
605.526028	110066.886800	1.181100e-04	1.300000e+01
606.549755	109593.660428	1.186200e-04	1.300000e+01
607.573737	109133.646743	1.191200e-04	1.300000e+01
608.597321	108632.071530	1.196700e-04	1.300000e+01
609.620855	108153.078203	1.202000e-04	1.300000e+01
610.645013	107696.131224	1.207100e-04	1.300000e+01
611.668848	107260.726073	1.212000e-04	1.300000e+01
612.693415	106802.497535	1.217200e-04	1.300000e+01
613.717168	106365.570283	1.222200e-04	1.300000e+01
614.740659	105889.060845	1.227700e-04	1.300000e+01
615.765019	105433.901054	1.233000e-04	1.300000e+01
616.789051	104974.160207	1.238400e-04	1.300000e+01
617.813785	104552.034743	1.243400e-04	1.300000e+01
618.837655	104116.610604	1.248600e-04	1.300000e+01
619.861150	103676.529229	1.253900e-04	1.300000e+01
620.885306	103281.163105	1.258700e-04	1.300000e+01
621.910187	102905.089844	1.263300e-04	1.300000e+01
622.933896	102612.676612	1.266900e-04	1.300000e+01
623.958420	102201.257862	1.272000e-04	1.300000e+01
624.983492	101825.017624	1.276700e-04	1.300000e+01
626.008106	101506.988366	1.280700e-04	1.300000e+01
627.031675	101143.701859	1.285300e-04	1.300000e+01
628.055935	100681.536555	1.291200e-04	1.300000e+01
629.080305	100262.224279	1.296600e-04	1.300000e+01
630.104980	99846.390169	1.302000e-04	1.300000e+01
631.128786	99441.597185	1.307300e-04	1.300000e+01
632.152811	99085.365854	1.312000e-04	1.300000e+01
633.176635	98844.282238	1.315200e-04	1.300000e+01
634.201065	98373.060916	1.321500e-04	1.300000e+01
635.225207	98076.197661	1.325500e-04	1.300000e+01
636.249933	97729.664712	1.330200e-04	1.300000e+01
637.274134	97298.106429	1.336100e-04	1.300000e+01
638.301364	96855.908210	1.342200e-04	1.300000e+01
639.326194	96410.560664	1.348400e-04	1.300000e+01
640.351007	95912.645713	1.355400e-04	1.300000e+01
641.376141	95426.851648	1.362300e-04	1.300000e+01
642.399926	95001.461561	1.368400e-04	1.300000e+01
643.423981	94607.379376	1.374100e-04	1.300000e+01
644.447892	94257.540603	1.379200e-04	1.300000e+01
645.471811	93923.849433	1.384100e-04	1.300000e+01
646.497450	93552.101324	1.389600e-04	1.300000e+01
647.522054	93236.749623	1.394300e-04	1.300000e+01
648.545816	92863.775984	1.399900e-04	1.300000e+01
649.570833	92493.774457	1.405500e-04	1.300000e+01
650.595025	92133.238838	1.411000e-04	1.300000e+01
651.619082	91781.982491	1.416400e-04	1.300000e+01
652.643835	91471.995497	1.421200e-04	1.300000e+01
653.667215	91081.062145	1.427300e-04	1.300000e+01
654.691508	90750.436300	1.432500e-04	1.300000e+01
655.715214	90378.197998	1.438400e-04	1.300000e+01
656.739140	90015.233347	1.444200e-04	1.300000e+01
657.763862	89698.475126	1.449300e-04	1.300000e+01
658.787143	89390.084577	1.454300e-04	1.300000e+01
659.811109	89034.997603	1.460100e-04	1.300000e+01
660.835042	88700.873362	1.465600e-04	1.300000e+01
661.859324	88303.219671	1.472200e-04	1.300000e+01
662.883588	88046.054859	1.476500e-04	1.300000e+01
663.908164	87654.237745	1.483100e-04	1.300000e+01
664.932178	87377.335663	1.487800e-04	1.300000e+01
665.956174	86979.793925	1.494600e-04	1.300000e+01
666.980828	86597.388756	1.501200e-04	1.300000e+01
668.005274	86315.649691	1.506100e-04	1.300000e+01
669.029378	86001.587722	1.511600e-04	1.300000e+01
670.053281	85650.283305	1.517800e-04	1.300000e+01
671.077249	85290.644272	1.524200e-04	1.300000e+01
672.101149	84945.112389	1.530400e-04	1.300000e+01
673.126306	84646.438338	1.535800e-04	1.300000e+01
674.151071	84311.563655	1.541900e-04	1.300000e+01
675.174901	83990.179610	1.547800e-04	1.300000e+01
676.200246	83665.851461	1.553800e-04	1.300000e+01
677.225231	83338.675556	1.559900e-04	1.300000e+01
678.249891	83040.562121	1.565500e-04	1.300000e+01
679.273174	82760.376878	1.570800e-04	1.300000e+01
680.297820	82681.422120	1.572300e-04	1.300000e+01
681.322088	82508.250825	1.575600e-04	1.300000e+01
682.346959	82153.690597	1.582400e-04	1.300000e+01
683.370351	81704.481177	1.591100e-04	1.300000e+01
684.394605	81356.780775	1.597900e-04	1.300000e+01
685.419103	81001.931585	1.604900e-04	1.300000e+01
686.443125	80635.156928	1.612200e-04	1.300000e+01
687.466518	80351.072378	1.617900e-04	1.300000e+01
688.492503	80034.476390	1.624300e-04	1.300000e+01
689.516994	79793.763810	1.629200e-04	1.300000e+01
690.541133	79515.566701	1.634900e-04	1.300000e+01
691.565057	79210.333902	1.641200e-04	1.300000e+01
692.589345	78897.857620	1.647700e-04	1.300000e+01
693.613232	78597.339782	1.654000e-04	1.300000e+01
694.637047	78308.535630	1.660100e-04	1.300000e+01
695.660962	78021.846117	1.666200e-04	1.300000e+01
696.684863	77737.248101	1.672300e-04	1.300000e+01
697.709209	77454.718780	1.678400e-04	1.300000e+01
698.733912	77174.235678	1.684500e-04	1.300000e+01
699.758098	76854.862548	1.691500e-04	1.300000e+01
700.783078	76669.025714	1.695600e-04	1.300000e+01
701.807394	76479.585834	1.699800e-04	1.300000e+01
702.832004	76125.783217	1.707700e-04	1.300000e+01
703.856251	75792.910448	1.715200e-04	1.300000e+01
704.880330	75493.612079	1.722000e-04	1.300000e+01
705.905279	75161.887142	1.729600e-04	1.300000e+01
706.930114	74871.853942	1.736300e-04	1.300000e+01
707.954255	74618.298703	1.742200e-04	1.300000e+01
708.978311	74340.938983	1.748700e-04	1.300000e+01
710.003733	74057.194941	1.755400e-04	1.300000e+01
711.028982	73796.548592	1.761600e-04	1.300000e+01
712.053202	73521.094899	1.768200e-04	1.300000e+01
713.077224	73255.945002	1.774600e-04	1.300000e+01
714.101337	72984.504828	1.781200e-04	1.300000e+01
715.125273	72743.551004	1.787100e-04	1.300000e+01
716.149252	72504.182934	1.793000e-04	1.300000e+01
717.175643	72250.319569	1.799300e-04	1.300000e+01
718.203198	71986.267235	1.805900e-04	1.300000e+01
719.228930	71732.053192	1.812300e-04	1.300000e+01
720.254219	71479.628306	1.818700e-04	1.300000e+01
721.278274	71217.267448	1.825400e-04	1.300000e+01
722.302319	70960.698690	1.832000e-04	1.300000e+01
723.326992	70736.750463	1.837800e-04	1.300000e+01
724.351706	70518.036344	1.843500e-04	1.300000e+01
725.375437	70289.267370	1.849500e-04	1.300000e+01
726.400163	70054.426901	1.855700e-04	1.300000e+01
727.425705	69873.689868	1.860500e-04	1.300000e+01
728.450267	69652.807544	1.866400e-04	1.300000e+01
729.475714	69366.629315	1.874100e-04	1.300000e+01
730.502039	69123.198809	1.880700e-04	1.300000e+01
731.526366	68870.523416	1.887600e-04	1.300000e+01
732.551285	68645.052276	1.893800e-04	1.300000e+01
733.577146	68349.106204	1.902000e-04	1.300000e+01
734.600518	68073.519401	1.909700e-04	1.300000e+01
735.624378	67824.907393	1.916700e-04	1.300000e+01
736.648428	67567.567568	1.924000e-04	1.300000e+01
737.672458	67322.630761	1.931000e-04	1.300000e+01
738.696497	67103.701027	1.937300e-04	1.300000e+01
739.720452	66872.427984	1.944000e-04	1.300000e+01
740.744700	66652.994258	1.950400e-04	1.300000e+01
741.769486	66428.206438	1.957000e-04	1.300000e+01
742.793467	66245.413779	1.962400e-04	1.300000e+01
743.817337	66117.383786	1.966200e-04	1.300000e+01
744.842081	65879.491208	1.973300e-04	1.300000e+01
745.866435	65636.675755	1.980600e-04	1.300000e+01
746.890153	65395.643644	1.987900e-04	1.300000e+01
747.913384	65169.440545	1.994800e-04	1.300000e+01
748.937387	64996.750162	2.000100e-04	1.300000e+01
749.961451	64802.352824	2.006100e-04	1.300000e+01
750.985396	64564.191706	2.013500e-04	1.300000e+01
752.009229	64315.044773	2.021300e-04	1.300000e+01
753.034387	64058.342367	2.029400e-04	1.300000e+01
754.058640	63835.011048	2.036500e-04	1.300000e+01
755.082560	63613.231552	2.043600e-04	1.300000e+01
756.106615	63433.199961	2.049400e-04	1.300000e+01
757.131558	63226.496766	2.056100e-04	1.300000e+01
758.155613	63011.972275	2.063100e-04	1.300000e+01
759.179286	62826.213029	2.069200e-04	1.300000e+01
760.203624	62596.302003	2.076800e-04	1.300000e+01
761.228077	62398.003264	2.083400e-04	1.300000e+01
762.252519	62203.933203	2.089900e-04	1.300000e+01
763.276521	61978.545888	2.097500e-04	1.300000e+01
764.299577	61828.212689	2.102600e-04	1.300000e+01
765.322856	61663.978750	2.108200e-04	1.300000e+01
766.348100	61480.255380	2.114500e-04	1.300000e+01
767.372113	61216.801658	2.123600e-04	1.300000e+01
768.395612	60984.191021	2.131700e-04	1.300000e+01
769.419517	60764.700383	2.139400e-04	1.300000e+01
770.443586	60620.191187	2.144500e-04	1.300000e+01
771.467649	60462.304079	2.150100e-04	1.300000e+01
772.491570	60213.061603	2.159000e-04	1.300000e+01
773.516228	60037.870041	2.165300e-04	1.300000e+01
774.540648	59822.373568	2.173100e-04	1.300000e+01
775.564597	59641.235032	2.179700e-04	1.300000e+01
776.588561	59406.845497	2.188300e-04	1.300000e+01
777.612506	59228.210852	2.194900e-04	1.300000e+01
778.636735	59117.780809	2.199000e-04	1.300000e+01
779.660607	58903.488899	2.207000e-04	1.300000e+01
780.683654	58778.315323	2.211700e-04	1.300000e+01
781.707302	58606.076999	2.218200e-04	1.300000e+01
782.732210	58400.718778	2.226000e-04	1.300000e+01
783.755678	58251.557109	2.231700e-04	1.300000e+01
784.779545	58126.537000	2.236500e-04	1.300000e+01
785.805116	57865.218552	2.246600e-04	1.300000e+01
786.829543	57619.005407	2.256200e-04	1.300000e+01
787.854330	57448.406911	2.262900e-04	1.300000e+01
788.878732	57185.589232	2.273300e-04	1.300000e+01
789.903077	56960.084126	2.282300e-04	1.300000e+01
790.927508	56805.767970	2.288500e-04	1.300000e+01
791.952334	56657.223796	2.294500e-04	1.300000e+01
792.977873	56514.367691	2.300300e-04	1.300000e+01
794.002322	56367.341629	2.306300e-04	1.300000e+01
795.027695	56157.933388	2.314900e-04	1.300000e+01
796.052311	56036.898142	2.319900e-04	1.300000e+01
797.075576	55870.723741	2.326800e-04	1.300000e+01
798.101471	55662.599015	2.335500e-04	1.300000e+01
799.128029	55413.469736	2.346000e-04	1.300000e+01
800.151662	55161.878898	2.356700e-04	1.300000e+01
801.174689	54977.586061	2.364600e-04	1.300000e+01
802.198322	54799.140075	2.372300e-04	1.300000e+01
803.223709	54690.786706	2.377000e-04	1.300000e+01
804.248527	54514.194658	2.384700e-04	1.300000e+01
805.272527	54318.305269	2.393300e-04	1.300000e+01
806.296486	54132.833646	2.401500e-04	1.300000e+01
807.320797	53928.482535	2.410600e-04	1.300000e+01
808.344816	53770.112090	2.417700e-04	1.300000e+01
809.368455	53575.108181	2.426500e-04	1.300000e+01
810.392742	53379.321672	2.435400e-04	1.300000e+01
811.417152	53256.861942	2.441000e-04	1.300000e+01
812.441464	53087.226397	2.448800e-04	1.300000e+01
813.465431	52894.983114	2.457700e-04	1.300000e+01
814.489280	52736.197315	2.465100e-04	1.300000e+01
815.514318	52650.763436	2.469100e-04	1.300000e+01
816.538421	52521.008403	2.475200e-04	1.300000e+01
817.562688	52294.943481	2.485900e-04	1.300000e+01
818.586587	52079.160324	2.496200e-04	1.300000e+01
819.610810	51906.568177	2.504500e-04	1.300000e+01
820.634818	51706.308170	2.514200e-04	1.300000e+01
821.658906	51517.793453	2.523400e-04	1.300000e+01
822.682773	51340.784329	2.532100e-04	1.300000e+01
823.706890	51187.148088	2.539700e-04	1.300000e+01
824.731436	51026.415983	2.547700e-04	1.300000e+01
825.755708	50824.927672	2.557800e-04	1.300000e+01
826.779825	50656.587305	2.566300e-04	1.300000e+01
827.803654	50475.635799	2.575500e-04	1.300000e+01
828.826762	50307.650633	2.584100e-04	1.300000e+01
829.849763	50167.869409	2.591300e-04	1.300000e+01
830.872929	50046.196489	2.597600e-04	1.300000e+01
831.896070	49875.311721	2.606500e-04	1.300000e+01
832.920778	49709.391251	2.615200e-04	1.300000e+01
833.944532	49550.236317	2.623600e-04	1.300000e+01
834.968741	49399.604803	2.631600e-04	1.300000e+01
835.994568	49257.350712	2.639200e-04	1.300000e+01
837.019726	49052.901668	2.650200e-04	1.300000e+01
838.043796	48888.721748	2.659100e-04	1.300000e+01
839.067836	48694.609881	2.669700e-04	1.300000e+01
840.092007	48561.822936	2.677000e-04	1.300000e+01
841.116407	48413.525994	2.685200e-04	1.300000e+01
842.140609	48251.800163	2.694200e-04	1.300000e+01
843.165681	48091.151228	2.703200e-04	1.300000e+01
844.189594	47931.568468	2.712200e-04	1.300000e+01
845.213482	47771.285783	2.721300e-04	1.300000e+01
846.237373	47634.751383	2.729100e-04	1.300000e+01
847.262112	47538.945367	2.734600e-04	1.300000e+01
848.286666	47393.364929	2.743000e-04	1.300000e+01
849.310782	47228.075274	2.752600e-04	1.300000e+01
850.335429	47046.902142	2.763200e-04	1.300000e+01
851.358665	46862.045348	2.774100e-04	1.300000e+01
852.382833	46732.331584	2.781800e-04	1.300000e+01
853.407738	46618.374812	2.788600e-04	1.300000e+01
854.432812	46455.117210	2.798400e-04	1.300000e+01
855.455675	46316.089497	2.806800e-04	1.300000e+01
856.480520	46141.832896	2.817400e-04	1.300000e+01
857.505536	45968.882603	2.828000e-04	1.300000e+01
858.529835	45811.748952	2.837700e-04	1.300000e+01
859.553771	45713.481961	2.843800e-04	1.300000e+01
860.577805	45551.701181	2.853900e-04	1.300000e+01
861.602294	45403.744063	2.863200e-04	1.300000e+01
862.626803	45259.896250	2.872300e-04	1.300000e+01
863.650709	45120.088852	2.881200e-04	1.300000e+01
864.674852	44985.812167	2.889800e-04	1.300000e+01
865.699036	44900.355749	2.895300e-04	1.300000e+01
866.722847	44779.718232	2.903100e-04	1.300000e+01
867.746701	44652.057429	2.911400e-04	1.300000e+01
868.770411	44572.447370	2.916600e-04	1.300000e+01
869.795223	44449.003317	2.924700e-04	1.300000e+01
870.821590	44241.764225	2.938400e-04	1.300000e+01
871.847005	44066.302837	2.950100e-04	1.300000e+01
872.870889	43887.782317	2.962100e-04	1.300000e+01
873.895164	43715.111978	2.973800e-04	1.300000e+01
874.919413	43564.223719	2.984100e-04	1.300000e+01
875.943934	43402.777778	2.995200e-04	1.300000e+01
876.968892	43254.034271	3.005500e-04	1.300000e+01
877.992944	43164.989873	3.011700e-04	1.300000e+01
879.016495	43010.752688	3.022500e-04	1.300000e+01
880.040794	42863.266181	3.032900e-04	1.300000e+01
881.064657	42763.157895	3.040000e-04	1.300000e+01
882.088794	42621.553392	3.050100e-04	1.300000e+01
883.112746	42465.619181	3.061300e-04	1.300000e+01
884.137763	42332.866586	3.070900e-04	1.300000e+01
885.161614	42194.092827	3.081000e-04	1.300000e+01
886.185731	42103.899469	3.087600e-04	1.300000e+01
887.210247	41995.089805	3.095600e-04	1.300000e+01
888.234933	41888.190752	3.103500e-04	1.300000e+01
889.259096	41784.520442	3.111200e-04	1.300000e+01
890.285433	41708.107414	3.116900e-04	1.300000e+01
891.310771	41577.381904	3.126700e-04	1.300000e+01
892.335768	41409.186469	3.139400e-04	1.300000e+01
893.360370	41281.636023	3.149100e-04	1.300000e+01
894.384878	41136.636922	3.160200e-04	1.300000e+01
895.409713	40961.653590	3.173700e-04	1.300000e+01
896.436277	40847.106140	3.182600e-04	1.300000e+01
897.463499	40710.237059	3.193300e-04	1.300000e+01
898.487627	40579.348233	3.203600e-04	1.300000e+01
899.510701	40455.592208	3.213400e-04	1.300000e+01
900.534685	40265.130397	3.228600e-04	1.300000e+01
901.559617	40104.889712	3.241500e-04	1.300000e+01
902.583613	39961.882512	3.253100e-04	1.300000e+01
903.607006	39808.917197	3.265600e-04	1.300000e+01
904.631041	39691.020670	3.275300e-04	1.300000e+01
905.655046	39565.389415	3.285700e-04	1.300000e+01
906.679840	39434.568950	3.296600e-04	1.300000e+01
907.703916	39346.246973	3.304000e-04	1.300000e+01
908.728058	39231.071008	3.313700e-04	1.300000e+01
909.752628	39093.041439	3.325400e-04	1.300000e+01
910.776897	38964.152979	3.336400e-04	1.300000e+01
911.800842	38865.137971	3.344900e-04	1.300000e+01
912.825206	38730.820795	3.356500e-04	1.300000e+01
913.849592	38621.509210	3.366000e-04	1.300000e+01
914.873001	38529.934795	3.374000e-04	1.300000e+01
915.896956	38422.888219	3.383400e-04	1.300000e+01
916.921268	38306.273389	3.393700e-04	1.300000e+01
917.945661	38201.586835	3.403000e-04	1.300000e+01
918.969986	38077.384962	3.414100e-04	1.300000e+01
919.993850	37928.519329	3.427500e-04	1.300000e+01
921.018362	37748.998200	3.443800e-04	1.300000e+01
922.042929	37586.376384	3.458700e-04	1.300000e+01
923.067016	37455.341708	3.470800e-04	1.300000e+01
924.090714	37384.252603	3.477400e-04	1.300000e+01
925.115987	37223.685718	3.492400e-04	1.300000e+01
926.139975	37078.235076	3.506100e-04	1.300000e+01
927.164039	36943.362983	3.518900e-04	1.300000e+01
928.188019	36811.553164	3.531500e-04	1.300000e+01
929.213261	36687.926850	3.543400e-04	1.300000e+01
930.236988	36574.386676	3.554400e-04	1.300000e+01
931.260687	36456.434561	3.565900e-04	1.300000e+01
932.284995	36365.670807	3.574800e-04	1.300000e+01
933.310422	36256.135654	3.585600e-04	1.300000e+01
934.336343	36122.148434	3.598900e-04	1.300000e+01
935.360877	36007.090627	3.610400e-04	1.300000e+01
936.385535	35892.763467	3.621900e-04	1.300000e+01
937.409755	35775.221531	3.633800e-04	1.300000e+01
938.433975	35651.601580	3.646400e-04	1.300000e+01
939.458407	35529.804039	3.658900e-04	1.300000e+01
940.482050	35406.907070	3.671600e-04	1.300000e+01
941.506110	35283.899685	3.684400e-04	1.300000e+01
942.530455	35146.534011	3.698800e-04	1.300000e+01
943.554891	35030.988952	3.711000e-04	1.300000e+01
944.579307	34916.201117	3.723200e-04	1.300000e+01
945.603214	34801.231428	3.735500e-04	1.300000e+01
946.627232	34679.613722	3.748600e-04	1.300000e+01
947.650109	34579.066365	3.759500e-04	1.300000e+01
948.673213	34466.302561	3.771800e-04	1.300000e+01
949.696692	34394.264095	3.779700e-04	1.300000e+01
950.718876	34260.113322	3.794500e-04	1.300000e+01
951.743896	34141.345169	3.807700e-04	1.300000e+01
952.767898	34016.275479	3.821700e-04	1.300000e+01
953.791932	33900.073016	3.834800e-04	1.300000e+01
954.816209	33781.150118	3.848300e-04	1.300000e+01
955.840999	33679.629006	3.859900e-04	1.300000e+01
956.865046	33608.231431	3.868100e-04	1.300000e+01
957.889046	33498.247784	3.880800e-04	1.300000e+01
958.913427	33382.122589	3.894300e-04	1.300000e+01
959.938028	33306.858651	3.903100e-04	1.300000e+01
960.962168	33225.138651	3.912700e-04	1.300000e+01
961.986852	33129.459735	3.924000e-04	1.300000e+01
963.011772	33001.624695	3.939200e-04	1.300000e+01
964.036095	32845.701003	3.957900e-04	1.300000e+01
965.060070	32757.143577	3.968600e-04	1.300000e+01
966.083892	32624.789821	3.984700e-04	1.300000e+01
967.109791	32512.192072	3.998500e-04	1.300000e+01
968.134984	32372.130086	4.015800e-04	1.300000e+01
969.158869	32258.064516	4.030000e-04	1.300000e+01
970.183792	32144.799960	4.044200e-04	1.300000e+01
971.207674	32018.915790	4.060100e-04	1.300000e+01
972.232802	31904.189265	4.074700e-04	1.300000e+01
973.256214	31780.955873	4.090500e-04	1.300000e+01
974.279841	31715.052452	4.099000e-04	1.300000e+01
975.304871	31643.258769	4.108300e-04	1.300000e+01
976.328952	31533.498278	4.122600e-04	1.300000e+01
977.353858	31448.823088	4.133700e-04	1.300000e+01
978.377308	31374.441897	4.143500e-04	1.300000e+01
979.402135	31289.111389	4.154800e-04	1.300000e+01
980.427372	31130.268199	4.176000e-04	1.300000e+01
981.454406	31012.930006	4.191800e-04	1.300000e+01
982.480225	30935.440116	4.202300e-04	1.300000e+01
983.503968	30826.140567	4.217200e-04	1.300000e+01
984.528335	30710.354114	4.233100e-04	1.300000e+01
985.551929	30597.594558	4.248700e-04	1.300000e+01
986.575810	30475.654641	4.265700e-04	1.300000e+01
987.599145	30344.054899	4.284200e-04	1.300000e+01
988.623639	30234.667535	4.299700e-04	1.300000e+01
989.648107	30126.764154	4.315100e-04	1.300000e+01
990.672088	30012.697680	4.331500e-04	1.300000e+01
991.696118	29918.759062	4.345100e-04	1.300000e+01
992.721220	29827.459618	4.358400e-04	1.300000e+01
993.745826	29748.964507	4.369900e-04	1.300000e+01
994.770068	29619.503304	4.389000e-04	1.300000e+01
995.793816	29495.178673	4.407500e-04	1.300000e+01
996.818646	29367.248741	4.426700e-04	1.300000e+01
997.843227	29262.143790	4.442600e-04	1.300000e+01
998.870076	29155.172800	4.458900e-04	1.300000e+01
999.894188	29050.928512	4.474900e-04	1.300000e+01
1000.918138	28957.743969	4.489300e-04	1.300000e+01
1001.942777	28856.185212	4.505100e-04	1.300000e+01
1002.967416	28759.153154	4.520300e-04	1.300000e+01
1003.991424	28686.806276	4.531700e-04	1.300000e+01
1005.015082	28622.382703	4.541900e-04	1.300000e+01
1006.041189	28500.646745	4.561300e-04	1.300000e+01
1007.067143	28404.125153	4.576800e-04	1.300000e+01
1008.092105	28305.173315	4.592800e-04	1.300000e+01
1009.116083	28183.670815	4.612600e-04	1.300000e+01
1010.141039	28061.389686	4.632700e-04	1.300000e+01
1011.165108	27946.772148	4.651700e-04	1.300000e+01
1012.189949	27842.624917	4.669100e-04	1.300000e+01
1013.214239	27739.251040	4.686500e-04	1.300000e+01
1014.238862	27629.593420	4.705100e-04	1.300000e+01
1015.264158	27520.216775	4.723800e-04	1.300000e+01
1016.289019	27407.657278	4.743200e-04	1.300000e+01
1017.312952	27296.587927	4.762500e-04	1.300000e+01
1018.337315	27192.101740	4.780800e-04	1.300000e+01
1019.362269	27091.234944	4.798600e-04	1.300000e+01
1020.386212	26992.795000	4.816100e-04	1.300000e+01
1021.409260	26900.633200	4.832600e-04	1.300000e+01
1022.433118	26793.627239	4.851900e-04	1.300000e+01
1023.458644	26693.497053	4.870100e-04	1.300000e+01
1024.483342	26599.553946	4.887300e-04	1.300000e+01
1025.507078	26510.053428	4.903800e-04	1.300000e+01
1026.531939	26472.265211	4.910800e-04	1.300000e+01
1027.556778	26365.959518	4.930600e-04	1.300000e+01
1028.581177	26240.891383	4.954100e-04	1.300000e+01
1029.605365	26128.552478	4.975400e-04	1.300000e+01
1030.629369	26019.254248	4.996300e-04	1.300000e+01
1031.653548	25919.132307	5.015600e-04	1.300000e+01
1032.678138	25827.472484	5.033400e-04	1.300000e+01
1033.704007	25724.745226	5.053500e-04	1.300000e+01
1034.728317	25623.841999	5.073400e-04	1.300000e+01
1035.752442	25517.214305	5.094600e-04	1.300000e+01
1036.778036	25423.397348	5.113400e-04	1.300000e+01
1037.802138	25333.229402	5.131600e-04	1.300000e+01
1038.825895	25227.043391	5.153200e-04	1.300000e+01
1039.849254	25142.149847	5.170600e-04	1.300000e+01
1040.874180	25056.376848	5.188300e-04	1.300000e+01
1041.899183	24987.025967	5.202700e-04	1.300000e+01
1042.923226	24893.246271	5.222300e-04	1.300000e+01
1043.947362	24776.062512	5.247000e-04	1.300000e+01
1044.972207	24676.828458	5.268100e-04	1.300000e+01
1045.997387	24602.573808	5.284000e-04	1.300000e+01
1047.021041	24486.259441	5.309100e-04	1.300000e+01
1048.044022	24376.523533	5.333000e-04	1.300000e+01
1049.070411	24272.751036	5.355800e-04	1.300000e+01
1050.096212	24168.060978	5.379000e-04	1.300000e+01
1051.120143	24068.279859	5.401300e-04	1.300000e+01
1052.144015	23970.645179	5.423300e-04	1.300000e+01
1053.167750	23870.730812	5.446000e-04	1.300000e+01
1054.191190	23780.342803	5.466700e-04	1.300000e+01
1055.214994	23696.682464	5.486000e-04	1.300000e+01
1056.238442	23590.897543	5.510600e-04	1.300000e+01
1057.262633	23475.026184	5.537800e-04	1.300000e+01
1058.286548	23399.391616	5.555700e-04	1.300000e+01
1059.311038	23331.777881	5.571800e-04	1.300000e+01
1060.337567	23218.431863	5.599000e-04	1.300000e+01
1061.361483	23123.443614	5.622000e-04	1.300000e+01
1062.385355	23032.493533	5.644200e-04	1.300000e+01
1063.409347	22931.329488	5.669100e-04	1.300000e+01
1064.433296	22827.041264	5.695000e-04	1.300000e+01
1065.457374	22721.711469	5.721400e-04	1.300000e+01
1066.481272	22629.948125	5.744600e-04	1.300000e+01
1067.505236	22537.360008	5.768200e-04	1.300000e+01
1068.529288	22445.913980	5.791700e-04	1.300000e+01
1069.553433	22352.900719	5.815800e-04	1.300000e+01
1070.577369	22263.705023	5.839100e-04	1.300000e+01
1071.601414	22172.949002	5.863000e-04	1.300000e+01
1072.625317	22076.554699	5.888600e-04	1.300000e+01
1073.649531	21989.918468	5.911800e-04	1.300000e+01
1074.673157	21903.590504	5.935100e-04	1.300000e+01
1075.698276	21802.935010	5.962500e-04	1.300000e+01
1076.722237	21706.461847	5.989000e-04	1.300000e+01
1077.746541	21632.055378	6.009600e-04	1.300000e+01
1078.770525	21572.824878	6.026100e-04	1.300000e+01
1079.794568	21510.713990	6.043500e-04	1.300000e+01
1080.818587	21436.580700	6.064400e-04	1.300000e+01
1081.842520	21367.521368	6.084000e-04	1.300000e+01
1082.866450	21283.214093	6.108100e-04	1.300000e+01
1083.890355	21196.458561	6.133100e-04	1.300000e+01
1084.914566	21122.069313	6.154700e-04	1.300000e+01
1085.938664	21050.586178	6.175600e-04	1.300000e+01
1086.962444	21005.348285	6.188900e-04	1.300000e+01
1087.986562	20940.384337	6.208100e-04	1.300000e+01
1089.010505	20882.863201	6.225200e-04	1.300000e+01
1090.033833	20824.989988	6.242500e-04	1.300000e+01
1091.059381	20775.401924	6.257400e-04	1.300000e+01
1092.084080	20717.461633	6.274900e-04	1.300000e+01
1093.108244	20669.698222	6.289400e-04	1.300000e+01
1094.132328	20620.846089	6.304300e-04	1.300000e+01
1095.156442	20565.715370	6.321200e-04	1.300000e+01
1096.181385	20520.591624	6.335100e-04	1.300000e+01
1097.205443	20464.061959	6.352600e-04	1.300000e+01
1098.229541	20407.842891	6.370100e-04	1.300000e+01
1099.253826	20360.538145	6.384900e-04	1.300000e+01
1100.279092	20320.437671	6.397500e-04	1.300000e+01
1101.303586	20266.899476	6.414400e-04	1.300000e+01
1102.326635	20213.956960	6.431200e-04	1.300000e+01
1103.351810	20168.171523	6.445800e-04	1.300000e+01
1104.376645	20125.396703	6.459500e-04	1.300000e+01
1105.400420	20086.216220	6.472100e-04	1.300000e+01
1106.424431	20039.153423	6.487300e-04	1.300000e+01
1107.448929	20005.539996	6.498200e-04	1.300000e+01
1108.473914	19970.505100	6.509600e-04	1.300000e+01
1109.498287	19945.686362	6.517700e-04	1.300000e+01
1110.522542	19899.583639	6.532800e-04	1.300000e+01
1111.546879	19843.389862	6.551300e-04	1.300000e+01
1112.571314	19796.250895	6.566900e-04	1.300000e+01
1113.596325	19744.236202	6.584200e-04	1.300000e+01
1114.620393	19700.850167	6.598700e-04	1.300000e+01
1115.644854	19659.438043	6.612600e-04	1.300000e+01
1116.669495	19621.752977	6.625300e-04	1.300000e+01
1117.693401	19587.753134	6.636800e-04	1.300000e+01
1118.717153	19563.287234	6.645100e-04	1.300000e+01
1119.740885	19522.157649	6.659100e-04	1.300000e+01
1120.764535	19496.100780	6.668000e-04	1.300000e+01
1121.788466	19469.238603	6.677200e-04	1.300000e+01
1122.812402	19429.955012	6.690700e-04	1.300000e+01
1123.836835	19410.807340	6.697300e-04	1.300000e+01
1124.861898	19379.556059	6.708100e-04	1.300000e+01
1125.886758	19345.813864	6.719800e-04	1.300000e+01
1126.911835	19315.632290	6.730300e-04	1.300000e+01
1127.935752	19292.413629	6.738400e-04	1.300000e+01
1128.959591	19267.537164	6.747100e-04	1.300000e+01
1129.984507	19214.283603	6.765800e-04	1.300000e+01
1131.008684	19169.234853	6.781700e-04	1.300000e+01
1132.032692	19134.248834	6.794100e-04	1.300000e+01
1133.056904	19097.706806	6.807100e-04	1.300000e+01
1134.081461	19073.049781	6.815900e-04	1.300000e+01
1135.105385	19046.781826	6.825300e-04	1.300000e+01
1136.129434	19012.240958	6.837700e-04	1.300000e+01
1137.155248	18978.933384	6.849700e-04	1.300000e+01
1138.181240	18947.399105	6.861100e-04	1.300000e+01
1139.204498	18920.925088	6.870700e-04	1.300000e+01
1140.228548	18896.722146	6.879500e-04	1.300000e+01
1141.252600	18878.062240	6.886300e-04	1.300000e+01
1142.277472	18852.601659	6.895600e-04	1.300000e+01
1143.301430	18825.846439	6.905400e-04	1.300000e+01
1144.325456	18810.047459	6.911200e-04	1.300000e+01
1145.349510	18779.071447	6.922600e-04	1.300000e+01
1146.373734	18752.524378	6.932400e-04	1.300000e+01
1147.397827	18743.061463	6.935900e-04	1.300000e+01
1148.421913	18730.369132	6.940600e-04	1.300000e+01
1149.445550	18704.497712	6.950200e-04	1.300000e+01
1150.470885	18679.502838	6.959500e-04	1.300000e+01
1151.495547	18648.419905	6.971100e-04	1.300000e+01
1152.519405	18619.840156	6.981800e-04	1.300000e+01
1153.542467	18569.041123	7.000900e-04	1.300000e+01
1154.566350	18549.963614	7.008100e-04	1.300000e+01
1155.589574	18521.684618	7.018800e-04	1.300000e+01
1156.613412	18499.018129	7.027400e-04	1.300000e+01
1157.637596	18479.296081	7.034900e-04	1.300000e+01
1158.661697	18447.566340	7.047000e-04	1.300000e+01
1159.685545	18419.859442	7.057600e-04	1.300000e+01
1160.709844	18390.414350	7.068900e-04	1.300000e+01
1161.734533	18378.454796	7.073500e-04	1.300000e+01
1162.759476	18349.400821	7.084700e-04	1.300000e+01
1163.783404	18321.729571	7.095400e-04	1.300000e+01
1164.805859	18315.534391	7.097800e-04	1.300000e+01
1165.830050	18312.180417	7.099100e-04	1.300000e+01
1166.854371	18294.141653	7.106100e-04	1.300000e+01
1167.877685	18267.663425	7.116400e-04	1.300000e+01
1168.901450	18245.870117	7.124900e-04	1.300000e+01
1169.926280	18222.596019	7.134000e-04	1.300000e+01
1170.950396	18204.733231	7.141000e-04	1.300000e+01
1171.973746	18201.674554	7.142200e-04	1.300000e+01
1172.997657	18185.633350	7.148500e-04	1.300000e+01
1174.022367	18174.954912	7.152700e-04	1.300000e+01
1175.047547	18169.874348	7.154700e-04	1.300000e+01
1176.071411	18171.652223	7.154000e-04	1.300000e+01
1177.095631	18148.313603	7.163200e-04	1.300000e+01
1178.119825	18136.919793	7.167700e-04	1.300000e+01
1179.143475	18128.573421	7.171000e-04	1.300000e+01
1180.166426	18111.399036	7.177800e-04	1.300000e+01
1181.191423	18096.524075	7.183700e-04	1.300000e+01
1182.215481	18091.487259	7.185700e-04	1.300000e+01
1183.240597	18099.547511	7.182500e-04	1.300000e+01
1184.264489	18087.459825	7.187300e-04	1.300000e+01
1185.287733	18079.158902	7.190600e-04	1.300000e+01
1186.312018	18068.605104	7.194800e-04	1.300000e+01
1187.336942	18057.311127	7.199300e-04	1.300000e+01
1188.361562	18046.782814	7.203500e-04	1.300000e+01
1189.384894	18040.021093	7.206200e-04	1.300000e+01
1190.409489	18032.263881	7.209300e-04	1.300000e+01
1191.433760	18026.262878	7.211700e-04	1.300000e+01
1192.457700	18022.264428	7.213300e-04	1.300000e+01
1193.481406	18017.268859	7.215300e-04	1.300000e+01
1194.506509	18009.531198	7.218400e-04	1.300000e+01
1195.530981	18002.049464	7.221400e-04	1.300000e+01
1196.555558	17997.314247	7.223300e-04	1.300000e+01
1197.578884	18004.043985	7.220600e-04	1.300000e+01
1198.603230	18007.036596	7.219400e-04	1.300000e+01
1199.627658	17997.065094	7.223400e-04	1.300000e+01
1200.651968	17993.577677	7.224800e-04	1.300000e+01
1201.675733	17995.072119	7.224200e-04	1.300000e+01
1202.699846	18001.550903	7.221600e-04	1.300000e+01
1203.723802	17992.083483	7.225400e-04	1.300000e+01
1204.747593	17972.681524	7.233200e-04	1.300000e+01
1205.771718	17983.372297	7.228900e-04	1.300000e+01
1206.795455	17977.652395	7.231200e-04	1.300000e+01
1207.817959	17990.838511	7.225900e-04	1.300000e+01
1208.841511	17972.930002	7.233100e-04	1.300000e+01
1209.865799	17979.392850	7.230500e-04	1.300000e+01
1210.890199	17985.611511	7.228000e-04	1.300000e+01
1211.914961	17973.923984	7.232700e-04	1.300000e+01
1212.938944	17946.629485	7.243700e-04	1.300000e+01
1213.963120	17929.550658	7.250600e-04	1.300000e+01
1214.988576	17932.271191	7.249500e-04	1.300000e+01
1216.013612	17947.125009	7.243500e-04	1.300000e+01
1217.038261	17951.090184	7.241900e-04	1.300000e+01
1218.061785	17953.817258	7.240800e-04	1.300000e+01
1219.085741	17939.942592	7.246400e-04	1.300000e+01
1220.109770	17921.888140	7.253700e-04	1.300000e+01
1221.134988	17918.676775	7.255000e-04	1.300000e+01
1222.158822	17919.417757	7.254700e-04	1.300000e+01
1223.183059	17902.144126	7.261700e-04	1.300000e+01
1224.206815	17897.954126	7.263400e-04	1.300000e+01
1225.230775	17891.795923	7.265900e-04	1.300000e+01
1226.255203	17891.549683	7.266000e-04	1.300000e+01
1227.279096	17878.016915	7.271500e-04	1.300000e+01
1228.302893	17868.433351	7.275400e-04	1.300000e+01
1229.327102	17861.313768	7.278300e-04	1.300000e+01
1230.351051	17851.012702	7.282500e-04	1.300000e+01
1231.375487	17856.897570	7.280100e-04	1.300000e+01
1232.399874	17843.906992	7.285400e-04	1.300000e+01
1233.423972	17842.437551	7.286000e-04	1.300000e+01
1234.447694	17840.723510	7.286700e-04	1.300000e+01
1235.473314	17833.136712	7.289800e-04	1.300000e+01
1236.499556	17826.289663	7.292600e-04	1.300000e+01
1237.523904	17830.935301	7.290700e-04	1.300000e+01
1238.547885	17826.045223	7.292700e-04	1.300000e+01
1239.571821	17820.913527	7.294800e-04	1.300000e+01
1240.596355	17818.959373	7.295600e-04	1.300000e+01
1241.620684	17813.099479	7.298000e-04	1.300000e+01
1242.645009	17814.075861	7.297600e-04	1.300000e+01
1243.669656	17815.540633	7.297000e-04	1.300000e+01
1244.693695	17825.067530	7.293100e-04	1.300000e+01
1245.718774	17812.123205	7.298400e-04	1.300000e+01
1246.742670	17805.292281	7.301200e-04	1.300000e+01
1247.765969	17798.953969	7.303800e-04	1.300000e+01
1248.789883	17793.350762	7.306100e-04	1.300000e+01
1249.814017	17785.317536	7.309400e-04	1.300000e+01
1250.838328	17788.968103	7.307900e-04	1.300000e+01
1251.862140	17783.371180	7.310200e-04	1.300000e+01
1252.886000	17774.617846	7.313800e-04	1.300000e+01
1253.912361	17773.159794	7.314400e-04	1.300000e+01
1254.937725	17785.804192	7.309200e-04	1.300000e+01
1255.961181	17796.760989	7.304700e-04	1.300000e+01
1256.983980	17796.760989	7.304700e-04	1.300000e+01
1258.008980	17790.915685	7.307100e-04	1.300000e+01
1259.032805	17783.614451	7.310100e-04	1.300000e+01
1260.056995	17786.047530	7.309100e-04	1.300000e+01
1261.082114	17789.211527	7.307800e-04	1.300000e+01
1262.106862	17789.941841	7.307500e-04	1.300000e+01
1263.131145	17790.185292	7.307400e-04	1.300000e+01
1264.155954	17785.074218	7.309500e-04	1.300000e+01
1265.182672	17758.592427	7.320400e-04	1.300000e+01
1266.210217	17757.379557	7.320900e-04	1.300000e+01
1267.234107	17737.754127	7.329000e-04	1.300000e+01
1268.259049	17731.947513	7.331400e-04	1.300000e+01
1269.282885	17733.156911	7.330900e-04	1.300000e+01
1270.307022	17735.576202	7.329900e-04	1.300000e+01
1271.330949	17727.595047	7.333200e-04	1.300000e+01
1272.355917	17714.550459	7.338600e-04	1.300000e+01
1273.379809	17708.276576	7.341200e-04	1.300000e+01
1274.403859	17704.417933	7.342800e-04	1.300000e+01
1275.427907	17707.794154	7.341400e-04	1.300000e+01
1276.451776	17706.829388	7.341800e-04	1.300000e+01
1277.475003	17706.829388	7.341800e-04	1.300000e+01
1278.500184	17692.852088	7.347600e-04	1.300000e+01
1279.524052	17686.352938	7.350300e-04	1.300000e+01
1280.548146	17685.871709	7.350500e-04	1.300000e+01
1281.572035	17688.278114	7.349500e-04	1.300000e+01
1282.596302	17695.260393	7.346600e-04	1.300000e+01
1283.620158	17703.694625	7.343100e-04	1.300000e+01
1284.644002	17690.925916	7.348400e-04	1.300000e+01
1285.667937	17684.187616	7.351200e-04	1.300000e+01
1286.692275	17680.099009	7.352900e-04	1.300000e+01
1287.717666	17682.022823	7.352100e-04	1.300000e+01
1288.742842	17685.871709	7.350500e-04	1.300000e+01
1289.766704	17682.022823	7.352100e-04	1.300000e+01
1290.790013	17681.541830	7.352300e-04	1.300000e+01
1291.813178	17676.492984	7.354400e-04	1.300000e+01
1292.836887	17664.963583	7.359200e-04	1.300000e+01
1293.861136	17670.966602	7.356700e-04	1.300000e+01
1294.885146	17684.668753	7.351000e-04	1.300000e+01
1295.909274	17677.214071	7.354100e-04	1.300000e+01
1296.933219	17698.392169	7.345300e-04	1.300000e+01
1297.956954	17703.694625	7.343100e-04	1.300000e+01
1298.981582	17687.315474	7.349900e-04	1.300000e+01
1300.005153	17692.370505	7.347800e-04	1.300000e+01
1301.029196	17686.834193	7.350100e-04	1.300000e+01
1302.055555	17664.963583	7.359200e-04	1.300000e+01
1303.079125	17662.563517	7.360200e-04	1.300000e+01
1304.104255	17670.726403	7.356800e-04	1.300000e+01
1305.129717	17661.603674	7.360600e-04	1.300000e+01
1306.152704	17662.563517	7.360200e-04	1.300000e+01
1307.176085	17653.688942	7.363900e-04	1.300000e+01
1308.200237	17646.020822	7.367100e-04	1.300000e+01
1309.225014	17629.748166	7.373900e-04	1.300000e+01
1310.248979	17617.085863	7.379200e-04	1.300000e+01
1311.273831	17610.642247	7.381900e-04	1.300000e+01
1312.298280	17603.726574	7.384800e-04	1.300000e+01
1313.323519	17600.628207	7.386100e-04	1.300000e+01
1314.348123	17602.296423	7.385400e-04	1.300000e+01
1315.372304	17597.530931	7.387400e-04	1.300000e+01
1316.396749	17593.006103	7.389300e-04	1.300000e+01
1317.421923	17596.578142	7.387800e-04	1.300000e+01
1318.445861	17598.007364	7.387200e-04	1.300000e+01
1319.469348	17596.101787	7.388000e-04	1.300000e+01
1320.493890	17595.149153	7.388400e-04	1.300000e+01
1321.518204	17592.529941	7.389500e-04	1.300000e+01
1322.541612	17595.149153	7.388400e-04	1.300000e+01
1323.565197	17603.249831	7.385000e-04	1.300000e+01
1324.589634	17607.302968	7.383300e-04	1.300000e+01
1325.613911	17599.675083	7.386500e-04	1.300000e+01
1326.637160	17598.722062	7.386900e-04	1.300000e+01
1327.661116	17589.911509	7.390600e-04	1.300000e+01
1328.685207	17585.390599	7.392500e-04	1.300000e+01
1329.710882	17597.054524	7.387600e-04	1.300000e+01
1330.735406	17609.926580	7.382200e-04	1.300000e+01
1331.759555	17599.198560	7.386700e-04	1.300000e+01
1332.783782	17588.007685	7.391400e-04	1.300000e+01
1333.808242	17577.068686	7.396000e-04	1.300000e+01
1334.832299	17572.554374	7.397900e-04	1.300000e+01
1335.856149	17573.267006	7.397600e-04	1.300000e+01
1336.880413	17564.244602	7.401400e-04	1.300000e+01
1337.904041	17559.025339	7.403600e-04	1.300000e+01
1338.927323	17558.551014	7.403800e-04	1.300000e+01
1339.951138	17554.757339	7.405400e-04	1.300000e+01
1340.975056	17561.160117	7.402700e-04	1.300000e+01
1341.999105	17560.922894	7.402800e-04	1.300000e+01
1343.022988	17568.992080	7.399400e-04	1.300000e+01
1344.046269	17556.416870	7.404700e-04	1.300000e+01
1345.070825	17550.728355	7.407100e-04	1.300000e+01
1346.094885	17544.096412	7.409900e-04	1.300000e+01
1347.119390	17540.308979	7.411500e-04	1.300000e+01
1348.143302	17545.043525	7.409500e-04	1.300000e+01
1349.168073	17545.043525	7.409500e-04	1.300000e+01
1350.192315	17536.759746	7.413000e-04	1.300000e+01
1351.216146	17538.179267	7.412400e-04	1.300000e+01
1352.240253	17529.192848	7.416200e-04	1.300000e+01
1353.264518	17527.774782	7.416800e-04	1.300000e+01
1354.288948	17529.901967	7.415900e-04	1.300000e+01
1355.312351	17532.266113	7.414900e-04	1.300000e+01
1356.336188	17537.706068	7.412600e-04	1.300000e+01
1357.360695	17533.921394	7.414200e-04	1.300000e+01
1358.385279	17524.230619	7.418300e-04	1.300000e+01
1359.407987	17533.921394	7.414200e-04	1.300000e+01
1360.431988	17536.996317	7.412900e-04	1.300000e+01
1361.456714	17534.630896	7.413900e-04	1.300000e+01
1362.481181	17547.885480	7.408300e-04	1.300000e+01
1363.504710	17540.308979	7.411500e-04	1.300000e+01
1364.528996	17536.759746	7.413000e-04	1.300000e+01
1365.553842	17553.572152	7.405900e-04	1.300000e+01
1366.578421	17565.905928	7.400700e-04	1.300000e+01
1367.604049	17557.128194	7.404400e-04	1.300000e+01
1368.628699	17538.652492	7.412200e-04	1.300000e+01
1369.655126	17548.359228	7.408100e-04	1.300000e+01
1370.680247	17537.942664	7.412500e-04	1.300000e+01
1371.704822	17536.996317	7.412900e-04	1.300000e+01
1372.728448	17551.676185	7.406700e-04	1.300000e+01
1373.752106	17551.676185	7.406700e-04	1.300000e+01
1374.776268	17532.502562	7.414800e-04	1.300000e+01
1375.800105	17513.606725	7.422800e-04	1.300000e+01
1376.824039	17505.588322	7.426200e-04	1.300000e+01
1377.853008	17496.870752	7.429900e-04	1.300000e+01
1378.877233	17492.162166	7.431900e-04	1.300000e+01
1379.902685	17485.574401	7.434700e-04	1.300000e+01
1380.928368	17483.457959	7.435600e-04	1.300000e+01
1381.954433	17482.282379	7.436100e-04	1.300000e+01
1382.979499	17479.226611	7.437400e-04	1.300000e+01
1384.003864	17485.809593	7.434600e-04	1.300000e+01
1385.028355	17502.053125	7.427700e-04	1.300000e+01
1386.052530	17500.168271	7.428500e-04	1.300000e+01
1387.083466	17489.573523	7.433000e-04	1.300000e+01
1388.108353	17479.696660	7.437200e-04	1.300000e+01
1389.135124	17476.406851	7.438600e-04	1.300000e+01
1390.159315	17474.057745	7.439600e-04	1.300000e+01
1391.183609	17474.762410	7.439300e-04	1.300000e+01
1392.208499	17469.830946	7.441400e-04	1.300000e+01
1393.232326	17465.606191	7.443200e-04	1.300000e+01
1394.256811	17465.136900	7.443400e-04	1.300000e+01
1395.281293	17458.100559	7.446400e-04	1.300000e+01
1396.305119	17456.459561	7.447100e-04	1.300000e+01
1397.329546	17450.835627	7.449500e-04	1.300000e+01
1398.354614	17459.272888	7.445900e-04	1.300000e+01
1399.381772	17482.517483	7.436000e-04	1.300000e+01
1400.409050	17481.106957	7.436600e-04	1.300000e+01
1401.432452	17489.808823	7.432900e-04	1.300000e+01
1402.456284	17480.636833	7.436800e-04	1.300000e+01
1403.481328	17484.163383	7.435300e-04	1.300000e+01
