Time	SourceV	Current	Voltage
1.035161	5361930.294906	2.797500e-06	1.500000e+01
2.099042	4573031.310021	3.280100e-06	1.500000e+01
3.127754	4091541.420038	3.666100e-06	1.500000e+01
4.154938	3677281.753328	4.079100e-06	1.500000e+01
5.182425	3366323.301690	4.455900e-06	1.500000e+01
6.211770	3113389.651093	4.817900e-06	1.500000e+01
7.235897	2916188.735735	5.143700e-06	1.500000e+01
8.259992	2759584.958422	5.435600e-06	1.500000e+01
9.286212	2637733.659240	5.686700e-06	1.500000e+01
10.311537	2547035.250968	5.889200e-06	1.500000e+01
11.335981	2482662.738543	6.041900e-06	1.500000e+01
12.360121	2432655.973792	6.166100e-06	1.500000e+01
13.385244	2398656.752219	6.253500e-06	1.500000e+01
14.410029	2376162.339411	6.312700e-06	1.500000e+01
15.433941	2363135.092556	6.347500e-06	1.500000e+01
16.458067	2357637.961115	6.362300e-06	1.500000e+01
17.482315	2357971.515704	6.361400e-06	1.500000e+01
18.505967	2358342.242626	6.360400e-06	1.500000e+01
19.530063	2362465.153639	6.349300e-06	1.500000e+01
20.554068	2366378.494352	6.338800e-06	1.500000e+01
21.578401	2372666.877570	6.322000e-06	1.500000e+01
22.602907	2379215.176221	6.304600e-06	1.500000e+01
23.626791	2383714.462790	6.292700e-06	1.500000e+01
24.650796	2381519.409383	6.298500e-06	1.500000e+01
25.675529	2381103.562131	6.299600e-06	1.500000e+01
26.699975	2380461.174678	6.301300e-06	1.500000e+01
27.726876	2385496.183206	6.288000e-06	1.500000e+01
28.750907	2390019.279489	6.276100e-06	1.500000e+01
29.774891	2392306.342802	6.270100e-06	1.500000e+01
30.800336	2390895.470050	6.273800e-06	1.500000e+01
31.824906	2394941.882744	6.263200e-06	1.500000e+01
32.849000	2397774.864925	6.255800e-06	1.500000e+01
33.873058	2390552.536376	6.274700e-06	1.500000e+01
34.897583	2376651.772982	6.311400e-06	1.500000e+01
35.921960	2371016.691958	6.326400e-06	1.500000e+01
36.945892	2359640.705375	6.356900e-06	1.500000e+01
37.969893	2344592.587961	6.397700e-06	1.500000e+01
38.995311	2329735.186767	6.438500e-06	1.500000e+01
40.019747	2315958.498024	6.476800e-06	1.500000e+01
41.043968	2302520.492432	6.514600e-06	1.500000e+01
42.067960	2287143.205660	6.558400e-06	1.500000e+01
43.092502	2274450.341168	6.595000e-06	1.500000e+01
44.116917	2256623.189060	6.647100e-06	1.500000e+01
45.140857	2239708.539262	6.697300e-06	1.500000e+01
46.164966	2222584.421165	6.748900e-06	1.500000e+01
47.189422	2205331.020186	6.801700e-06	1.500000e+01
48.213872	2186079.048618	6.861600e-06	1.500000e+01
49.237951	2170735.589934	6.910100e-06	1.500000e+01
50.262026	2157218.051601	6.953400e-06	1.500000e+01
51.286322	2139678.192400	7.010400e-06	1.500000e+01
52.310080	2125579.220338	7.056900e-06	1.500000e+01
53.333891	2109585.958596	7.110400e-06	1.500000e+01
54.357913	2092984.316571	7.166800e-06	1.500000e+01
55.382157	2075176.735885	7.228300e-06	1.500000e+01
56.406891	2058432.023713	7.287100e-06	1.500000e+01
57.430856	2039844.971782	7.353500e-06	1.500000e+01
58.454757	2024264.179971	7.410100e-06	1.500000e+01
59.479156	2009915.583545	7.463000e-06	1.500000e+01
60.502671	1998454.528498	7.505800e-06	1.500000e+01
61.526734	1985256.164220	7.555700e-06	1.500000e+01
62.550974	1968297.291623	7.620800e-06	1.500000e+01
63.575341	1951371.814386	7.686900e-06	1.500000e+01
64.599143	1935309.068858	7.750700e-06	1.500000e+01
65.622877	1921180.373221	7.807700e-06	1.500000e+01
66.647142	1904592.607641	7.875700e-06	1.500000e+01
67.671468	1887599.728186	7.946600e-06	1.500000e+01
68.695099	1873337.413046	8.007100e-06	1.500000e+01
69.718279	1860903.654815	8.060600e-06	1.500000e+01
70.742012	1847859.562673	8.117500e-06	1.500000e+01
71.766385	1830116.395403	8.196200e-06	1.500000e+01
72.790718	1817322.720169	8.253900e-06	1.500000e+01
73.814801	1802711.277762	8.320800e-06	1.500000e+01
74.838156	1789271.527919	8.383300e-06	1.500000e+01
75.862626	1774370.985486	8.453700e-06	1.500000e+01
76.887146	1760997.428944	8.517900e-06	1.500000e+01
77.910950	1747355.668422	8.584400e-06	1.500000e+01
78.934921	1734324.596191	8.648900e-06	1.500000e+01
79.959475	1722415.515519	8.708700e-06	1.500000e+01
80.983205	1711781.622313	8.762800e-06	1.500000e+01
82.007807	1699158.350231	8.827900e-06	1.500000e+01
83.032335	1687421.956735	8.889300e-06	1.500000e+01
84.057415	1674742.647880	8.956600e-06	1.500000e+01
85.080983	1663856.597746	9.015200e-06	1.500000e+01
86.105042	1654533.421575	9.066000e-06	1.500000e+01
87.128909	1643493.409591	9.126900e-06	1.500000e+01
88.152613	1632830.784303	9.186500e-06	1.500000e+01
89.176898	1623323.918055	9.240300e-06	1.500000e+01
90.200321	1612591.111398	9.301800e-06	1.500000e+01
91.224095	1603797.793174	9.352800e-06	1.500000e+01
92.248214	1595099.853251	9.403800e-06	1.500000e+01
93.272693	1583865.688190	9.470500e-06	1.500000e+01
94.296917	1573564.122738	9.532500e-06	1.500000e+01
95.321000	1563346.812857	9.594800e-06	1.500000e+01
96.345601	1552039.897772	9.664700e-06	1.500000e+01
97.369183	1541497.101985	9.730800e-06	1.500000e+01
98.392693	1529472.943624	9.807300e-06	1.500000e+01
99.416241	1516821.551001	9.889100e-06	1.500000e+01
100.440424	1507416.489127	9.950800e-06	1.500000e+01
101.464940	1498501.498501	1.001000e-05	1.500000e+01
102.488803	1488685.986503	1.007600e-05	1.500000e+01
103.512042	1479289.940828	1.014000e-05	1.500000e+01
104.537097	1470588.235294	1.020000e-05	1.500000e+01
105.562080	1461845.823994	1.026100e-05	1.500000e+01
106.585346	1453770.110487	1.031800e-05	1.500000e+01
107.609254	1444808.322096	1.038200e-05	1.500000e+01
108.633676	1436231.328993	1.044400e-05	1.500000e+01
109.658924	1427755.568247	1.050600e-05	1.500000e+01
110.683277	1419647.927314	1.056600e-05	1.500000e+01
111.707309	1410172.040989	1.063700e-05	1.500000e+01
112.731492	1402131.239484	1.069800e-05	1.500000e+01
113.755793	1393145.723043	1.076700e-05	1.500000e+01
114.780121	1384019.191733	1.083800e-05	1.500000e+01
115.804118	1374255.611544	1.091500e-05	1.500000e+01
116.828347	1366120.218579	1.098000e-05	1.500000e+01
117.852278	1358449.556240	1.104200e-05	1.500000e+01
118.876119	1348799.568384	1.112100e-05	1.500000e+01
119.900031	1341081.805990	1.118500e-05	1.500000e+01
120.924291	1333570.412518	1.124800e-05	1.500000e+01
121.948278	1324503.311258	1.132500e-05	1.500000e+01
122.971104	1316829.075586	1.139100e-05	1.500000e+01
123.996025	1309586.170770	1.145400e-05	1.500000e+01
125.020251	1302422.505861	1.151700e-05	1.500000e+01
126.044117	1295448.657052	1.157900e-05	1.500000e+01
127.068331	1288881.251074	1.163800e-05	1.500000e+01
128.092308	1282489.740082	1.169600e-05	1.500000e+01
129.116292	1276595.744681	1.175000e-05	1.500000e+01
130.140242	1269895.022012	1.181200e-05	1.500000e+01
131.164266	1262945.188179	1.187700e-05	1.500000e+01
132.188890	1255860.683188	1.194400e-05	1.500000e+01
133.212569	1249583.472176	1.200400e-05	1.500000e+01
134.237195	1240694.789082	1.209000e-05	1.500000e+01
135.261081	1233349.777997	1.216200e-05	1.500000e+01
136.285137	1225590.326007	1.223900e-05	1.500000e+01
137.308750	1218026.796590	1.231500e-05	1.500000e+01
138.333319	1209970.154070	1.239700e-05	1.500000e+01
139.357203	1202694.034638	1.247200e-05	1.500000e+01
140.381071	1196458.482891	1.253700e-05	1.500000e+01
141.405383	1189154.907246	1.261400e-05	1.500000e+01
142.429090	1182685.484507	1.268300e-05	1.500000e+01
143.453152	1176101.615180	1.275400e-05	1.500000e+01
144.477204	1169590.643275	1.282500e-05	1.500000e+01
145.501904	1162520.344106	1.290300e-05	1.500000e+01
146.526303	1156158.470788	1.297400e-05	1.500000e+01
147.550185	1150394.968939	1.303900e-05	1.500000e+01
148.575123	1145213.009620	1.309800e-05	1.500000e+01
149.599384	1140164.183642	1.315600e-05	1.500000e+01
150.623948	1134387.052862	1.322300e-05	1.500000e+01
151.648252	1128413.450688	1.329300e-05	1.500000e+01
152.672883	1122670.458798	1.336100e-05	1.500000e+01
153.696106	1117235.215254	1.342600e-05	1.500000e+01
154.720030	1111193.421735	1.349900e-05	1.500000e+01
155.745019	1105216.622458	1.357200e-05	1.500000e+01
156.768802	1098418.277680	1.365600e-05	1.500000e+01
157.792437	1092020.966803	1.373600e-05	1.500000e+01
158.816204	1087035.292412	1.379900e-05	1.500000e+01
159.840347	1082173.003391	1.386100e-05	1.500000e+01
160.864384	1076812.634602	1.393000e-05	1.500000e+01
161.888309	1071122.536418	1.400400e-05	1.500000e+01
162.912328	1064887.121965	1.408600e-05	1.500000e+01
163.937313	1057007.962793	1.419100e-05	1.500000e+01
164.961039	1050273.070998	1.428200e-05	1.500000e+01
165.985836	1043768.700856	1.437100e-05	1.500000e+01
167.011600	1037416.142195	1.445900e-05	1.500000e+01
168.036168	1031565.917062	1.454100e-05	1.500000e+01
169.060306	1026483.268323	1.461300e-05	1.500000e+01
170.084173	1021520.021792	1.468400e-05	1.500000e+01
171.108957	1016191.314952	1.476100e-05	1.500000e+01
172.133090	1011258.679970	1.483300e-05	1.500000e+01
173.157329	1006171.183257	1.490800e-05	1.500000e+01
174.181269	1000333.444481	1.499500e-05	1.500000e+01
175.205612	995024.875622	1.507500e-05	1.500000e+01
176.229373	989772.352359	1.515500e-05	1.500000e+01
177.252962	984445.757039	1.523700e-05	1.500000e+01
178.277343	979943.816555	1.530700e-05	1.500000e+01
179.302234	975419.430355	1.537800e-05	1.500000e+01
180.327350	970120.294917	1.546200e-05	1.500000e+01
181.351367	964444.158683	1.555300e-05	1.500000e+01
182.375322	958282.757299	1.565300e-05	1.500000e+01
183.399633	953107.129241	1.573800e-05	1.500000e+01
184.424085	947987.107375	1.582300e-05	1.500000e+01
185.448146	942507.068803	1.591500e-05	1.500000e+01
186.472261	937031.484258	1.600800e-05	1.500000e+01
187.496657	931619.154090	1.610100e-05	1.500000e+01
188.520216	925868.773532	1.620100e-05	1.500000e+01
189.543361	920471.281296	1.629600e-05	1.500000e+01
190.567030	914634.146341	1.640000e-05	1.500000e+01
191.591392	908925.649882	1.650300e-05	1.500000e+01
192.615149	903560.026504	1.660100e-05	1.500000e+01
193.639281	898634.076204	1.669200e-05	1.500000e+01
194.663242	893495.353824	1.678800e-05	1.500000e+01
195.688182	888152.051631	1.688900e-05	1.500000e+01
196.713007	883080.183681	1.698600e-05	1.500000e+01
197.736959	878683.146857	1.707100e-05	1.500000e+01
198.760364	874125.874126	1.716000e-05	1.500000e+01
199.785040	869011.065408	1.726100e-05	1.500000e+01
200.809286	863955.765465	1.736200e-05	1.500000e+01
201.833064	858811.405015	1.746600e-05	1.500000e+01
202.857305	853290.858411	1.757900e-05	1.500000e+01
203.881015	848704.311418	1.767400e-05	1.500000e+01
204.906885	844071.802375	1.777100e-05	1.500000e+01
205.931329	839630.562552	1.786500e-05	1.500000e+01
206.955133	834213.892442	1.798100e-05	1.500000e+01
207.979100	829095.732921	1.809200e-05	1.500000e+01
209.002974	824583.585289	1.819100e-05	1.500000e+01
210.027614	819940.964251	1.829400e-05	1.500000e+01
211.051312	814907.372195	1.840700e-05	1.500000e+01
212.075327	810285.220398	1.851200e-05	1.500000e+01
213.099455	804936.946606	1.863500e-05	1.500000e+01
214.123244	800811.488975	1.873100e-05	1.500000e+01
215.147347	796474.273881	1.883300e-05	1.500000e+01
216.172368	791556.728232	1.895000e-05	1.500000e+01
217.195995	786163.522013	1.908000e-05	1.500000e+01
218.219010	782105.427812	1.917900e-05	1.500000e+01
219.243230	777927.600871	1.928200e-05	1.500000e+01
220.267734	773714.344664	1.938700e-05	1.500000e+01
221.291182	768875.903429	1.950900e-05	1.500000e+01
222.315435	763630.809958	1.964300e-05	1.500000e+01
223.339310	758380.100106	1.977900e-05	1.500000e+01
224.363852	753428.097845	1.990900e-05	1.500000e+01
225.388115	748951.467945	2.002800e-05	1.500000e+01
226.411949	744601.638124	2.014500e-05	1.500000e+01
227.436501	739936.858721	2.027200e-05	1.500000e+01
228.460776	734466.043187	2.042300e-05	1.500000e+01
229.485204	729642.961378	2.055800e-05	1.500000e+01
230.510038	724707.701227	2.069800e-05	1.500000e+01
231.534751	719183.008103	2.085700e-05	1.500000e+01
232.559354	714183.688045	2.100300e-05	1.500000e+01
233.583367	709689.629069	2.113600e-05	1.500000e+01
234.608151	704887.218045	2.128000e-05	1.500000e+01
235.631981	700443.614289	2.141500e-05	1.500000e+01
236.655311	695539.274784	2.156600e-05	1.500000e+01
237.679287	690162.878439	2.173400e-05	1.500000e+01
238.704197	684962.783689	2.189900e-05	1.500000e+01
239.727508	680766.088772	2.203400e-05	1.500000e+01
240.751241	676559.469577	2.217100e-05	1.500000e+01
241.775134	672314.105150	2.231100e-05	1.500000e+01
242.799067	667972.924831	2.245600e-05	1.500000e+01
243.823167	663511.301809	2.260700e-05	1.500000e+01
244.848057	658212.295406	2.278900e-05	1.500000e+01
245.871104	653680.219637	2.294700e-05	1.500000e+01
246.895372	648732.808581	2.312200e-05	1.500000e+01
247.919518	643804.455127	2.329900e-05	1.500000e+01
248.944409	638977.635783	2.347500e-05	1.500000e+01
249.968472	633874.239351	2.366400e-05	1.500000e+01
250.993292	628930.817610	2.385000e-05	1.500000e+01
252.017149	624557.605030	2.401700e-05	1.500000e+01
253.041436	619937.179699	2.419600e-05	1.500000e+01
254.065490	616041.726560	2.434900e-05	1.500000e+01
255.090318	611545.988258	2.452800e-05	1.500000e+01
256.114309	606452.656263	2.473400e-05	1.500000e+01
257.138359	601950.319034	2.491900e-05	1.500000e+01
258.163269	597157.530156	2.511900e-05	1.500000e+01
259.188265	592721.381436	2.530700e-05	1.500000e+01
260.211952	588212.226971	2.550100e-05	1.500000e+01
261.236312	583612.170259	2.570200e-05	1.500000e+01
262.261293	578480.524489	2.593000e-05	1.500000e+01
263.285365	573745.410037	2.614400e-05	1.500000e+01
264.309075	568763.508133	2.637300e-05	1.500000e+01
265.333579	563719.042429	2.660900e-05	1.500000e+01
266.357535	558700.834327	2.684800e-05	1.500000e+01
267.381531	553546.387187	2.709800e-05	1.500000e+01
268.405498	548285.693399	2.735800e-05	1.500000e+01
269.429413	543163.383546	2.761600e-05	1.500000e+01
270.453459	538193.821535	2.787100e-05	1.500000e+01
271.479081	533542.007541	2.811400e-05	1.500000e+01
272.502498	528038.863660	2.840700e-05	1.500000e+01
273.526380	522484.238392	2.870900e-05	1.500000e+01
274.550883	517437.648763	2.898900e-05	1.500000e+01
275.575319	512242.598094	2.928300e-05	1.500000e+01
276.599374	506756.756757	2.960000e-05	1.500000e+01
277.623461	501588.363150	2.990500e-05	1.500000e+01
278.647887	495982.541415	3.024300e-05	1.500000e+01
279.672217	490436.488475	3.058500e-05	1.500000e+01
280.696806	485342.651912	3.090600e-05	1.500000e+01
281.721322	480000.000000	3.125000e-05	1.500000e+01
282.745822	474503.353157	3.161200e-05	1.500000e+01
283.768404	468823.253633	3.199500e-05	1.500000e+01
284.791477	463606.861382	3.235500e-05	1.500000e+01
285.815136	458267.139191	3.273200e-05	1.500000e+01
286.840591	452324.950244	3.316200e-05	1.500000e+01
287.864199	446894.086102	3.356500e-05	1.500000e+01
288.888010	441007.849940	3.401300e-05	1.500000e+01
289.911368	435262.027741	3.446200e-05	1.500000e+01
290.935682	429627.083691	3.491400e-05	1.500000e+01
291.960342	423968.343697	3.538000e-05	1.500000e+01
292.984529	417617.907456	3.591800e-05	1.500000e+01
294.008476	411692.054343	3.643500e-05	1.500000e+01
295.033356	406041.903524	3.694200e-05	1.500000e+01
296.058539	399467.376831	3.755000e-05	1.500000e+01
297.082572	393329.137823	3.813600e-05	1.500000e+01
298.106271	387046.832667	3.875500e-05	1.500000e+01
299.131302	380546.464723	3.941700e-05	1.500000e+01
300.155435	374896.903352	4.001100e-05	1.500000e+01
301.179528	370233.246946	4.051500e-05	1.500000e+01
302.204026	365461.455998	4.104400e-05	1.500000e+01
303.227857	360880.548538	4.156500e-05	1.500000e+01
304.251257	356769.099039	4.204400e-05	1.500000e+01
305.275154	352841.550621	4.251200e-05	1.500000e+01
306.298520	348877.776486	4.299500e-05	1.500000e+01
307.322819	345303.867403	4.344000e-05	1.500000e+01
308.346394	341327.993447	4.394600e-05	1.500000e+01
309.369609	337662.922360	4.442300e-05	1.500000e+01
310.393427	333681.845483	4.495300e-05	1.500000e+01
311.417442	329648.594598	4.550300e-05	1.500000e+01
312.442128	325860.271116	4.603200e-05	1.500000e+01
313.465645	322192.628233	4.655600e-05	1.500000e+01
314.489524	319094.622192	4.700800e-05	1.500000e+01
315.513413	315629.997475	4.752400e-05	1.500000e+01
316.538482	312447.925346	4.800800e-05	1.500000e+01
317.563316	309814.937211	4.841600e-05	1.500000e+01
318.587384	306873.977087	4.888000e-05	1.500000e+01
319.611525	304006.809753	4.934100e-05	1.500000e+01
320.635442	301186.675501	4.980300e-05	1.500000e+01
321.659451	298745.269867	5.021000e-05	1.500000e+01
322.684234	295963.063810	5.068200e-05	1.500000e+01
323.708638	293398.533007	5.112500e-05	1.500000e+01
324.732433	290838.584586	5.157500e-05	1.500000e+01
325.755639	288389.441101	5.201300e-05	1.500000e+01
326.779400	286226.767927	5.240600e-05	1.500000e+01
327.804029	283961.835529	5.282400e-05	1.500000e+01
328.827139	281547.384425	5.327700e-05	1.500000e+01
329.850200	279277.601936	5.371000e-05	1.500000e+01
330.874438	276967.391706	5.415800e-05	1.500000e+01
331.898719	274841.050259	5.457700e-05	1.500000e+01
332.923665	272672.738180	5.501100e-05	1.500000e+01
333.947596	270314.104990	5.549100e-05	1.500000e+01
334.971683	267895.413631	5.599200e-05	1.500000e+01
335.995490	265059.815165	5.659100e-05	1.500000e+01
337.019392	262123.197903	5.722500e-05	1.500000e+01
338.043332	259013.675922	5.791200e-05	1.500000e+01
339.067224	256213.169357	5.854500e-05	1.500000e+01
340.091043	253523.983369	5.916600e-05	1.500000e+01
341.116467	250735.490773	5.982400e-05	1.500000e+01
342.140491	247524.752475	6.060000e-05	1.500000e+01
343.164289	244482.837305	6.135400e-05	1.500000e+01
344.188124	241623.711340	6.208000e-05	1.500000e+01
345.213242	238724.257568	6.283400e-05	1.500000e+01
346.237309	236194.435259	6.350700e-05	1.500000e+01
347.261302	233688.539914	6.418800e-05	1.500000e+01
348.285799	231338.679827	6.484000e-05	1.500000e+01
349.310366	229095.074456	6.547500e-05	1.500000e+01
350.334504	227059.429021	6.606200e-05	1.500000e+01
351.358494	225127.196866	6.662900e-05	1.500000e+01
352.383107	223041.693927	6.725200e-05	1.500000e+01
353.407430	221199.787648	6.781200e-05	1.500000e+01
354.431638	219471.512598	6.834600e-05	1.500000e+01
355.455566	217754.228061	6.888500e-05	1.500000e+01
356.479125	215939.191524	6.946400e-05	1.500000e+01
357.503646	214053.313545	7.007600e-05	1.500000e+01
358.527533	212167.074499	7.069900e-05	1.500000e+01
359.551388	210437.710438	7.128000e-05	1.500000e+01
360.575594	208797.327394	7.184000e-05	1.500000e+01
361.599653	207090.788602	7.243200e-05	1.500000e+01
362.624217	204716.672126	7.327200e-05	1.500000e+01
363.647695	202549.422059	7.405600e-05	1.500000e+01
364.671817	200574.981614	7.478500e-05	1.500000e+01
365.695663	198654.447211	7.550800e-05	1.500000e+01
366.720217	196752.275768	7.623800e-05	1.500000e+01
367.744265	194876.058827	7.697200e-05	1.500000e+01
368.768919	193042.739663	7.770300e-05	1.500000e+01
369.794135	191350.937620	7.839000e-05	1.500000e+01
370.818535	189535.133496	7.914100e-05	1.500000e+01
371.842514	187828.700225	7.986000e-05	1.500000e+01
372.866368	186249.798229	8.053700e-05	1.500000e+01
373.890297	184692.671395	8.121600e-05	1.500000e+01
374.914334	183192.682063	8.188100e-05	1.500000e+01
375.938208	181648.643085	8.257700e-05	1.500000e+01
376.961324	180173.687435	8.325300e-05	1.500000e+01
377.985372	178826.895565	8.388000e-05	1.500000e+01
379.009623	177382.543193	8.456300e-05	1.500000e+01
380.033878	176019.150884	8.521800e-05	1.500000e+01
381.058489	174696.900877	8.586300e-05	1.500000e+01
382.085064	173374.326730	8.651800e-05	1.500000e+01
383.110239	171925.682258	8.724700e-05	1.500000e+01
384.134489	170489.418290	8.798200e-05	1.500000e+01
385.158502	169025.511584	8.874400e-05	1.500000e+01
386.182978	167685.823840	8.945300e-05	1.500000e+01
387.207495	166439.199760	9.012300e-05	1.500000e+01
388.231282	165241.914162	9.077600e-05	1.500000e+01
389.254454	164077.882301	9.142000e-05	1.500000e+01
390.279087	162831.089883	9.212000e-05	1.500000e+01
391.303383	161658.835194	9.278800e-05	1.500000e+01
392.327313	160398.644097	9.351700e-05	1.500000e+01
393.350438	159222.146739	9.420800e-05	1.500000e+01
394.375197	157976.219313	9.495100e-05	1.500000e+01
395.399520	156834.863345	9.564200e-05	1.500000e+01
396.423369	155819.872228	9.626500e-05	1.500000e+01
397.448535	154832.316601	9.687900e-05	1.500000e+01
398.472534	153847.731772	9.749900e-05	1.500000e+01
399.497459	152838.205476	9.814300e-05	1.500000e+01
400.521631	151722.045213	9.886500e-05	1.500000e+01
401.545514	150721.958180	9.952100e-05	1.500000e+01
402.570838	149865.121391	1.000900e-04	1.500000e+01
403.595238	148883.374690	1.007500e-04	1.500000e+01
404.618648	147928.994083	1.014000e-04	1.500000e+01
405.643185	146914.789422	1.021000e-04	1.500000e+01
406.666997	145871.827288	1.028300e-04	1.500000e+01
407.690486	144885.540423	1.035300e-04	1.500000e+01
408.714233	143940.120910	1.042100e-04	1.500000e+01
409.738546	143020.594966	1.048800e-04	1.500000e+01
410.784483	142099.280030	1.055600e-04	1.500000e+01
411.808421	141203.049986	1.062300e-04	1.500000e+01
412.832459	140304.929380	1.069100e-04	1.500000e+01
413.858256	139405.204461	1.076000e-04	1.500000e+01
414.882561	138555.329762	1.082600e-04	1.500000e+01
415.907286	137665.198238	1.089600e-04	1.500000e+01
416.930732	136749.019965	1.096900e-04	1.500000e+01
417.954793	135869.565217	1.104000e-04	1.500000e+01
418.979661	135062.128579	1.110600e-04	1.500000e+01
420.003491	134156.157768	1.118100e-04	1.500000e+01
421.027419	133368.898373	1.124700e-04	1.500000e+01
422.052890	132532.249514	1.131800e-04	1.500000e+01
423.077353	131671.348315	1.139200e-04	1.500000e+01
424.100678	130810.150868	1.146700e-04	1.500000e+01
425.124535	129971.406291	1.154100e-04	1.500000e+01
426.148928	129121.115606	1.161700e-04	1.500000e+01
427.173189	128358.719836	1.168600e-04	1.500000e+01
428.196950	127572.716448	1.175800e-04	1.500000e+01
429.220609	126806.999746	1.182900e-04	1.500000e+01
430.245137	126050.420168	1.190000e-04	1.500000e+01
431.269613	125292.348814	1.197200e-04	1.500000e+01
432.293464	124522.663125	1.204600e-04	1.500000e+01
433.317713	123782.802443	1.211800e-04	1.500000e+01
434.342107	123061.777012	1.218900e-04	1.500000e+01
435.367291	122399.020808	1.225500e-04	1.500000e+01
436.391451	121674.237508	1.232800e-04	1.500000e+01
437.415600	120987.256009	1.239800e-04	1.500000e+01
438.439980	120269.403464	1.247200e-04	1.500000e+01
439.463441	119550.490157	1.254700e-04	1.500000e+01
440.487447	118821.292776	1.262400e-04	1.500000e+01
441.511239	118082.342754	1.270300e-04	1.500000e+01
442.536122	117444.409646	1.277200e-04	1.500000e+01
443.560524	116749.688667	1.284800e-04	1.500000e+01
444.584494	116090.085907	1.292100e-04	1.500000e+01
445.608507	115393.491807	1.299900e-04	1.500000e+01
446.632819	114740.304444	1.307300e-04	1.500000e+01
447.656518	114042.423782	1.315300e-04	1.500000e+01
448.681629	113361.547763	1.323200e-04	1.500000e+01
449.705658	112714.156898	1.330800e-04	1.500000e+01
450.729886	112082.492715	1.338300e-04	1.500000e+01
451.754472	111424.751151	1.346200e-04	1.500000e+01
452.779440	110774.684292	1.354100e-04	1.500000e+01
453.803523	110148.333089	1.361800e-04	1.500000e+01
454.827577	109513.032051	1.369700e-04	1.500000e+01
455.852771	108892.921960	1.377500e-04	1.500000e+01
456.877636	108295.429933	1.385100e-04	1.500000e+01
457.901422	107704.458965	1.392700e-04	1.500000e+01
458.925451	107081.667619	1.400800e-04	1.500000e+01
459.950428	106450.926123	1.409100e-04	1.500000e+01
460.974581	105909.764880	1.416300e-04	1.500000e+01
461.998729	105374.077977	1.423500e-04	1.500000e+01
463.022487	104799.832320	1.431300e-04	1.500000e+01
464.046903	104210.087536	1.439400e-04	1.500000e+01
465.071512	103684.246907	1.446700e-04	1.500000e+01
466.095508	103170.782035	1.453900e-04	1.500000e+01
467.119645	102634.279849	1.461500e-04	1.500000e+01
468.143800	102138.090699	1.468600e-04	1.500000e+01
469.167881	101612.247663	1.476200e-04	1.500000e+01
470.191689	101057.737654	1.484300e-04	1.500000e+01
471.215814	100556.412147	1.491700e-04	1.500000e+01
472.239688	100006.667111	1.499900e-04	1.500000e+01
473.262930	99436.526351	1.508500e-04	1.500000e+01
474.285771	98885.885688	1.516900e-04	1.500000e+01
475.308863	98347.757671	1.525200e-04	1.500000e+01
476.331752	97821.833833	1.533400e-04	1.500000e+01
477.356611	97276.264591	1.542000e-04	1.500000e+01
478.380819	96736.747066	1.550600e-04	1.500000e+01
479.404633	96215.522771	1.559000e-04	1.500000e+01
480.428708	95730.423128	1.566900e-04	1.500000e+01
481.453595	95232.048759	1.575100e-04	1.500000e+01
482.478341	94738.836607	1.583300e-04	1.500000e+01
483.501782	94244.785122	1.591600e-04	1.500000e+01
484.527178	93761.720215	1.599800e-04	1.500000e+01
485.552577	93242.991235	1.608700e-04	1.500000e+01
486.577483	92747.171211	1.617300e-04	1.500000e+01
487.602423	92250.922509	1.626000e-04	1.500000e+01
488.626299	91799.265606	1.634000e-04	1.500000e+01
489.651524	91335.322414	1.642300e-04	1.500000e+01
490.675389	90843.023256	1.651200e-04	1.500000e+01
491.699386	90356.002650	1.660100e-04	1.500000e+01
492.723038	89911.886351	1.668300e-04	1.500000e+01
493.747290	89466.778003	1.676600e-04	1.500000e+01
494.771513	89015.488695	1.685100e-04	1.500000e+01
495.795610	88553.043273	1.693900e-04	1.500000e+01
496.820008	88090.204369	1.702800e-04	1.500000e+01
497.844542	87637.298434	1.711600e-04	1.500000e+01
498.868633	87204.232312	1.720100e-04	1.500000e+01
499.892522	86770.405507	1.728700e-04	1.500000e+01
500.917500	86301.133422	1.738100e-04	1.500000e+01
501.941606	85866.391894	1.746900e-04	1.500000e+01
502.966388	85436.008430	1.755700e-04	1.500000e+01
503.989839	85000.283334	1.764700e-04	1.500000e+01
505.013930	84554.678692	1.774000e-04	1.500000e+01
506.037801	84113.721752	1.783300e-04	1.500000e+01
507.061716	83705.357143	1.792000e-04	1.500000e+01
508.085504	83314.818929	1.800400e-04	1.500000e+01
509.110050	82918.739635	1.809000e-04	1.500000e+01
510.133567	82521.868295	1.817700e-04	1.500000e+01
511.158449	82110.794832	1.826800e-04	1.500000e+01
512.182407	81726.054266	1.835400e-04	1.500000e+01
513.205534	81344.902386	1.844000e-04	1.500000e+01
514.229421	80941.074897	1.853200e-04	1.500000e+01
515.254406	80549.887230	1.862200e-04	1.500000e+01
516.278465	80153.895479	1.871400e-04	1.500000e+01
517.302716	79766.019676	1.880500e-04	1.500000e+01
518.326782	79390.282629	1.889400e-04	1.500000e+01
519.351653	78980.623420	1.899200e-04	1.500000e+01
520.375504	78591.637850	1.908600e-04	1.500000e+01
521.399630	78190.158465	1.918400e-04	1.500000e+01
522.423713	77841.203944	1.927000e-04	1.500000e+01
523.448575	77475.337018	1.936100e-04	1.500000e+01
524.472486	77093.077042	1.945700e-04	1.500000e+01
525.495826	76730.267533	1.954900e-04	1.500000e+01
526.519669	76394.194041	1.963500e-04	1.500000e+01
527.543858	76064.908722	1.972000e-04	1.500000e+01
528.567375	75726.978998	1.980800e-04	1.500000e+01
529.591598	75384.460750	1.989800e-04	1.500000e+01
530.615642	75037.518759	1.999000e-04	1.500000e+01
531.640650	74708.636318	2.007800e-04	1.500000e+01
532.664598	74338.388344	2.017800e-04	1.500000e+01
533.688624	74000.986680	2.027000e-04	1.500000e+01
534.713714	73691.967576	2.035500e-04	1.500000e+01
535.738532	73356.807512	2.044800e-04	1.500000e+01
536.762522	73024.682343	2.054100e-04	1.500000e+01
537.786615	72684.983282	2.063700e-04	1.500000e+01
538.811601	72351.919738	2.073200e-04	1.500000e+01
539.837514	72001.152018	2.083300e-04	1.500000e+01
540.860899	71653.768988	2.093400e-04	1.500000e+01
541.884779	71343.638526	2.102500e-04	1.500000e+01
542.909165	71005.917160	2.112500e-04	1.500000e+01
543.933839	70698.025168	2.121700e-04	1.500000e+01
544.957478	70359.772972	2.131900e-04	1.500000e+01
545.981644	70080.358811	2.140400e-04	1.500000e+01
547.005776	69861.673886	2.147100e-04	1.500000e+01
548.029873	69553.927478	2.156600e-04	1.500000e+01
549.053948	69242.487190	2.166300e-04	1.500000e+01
550.078082	68921.154200	2.176400e-04	1.500000e+01
551.102146	68590.241895	2.186900e-04	1.500000e+01
552.125744	68281.136198	2.196800e-04	1.500000e+01
553.149395	67959.405582	2.207200e-04	1.500000e+01
554.172736	67662.050611	2.216900e-04	1.500000e+01
555.198111	67358.210966	2.226900e-04	1.500000e+01
556.222644	67048.095834	2.237200e-04	1.500000e+01
557.246458	66731.915651	2.247800e-04	1.500000e+01
558.269713	66433.411577	2.257900e-04	1.500000e+01
559.294351	66149.232669	2.267600e-04	1.500000e+01
560.318749	65864.582419	2.277400e-04	1.500000e+01
561.342581	65582.371459	2.287200e-04	1.500000e+01
562.366842	65288.356910	2.297500e-04	1.500000e+01
563.391108	64999.783334	2.307700e-04	1.500000e+01
564.414654	64710.957722	2.318000e-04	1.500000e+01
565.439708	64430.222069	2.328100e-04	1.500000e+01
566.463778	64154.655490	2.338100e-04	1.500000e+01
567.490072	63856.960409	2.349000e-04	1.500000e+01
568.514679	63578.179969	2.359300e-04	1.500000e+01
569.539030	63309.838349	2.369300e-04	1.500000e+01
570.563519	63041.102799	2.379400e-04	1.500000e+01
571.587739	62774.639046	2.389500e-04	1.500000e+01
572.611864	62520.840280	2.399200e-04	1.500000e+01
573.635593	62253.579581	2.409500e-04	1.500000e+01
574.659564	62001.405365	2.419300e-04	1.500000e+01
575.684506	61738.557787	2.429600e-04	1.500000e+01
576.708718	61450.225317	2.441000e-04	1.500000e+01
577.734592	61177.046372	2.451900e-04	1.500000e+01
578.758650	60916.179337	2.462400e-04	1.500000e+01
579.782612	60637.910822	2.473700e-04	1.500000e+01
580.807389	60374.320789	2.484500e-04	1.500000e+01
581.831800	60105.786184	2.495600e-04	1.500000e+01
582.855875	59877.849188	2.505100e-04	1.500000e+01
583.879835	59654.006761	2.514500e-04	1.500000e+01
584.905436	59431.831689	2.523900e-04	1.500000e+01
585.929879	59293.224761	2.529800e-04	1.500000e+01
586.953767	59017.941454	2.541600e-04	1.500000e+01
587.977908	58715.309038	2.554700e-04	1.500000e+01
589.001574	58413.489622	2.567900e-04	1.500000e+01
590.026624	58155.313457	2.579300e-04	1.500000e+01
591.050718	57930.714865	2.589300e-04	1.500000e+01
592.074733	57696.745904	2.599800e-04	1.500000e+01
593.098849	57460.256656	2.610500e-04	1.500000e+01
594.122744	57247.538356	2.620200e-04	1.500000e+01
595.146468	57071.110604	2.628300e-04	1.500000e+01
596.169714	56788.066934	2.641400e-04	1.500000e+01
597.194119	56548.292242	2.652600e-04	1.500000e+01
598.218711	56308.419986	2.663900e-04	1.500000e+01
599.242595	56095.736724	2.674000e-04	1.500000e+01
600.266753	55836.807624	2.686400e-04	1.500000e+01
601.290867	55592.617300	2.698200e-04	1.500000e+01
602.315023	55356.681551	2.709700e-04	1.500000e+01
603.338843	55128.817671	2.720900e-04	1.500000e+01
604.363662	54896.794027	2.732400e-04	1.500000e+01
605.388372	54634.857039	2.745500e-04	1.500000e+01
606.412823	54406.964091	2.757000e-04	1.500000e+01
607.436521	54180.964421	2.768500e-04	1.500000e+01
608.459801	53964.599223	2.779600e-04	1.500000e+01
609.484716	53740.326741	2.791200e-04	1.500000e+01
610.508818	53519.820173	2.802700e-04	1.500000e+01
611.532739	53304.904051	2.814000e-04	1.500000e+01
612.556643	53089.827989	2.825400e-04	1.500000e+01
613.581219	52878.344555	2.836700e-04	1.500000e+01
614.605648	52661.143098	2.848400e-04	1.500000e+01
615.629041	52443.885043	2.860200e-04	1.500000e+01
616.653016	52241.145126	2.871300e-04	1.500000e+01
617.679349	52030.941066	2.882900e-04	1.500000e+01
618.703824	51824.212272	2.894400e-04	1.500000e+01
619.727693	51615.567255	2.906100e-04	1.500000e+01
620.751612	51398.026316	2.918400e-04	1.500000e+01
621.775727	51194.539249	2.930000e-04	1.500000e+01
622.799878	50983.991027	2.942100e-04	1.500000e+01
623.824539	50776.886361	2.954100e-04	1.500000e+01
624.848849	50562.933999	2.966600e-04	1.500000e+01
625.873612	50365.992882	2.978200e-04	1.500000e+01
626.897997	50157.159099	2.990600e-04	1.500000e+01
627.922070	49993.334222	3.000400e-04	1.500000e+01
628.944971	49799.143455	3.012100e-04	1.500000e+01
629.969808	49626.149672	3.022600e-04	1.500000e+01
630.993670	49397.352302	3.036600e-04	1.500000e+01
632.018022	49193.231011	3.049200e-04	1.500000e+01
633.042005	49011.599412	3.060500e-04	1.500000e+01
634.066032	48858.343376	3.070100e-04	1.500000e+01
635.090076	48650.752465	3.083200e-04	1.500000e+01
636.114866	48451.177364	3.095900e-04	1.500000e+01
637.138878	48240.818164	3.109400e-04	1.500000e+01
638.162829	48047.663282	3.121900e-04	1.500000e+01
639.187126	47854.522252	3.134500e-04	1.500000e+01
640.211802	47676.562202	3.146200e-04	1.500000e+01
641.235620	47489.394035	3.158600e-04	1.500000e+01
642.259766	47287.286025	3.172100e-04	1.500000e+01
643.285214	47085.412939	3.185700e-04	1.500000e+01
644.309911	46888.187303	3.199100e-04	1.500000e+01
645.333957	46695.514118	3.212300e-04	1.500000e+01
646.358569	46505.859738	3.225400e-04	1.500000e+01
647.382573	46314.879427	3.238700e-04	1.500000e+01
648.407914	46099.944680	3.253800e-04	1.500000e+01
649.431679	45916.493204	3.266800e-04	1.500000e+01
650.456102	45727.524922	3.280300e-04	1.500000e+01
651.481059	45556.702910	3.292600e-04	1.500000e+01
652.505584	45369.306152	3.306200e-04	1.500000e+01
653.529954	45190.250957	3.319300e-04	1.500000e+01
654.555029	44995.050544	3.333700e-04	1.500000e+01
655.579016	44832.327097	3.345800e-04	1.500000e+01
656.603959	44660.136362	3.358700e-04	1.500000e+01
657.628950	44481.347488	3.372200e-04	1.500000e+01
658.652850	44314.455375	3.384900e-04	1.500000e+01
659.676778	44134.522023	3.398700e-04	1.500000e+01
660.701083	43967.639817	3.411600e-04	1.500000e+01
661.725721	43789.227850	3.425500e-04	1.500000e+01
662.749844	43622.404467	3.438600e-04	1.500000e+01
663.773089	43468.181291	3.450800e-04	1.500000e+01
664.795973	43310.042155	3.463400e-04	1.500000e+01
665.821047	43155.532539	3.475800e-04	1.500000e+01
666.844980	42981.174246	3.489900e-04	1.500000e+01
667.869889	42792.343023	3.505300e-04	1.500000e+01
668.895005	42608.794455	3.520400e-04	1.500000e+01
669.920096	42455.633863	3.533100e-04	1.500000e+01
670.943941	42295.220640	3.546500e-04	1.500000e+01
671.967983	42130.097742	3.560400e-04	1.500000e+01
672.992477	41958.041958	3.575000e-04	1.500000e+01
674.016934	41796.700847	3.588800e-04	1.500000e+01
675.040800	41626.196753	3.603500e-04	1.500000e+01
676.064031	41469.685660	3.617100e-04	1.500000e+01
677.088817	41308.658295	3.631200e-04	1.500000e+01
678.113647	41148.876636	3.645300e-04	1.500000e+01
679.136996	40999.289346	3.658600e-04	1.500000e+01
680.161670	40846.336084	3.672300e-04	1.500000e+01
681.185634	40685.689487	3.686800e-04	1.500000e+01
682.209782	40526.301570	3.701300e-04	1.500000e+01
683.233110	40373.590289	3.715300e-04	1.500000e+01
684.257642	40218.790219	3.729600e-04	1.500000e+01
685.281917	40078.018543	3.742700e-04	1.500000e+01
686.306052	39937.165526	3.755900e-04	1.500000e+01
687.330006	39787.798408	3.770000e-04	1.500000e+01
688.355022	39641.639578	3.783900e-04	1.500000e+01
689.379098	39489.272081	3.798500e-04	1.500000e+01
690.404831	39322.602632	3.814600e-04	1.500000e+01
691.429032	39175.742380	3.828900e-04	1.500000e+01
692.452864	39020.837127	3.844100e-04	1.500000e+01
693.477138	38891.337603	3.856900e-04	1.500000e+01
694.500941	38739.669421	3.872000e-04	1.500000e+01
695.524664	38607.057370	3.885300e-04	1.500000e+01
696.549024	38478.311059	3.898300e-04	1.500000e+01
697.573402	38354.342990	3.910900e-04	1.500000e+01
698.597762	38198.069724	3.926900e-04	1.500000e+01
699.621571	38044.029624	3.942800e-04	1.500000e+01
700.645979	37894.098626	3.958400e-04	1.500000e+01
701.670095	37746.294572	3.973900e-04	1.500000e+01
702.694687	37595.869467	3.989800e-04	1.500000e+01
703.719044	37453.183521	4.005000e-04	1.500000e+01
704.742998	37312.504664	4.020100e-04	1.500000e+01
705.766837	37177.485315	4.034700e-04	1.500000e+01
706.791011	37039.780724	4.049700e-04	1.500000e+01
707.815035	36902.184609	4.064800e-04	1.500000e+01
708.839034	36762.903779	4.080200e-04	1.500000e+01
709.862982	36622.881977	4.095800e-04	1.500000e+01
710.886796	36475.938040	4.112300e-04	1.500000e+01
711.911874	36327.529001	4.129100e-04	1.500000e+01
712.935154	36191.671090	4.144600e-04	1.500000e+01
713.960011	36049.026676	4.161000e-04	1.500000e+01
714.984173	35904.064340	4.177800e-04	1.500000e+01
716.008230	35753.444248	4.195400e-04	1.500000e+01
717.031279	35620.146755	4.211100e-04	1.500000e+01
718.055975	35486.160397	4.227000e-04	1.500000e+01
719.080695	35353.178251	4.242900e-04	1.500000e+01
720.104805	35223.670306	4.258500e-04	1.500000e+01
721.129218	35086.077844	4.275200e-04	1.500000e+01
722.153107	34951.999254	4.291600e-04	1.500000e+01
723.177035	34818.133284	4.308100e-04	1.500000e+01
724.200925	34682.882841	4.324900e-04	1.500000e+01
725.225072	34553.454194	4.341100e-04	1.500000e+01
726.248956	34420.248285	4.357900e-04	1.500000e+01
727.272761	34275.529557	4.376300e-04	1.500000e+01
728.297728	34143.676591	4.393200e-04	1.500000e+01
729.320869	34012.834176	4.410100e-04	1.500000e+01
730.344764	33885.287008	4.426700e-04	1.500000e+01
731.368620	33762.492122	4.442800e-04	1.500000e+01
732.392687	33632.286996	4.460000e-04	1.500000e+01
733.416849	33497.844972	4.477900e-04	1.500000e+01
734.441027	33381.551129	4.493500e-04	1.500000e+01
735.465069	33277.131955	4.507600e-04	1.500000e+01
736.489104	33154.300113	4.524300e-04	1.500000e+01
737.512978	33035.281681	4.540600e-04	1.500000e+01
738.537977	32908.448696	4.558100e-04	1.500000e+01
739.563841	32791.185729	4.574400e-04	1.500000e+01
740.588878	32667.639436	4.591700e-04	1.500000e+01
741.612836	32547.139106	4.608700e-04	1.500000e+01
742.636753	32427.524483	4.625700e-04	1.500000e+01
743.661561	32291.397572	4.645200e-04	1.500000e+01
744.686026	32167.442259	4.663100e-04	1.500000e+01
745.710748	32051.282051	4.680000e-04	1.500000e+01
746.734077	31935.277837	4.697000e-04	1.500000e+01
747.759012	31812.012216	4.715200e-04	1.500000e+01
748.783922	31693.042321	4.732900e-04	1.500000e+01
749.808205	31577.617785	4.750200e-04	1.500000e+01
750.832046	31475.574954	4.765600e-04	1.500000e+01
751.856215	31374.845740	4.780900e-04	1.500000e+01
752.881092	31260.420140	4.798400e-04	1.500000e+01
753.905074	31135.835271	4.817600e-04	1.500000e+01
754.929991	31009.033965	4.837300e-04	1.500000e+01
755.973269	30893.438234	4.855400e-04	1.500000e+01
756.999349	30779.964295	4.873300e-04	1.500000e+01
758.038392	30656.665781	4.892900e-04	1.500000e+01
759.065059	30531.243639	4.913000e-04	1.500000e+01
760.089861	30408.076385	4.932900e-04	1.500000e+01
761.114510	30294.462172	4.951400e-04	1.500000e+01
762.142020	30181.693797	4.969900e-04	1.500000e+01
763.166092	30070.364653	4.988300e-04	1.500000e+01
764.189908	29952.674774	5.007900e-04	1.500000e+01
765.216494	29832.935561	5.028000e-04	1.500000e+01
766.241238	29717.682021	5.047500e-04	1.500000e+01
767.265849	29603.315571	5.067000e-04	1.500000e+01
768.289754	29492.725128	5.086000e-04	1.500000e+01
769.312896	29390.442228	5.103700e-04	1.500000e+01
770.338136	29281.433619	5.122700e-04	1.500000e+01
771.362035	29176.067844	5.141200e-04	1.500000e+01
772.386139	29066.387629	5.160600e-04	1.500000e+01
773.410213	28955.851978	5.180300e-04	1.500000e+01
774.437642	28846.153846	5.200000e-04	1.500000e+01
775.463266	28735.081703	5.220100e-04	1.500000e+01
776.487693	28623.769178	5.240400e-04	1.500000e+01
777.511284	28510.605945	5.261200e-04	1.500000e+01
778.535932	28402.635765	5.281200e-04	1.500000e+01
779.562456	28293.345405	5.301600e-04	1.500000e+01
780.587073	28183.833753	5.322200e-04	1.500000e+01
781.610825	28073.590238	5.343100e-04	1.500000e+01
782.634724	27958.472349	5.365100e-04	1.500000e+01
783.659050	27843.777844	5.387200e-04	1.500000e+01
784.683262	27734.122215	5.408500e-04	1.500000e+01
785.706978	27621.257320	5.430600e-04	1.500000e+01
786.730793	27521.420839	5.450300e-04	1.500000e+01
787.755286	27408.774462	5.472700e-04	1.500000e+01
788.780613	27300.524170	5.494400e-04	1.500000e+01
789.805792	27187.703908	5.517200e-04	1.500000e+01
790.829990	27089.503720	5.537200e-04	1.500000e+01
791.854664	26993.467581	5.556900e-04	1.500000e+01
792.879157	26896.180742	5.577000e-04	1.500000e+01
793.902856	26793.369534	5.598400e-04	1.500000e+01
794.926855	26688.017080	5.620500e-04	1.500000e+01
795.950599	26583.018768	5.642700e-04	1.500000e+01
796.974914	26477.441220	5.665200e-04	1.500000e+01
797.998775	26370.844394	5.688100e-04	1.500000e+01
799.022174	26264.182659	5.711200e-04	1.500000e+01
800.046180	26159.748866	5.734000e-04	1.500000e+01
801.070099	26053.426894	5.757400e-04	1.500000e+01
802.093747	25952.006090	5.779900e-04	1.500000e+01
803.117091	25846.471957	5.803500e-04	1.500000e+01
804.141770	25739.584048	5.827600e-04	1.500000e+01
805.166775	25634.014628	5.851600e-04	1.500000e+01
806.190809	25537.130988	5.873800e-04	1.500000e+01
807.214187	25438.819639	5.896500e-04	1.500000e+01
808.238986	25342.546757	5.918900e-04	1.500000e+01
809.264034	25244.025581	5.942000e-04	1.500000e+01
810.287999	25141.209795	5.966300e-04	1.500000e+01
811.312022	25040.064103	5.990400e-04	1.500000e+01
812.336512	24933.510638	6.016000e-04	1.500000e+01
813.360924	24833.614781	6.040200e-04	1.500000e+01
814.385037	24736.147757	6.064000e-04	1.500000e+01
815.409004	24641.061865	6.087400e-04	1.500000e+01
816.433251	24545.900835	6.111000e-04	1.500000e+01
817.456299	24447.486798	6.135600e-04	1.500000e+01
818.479336	24356.580336	6.158500e-04	1.500000e+01
819.502818	24263.599748	6.182100e-04	1.500000e+01
820.527907	24168.989575	6.206300e-04	1.500000e+01
821.553096	24065.458046	6.233000e-04	1.500000e+01
822.577086	23957.451566	6.261100e-04	1.500000e+01
823.601241	23854.582465	6.288100e-04	1.500000e+01
824.625685	23754.849949	6.314500e-04	1.500000e+01
825.650148	23664.531600	6.338600e-04	1.500000e+01
826.674131	23561.196280	6.366400e-04	1.500000e+01
827.698259	23458.392631	6.394300e-04	1.500000e+01
828.722961	23360.847220	6.421000e-04	1.500000e+01
829.747335	23261.945009	6.448300e-04	1.500000e+01
830.772887	23161.015379	6.476400e-04	1.500000e+01
831.796299	23060.603265	6.504600e-04	1.500000e+01
832.820197	22961.058046	6.532800e-04	1.500000e+01
833.844162	22866.202229	6.559900e-04	1.500000e+01
834.868121	22768.670310	6.588000e-04	1.500000e+01
835.892239	22676.079759	6.614900e-04	1.500000e+01
836.916050	22581.179340	6.642700e-04	1.500000e+01
837.940001	22486.395731	6.670700e-04	1.500000e+01
838.963962	22400.095574	6.696400e-04	1.500000e+01
839.987981	22316.115211	6.721600e-04	1.500000e+01
841.012039	22227.820340	6.748300e-04	1.500000e+01
842.036354	22129.116016	6.778400e-04	1.500000e+01
843.061865	22029.990160	6.808900e-04	1.500000e+01
844.085882	21942.977516	6.835900e-04	1.500000e+01
845.110182	21857.286491	6.862700e-04	1.500000e+01
846.134332	21759.312986	6.893600e-04	1.500000e+01
847.159071	21660.649819	6.925000e-04	1.500000e+01
848.183134	21565.977514	6.955400e-04	1.500000e+01
849.207118	21474.280969	6.985100e-04	1.500000e+01
850.232309	21381.836842	7.015300e-04	1.500000e+01
851.256144	21288.070165	7.046200e-04	1.500000e+01
852.280065	21194.822811	7.077200e-04	1.500000e+01
853.303856	21107.436854	7.106500e-04	1.500000e+01
854.327152	21019.001177	7.136400e-04	1.500000e+01
855.351327	20938.023451	7.164000e-04	1.500000e+01
856.376120	20849.549650	7.194400e-04	1.500000e+01
857.399982	20765.269395	7.223600e-04	1.500000e+01
858.425627	20683.664042	7.252100e-04	1.500000e+01
859.450230	20591.101898	7.284700e-04	1.500000e+01
860.474168	20506.931343	7.314600e-04	1.500000e+01
861.498250	20420.665714	7.345500e-04	1.500000e+01
862.522776	20337.052754	7.375700e-04	1.500000e+01
863.547049	20250.840410	7.407100e-04	1.500000e+01
864.570848	20165.898122	7.438300e-04	1.500000e+01
865.594104	20077.096049	7.471200e-04	1.500000e+01
866.618771	19993.069069	7.502600e-04	1.500000e+01
867.643204	19909.478239	7.534100e-04	1.500000e+01
868.667130	19828.155981	7.565000e-04	1.500000e+01
869.690900	19740.998105	7.598400e-04	1.500000e+01
870.715038	19657.694021	7.630600e-04	1.500000e+01
871.739894	19571.769679	7.664100e-04	1.500000e+01
872.763830	19487.605883	7.697200e-04	1.500000e+01
873.787275	19409.686728	7.728100e-04	1.500000e+01
874.811587	19335.627828	7.757700e-04	1.500000e+01
875.836240	19261.884583	7.787400e-04	1.500000e+01
876.860190	19190.174631	7.816500e-04	1.500000e+01
877.884399	19125.822410	7.842800e-04	1.500000e+01
878.908377	19061.900344	7.869100e-04	1.500000e+01
879.932407	19000.088667	7.894700e-04	1.500000e+01
880.956116	18938.676565	7.920300e-04	1.500000e+01
881.980052	18885.503488	7.942600e-04	1.500000e+01
883.004347	18837.594816	7.962800e-04	1.500000e+01
884.028390	18793.695342	7.981400e-04	1.500000e+01
885.051148	18750.000000	8.000000e-04	1.500000e+01
886.074374	18708.140536	8.017900e-04	1.500000e+01
887.100517	18668.326073	8.035000e-04	1.500000e+01
888.125024	18626.598783	8.053000e-04	1.500000e+01
889.148927	18583.676099	8.071600e-04	1.500000e+01
890.172396	18551.269525	8.085700e-04	1.500000e+01
891.196811	18516.918291	8.100700e-04	1.500000e+01
892.221287	18486.338596	8.114100e-04	1.500000e+01
893.246326	18451.546240	8.129400e-04	1.500000e+01
894.270319	18414.623666	8.145700e-04	1.500000e+01
895.294856	18381.902404	8.160200e-04	1.500000e+01
896.319407	18355.359765	8.172000e-04	1.500000e+01
897.343107	18334.494518	8.181300e-04	1.500000e+01
898.366930	18313.005897	8.190900e-04	1.500000e+01
899.392531	18294.914014	8.199000e-04	1.500000e+01
900.417067	18278.194114	8.206500e-04	1.500000e+01
901.441033	18262.616424	8.213500e-04	1.500000e+01
902.465049	18246.177426	8.220900e-04	1.500000e+01
903.488881	18229.546449	8.228400e-04	1.500000e+01
904.512849	18216.484704	8.234300e-04	1.500000e+01
905.537242	18200.791128	8.241400e-04	1.500000e+01
906.561267	18186.447459	8.247900e-04	1.500000e+01
907.585682	18172.786857	8.254100e-04	1.500000e+01
908.610072	18162.664826	8.258700e-04	1.500000e+01
909.634224	18152.993429	8.263100e-04	1.500000e+01
910.658079	18138.724969	8.269600e-04	1.500000e+01
911.682961	18126.012036	8.275400e-04	1.500000e+01
912.707194	18115.285678	8.280300e-04	1.500000e+01
913.732317	18100.639556	8.287000e-04	1.500000e+01
914.756246	18087.543712	8.293000e-04	1.500000e+01
915.780267	18075.991468	8.298300e-04	1.500000e+01
916.804117	18064.453972	8.303600e-04	1.500000e+01
917.828364	18056.408219	8.307300e-04	1.500000e+01
918.852080	18045.546961	8.312300e-04	1.500000e+01
919.875971	18039.036475	8.315300e-04	1.500000e+01
920.900113	18026.462847	8.321100e-04	1.500000e+01
921.924318	18015.853951	8.326000e-04	1.500000e+01
922.948175	18005.689798	8.330700e-04	1.500000e+01
923.972967	17996.832557	8.334800e-04	1.500000e+01
924.998795	17992.083483	8.337000e-04	1.500000e+01
926.023438	17987.552614	8.339100e-04	1.500000e+01
927.047329	17982.808435	8.341300e-04	1.500000e+01
928.071277	17975.266034	8.344800e-04	1.500000e+01
929.096068	17967.084302	8.348600e-04	1.500000e+01
930.120285	17957.620017	8.353000e-04	1.500000e+01
931.145034	17951.172810	8.356000e-04	1.500000e+01
932.169064	17940.652322	8.360900e-04	1.500000e+01
933.193190	17934.431718	8.363800e-04	1.500000e+01
934.217042	17926.501344	8.367500e-04	1.500000e+01
935.240886	17916.865743	8.372000e-04	1.500000e+01
936.265197	17907.454276	8.376400e-04	1.500000e+01
937.289659	17899.761337	8.380000e-04	1.500000e+01
938.314124	17892.715279	8.383300e-04	1.500000e+01
939.338320	17889.087657	8.385000e-04	1.500000e+01
940.362271	17881.197325	8.388700e-04	1.500000e+01
941.386297	17881.836822	8.388400e-04	1.500000e+01
942.410398	17867.565604	8.395100e-04	1.500000e+01
943.434571	17857.993238	8.399600e-04	1.500000e+01
944.458425	17846.944603	8.404800e-04	1.500000e+01
945.482293	17837.606431	8.409200e-04	1.500000e+01
946.506981	17824.252867	8.415500e-04	1.500000e+01
947.530645	17818.959373	8.418000e-04	1.500000e+01
948.555317	17810.496319	8.422000e-04	1.500000e+01
949.579293	17800.773740	8.426600e-04	1.500000e+01
950.604109	17795.916430	8.428900e-04	1.500000e+01
951.628089	17791.483810	8.431000e-04	1.500000e+01
952.651338	17788.108057	8.432600e-04	1.500000e+01
953.675703	17783.468488	8.434800e-04	1.500000e+01
954.700285	17778.620616	8.437100e-04	1.500000e+01
955.724008	17774.407224	8.439100e-04	1.500000e+01
956.747244	17772.090709	8.440200e-04	1.500000e+01
957.771798	17766.828147	8.442700e-04	1.500000e+01
958.796371	17757.363387	8.447200e-04	1.500000e+01
959.820361	17746.858806	8.452200e-04	1.500000e+01
960.844528	17739.303200	8.455800e-04	1.500000e+01
961.869538	17734.479375	8.458100e-04	1.500000e+01
962.894327	17730.915624	8.459800e-04	1.500000e+01
963.919088	17723.792419	8.463200e-04	1.500000e+01
964.943305	17719.604971	8.465200e-04	1.500000e+01
965.967133	17715.419501	8.467200e-04	1.500000e+01
966.991231	17714.582644	8.467600e-04	1.500000e+01
968.015038	17714.791851	8.467500e-04	1.500000e+01
969.038335	17711.445136	8.469100e-04	1.500000e+01
970.063272	17708.308738	8.470600e-04	1.500000e+01
971.087192	17704.337563	8.472500e-04	1.500000e+01
972.112214	17703.292812	8.473000e-04	1.500000e+01
973.136114	17699.532732	8.474800e-04	1.500000e+01
974.160994	17694.521776	8.477200e-04	1.500000e+01
975.184250	17687.844913	8.480400e-04	1.500000e+01
976.210232	17681.589929	8.483400e-04	1.500000e+01
977.234302	17674.506292	8.486800e-04	1.500000e+01
978.258388	17675.755933	8.486200e-04	1.500000e+01
979.283511	17679.922680	8.484200e-04	1.500000e+01
980.308272	17683.465959	8.482500e-04	1.500000e+01
981.332338	17680.756265	8.483800e-04	1.500000e+01
982.356290	17670.966602	8.488500e-04	1.500000e+01
983.380896	17662.643509	8.492500e-04	1.500000e+01
984.405408	17657.653416	8.494900e-04	1.500000e+01
985.429282	17652.250662	8.497500e-04	1.500000e+01
986.452988	17647.889312	8.499600e-04	1.500000e+01
987.477762	17645.813237	8.500600e-04	1.500000e+01
988.501449	17638.136002	8.504300e-04	1.500000e+01
989.525159	17630.879898	8.507800e-04	1.500000e+01
990.549904	17631.501616	8.507500e-04	1.500000e+01
991.575013	17632.123378	8.507200e-04	1.500000e+01
992.599411	17631.294372	8.507600e-04	1.500000e+01
993.623351	17633.988926	8.506300e-04	1.500000e+01
994.647315	17630.465444	8.508000e-04	1.500000e+01
995.671820	17621.352380	8.512400e-04	1.500000e+01
996.696517	17617.213192	8.514400e-04	1.500000e+01
997.720457	17610.181033	8.517800e-04	1.500000e+01
998.744220	17600.882391	8.522300e-04	1.500000e+01
999.768252	17595.307918	8.525000e-04	1.500000e+01
1000.792439	17589.530711	8.527800e-04	1.500000e+01
1001.816103	17582.314536	8.531300e-04	1.500000e+01
1002.840373	17578.399662	8.533200e-04	1.500000e+01
1003.864704	17574.898359	8.534900e-04	1.500000e+01
1004.889119	17572.427689	8.536100e-04	1.500000e+01
1005.913045	17568.722988	8.537900e-04	1.500000e+01
1006.936369	17563.785815	8.540300e-04	1.500000e+01
1007.960911	17560.084757	8.542100e-04	1.500000e+01
1008.985268	17554.741536	8.544700e-04	1.500000e+01
1010.009342	17547.964436	8.548000e-04	1.500000e+01
1011.033415	17545.911803	8.549000e-04	1.500000e+01
1012.059361	17538.321232	8.552700e-04	1.500000e+01
1013.084232	17537.295983	8.553200e-04	1.500000e+01
1014.109280	17535.450836	8.554100e-04	1.500000e+01
1015.133455	17536.270854	8.553700e-04	1.500000e+01
1016.158437	17534.835874	8.554400e-04	1.500000e+01
1017.182787	17529.917726	8.556800e-04	1.500000e+01
1018.207406	17533.401129	8.555100e-04	1.500000e+01
1019.232000	17531.966619	8.555800e-04	1.500000e+01
1020.255343	17531.147005	8.556200e-04	1.500000e+01
1021.280049	17528.688620	8.557400e-04	1.500000e+01
1022.304235	17523.773920	8.559800e-04	1.500000e+01
1023.328126	17519.680441	8.561800e-04	1.500000e+01
1024.352233	17513.952782	8.564600e-04	1.500000e+01
1025.377364	17508.228868	8.567400e-04	1.500000e+01
1026.402506	17497.812773	8.572500e-04	1.500000e+01
1027.427024	17505.164023	8.568900e-04	1.500000e+01
1028.452109	17511.090357	8.566000e-04	1.500000e+01
1029.476595	17507.002801	8.568000e-04	1.500000e+01
1030.500421	17504.142647	8.569400e-04	1.500000e+01
1031.524491	17499.037553	8.571900e-04	1.500000e+01
1032.549599	17494.139463	8.574300e-04	1.500000e+01
1033.573069	17491.283510	8.575700e-04	1.500000e+01
1034.597974	17484.147706	8.579200e-04	1.500000e+01
1035.622337	17479.257947	8.581600e-04	1.500000e+01
1036.646265	17473.353136	8.584500e-04	1.500000e+01
1037.670169	17472.538993	8.584900e-04	1.500000e+01
1038.694114	17474.167356	8.584100e-04	1.500000e+01
1039.718326	17473.556684	8.584400e-04	1.500000e+01
1040.742399	17469.486630	8.586400e-04	1.500000e+01
1041.766303	17467.045507	8.587600e-04	1.500000e+01
1042.790493	17458.913357	8.591600e-04	1.500000e+01
1043.815248	17453.022282	8.594500e-04	1.500000e+01
1044.839355	17449.976733	8.596000e-04	1.500000e+01
1045.863557	17446.932248	8.597500e-04	1.500000e+01
1046.887352	17441.049254	8.600400e-04	1.500000e+01
1047.912182	17438.007882	8.601900e-04	1.500000e+01
1048.936399	17435.170225	8.603300e-04	1.500000e+01
1049.960340	17431.523166	8.605100e-04	1.500000e+01
1050.984389	17429.092641	8.606300e-04	1.500000e+01
1052.009459	17424.638439	8.608500e-04	1.500000e+01
1053.032879	17429.092641	8.606300e-04	1.500000e+01
1054.057263	17424.233624	8.608700e-04	1.500000e+01
1055.082171	17421.805131	8.609900e-04	1.500000e+01
1056.107522	17421.602787	8.610000e-04	1.500000e+01
1057.131218	17422.816921	8.609400e-04	1.500000e+01
1058.155044	17422.412191	8.609600e-04	1.500000e+01
1059.179066	17420.388823	8.610600e-04	1.500000e+01
1060.203579	17415.332459	8.613100e-04	1.500000e+01
1061.227490	17413.917203	8.613800e-04	1.500000e+01
1062.251480	17408.662550	8.616400e-04	1.500000e+01
1063.275976	17407.046372	8.617200e-04	1.500000e+01
1064.300497	17403.209152	8.619100e-04	1.500000e+01
1065.324310	17402.401531	8.619500e-04	1.500000e+01
1066.348480	17398.364554	8.621500e-04	1.500000e+01
1067.372808	17394.934595	8.623200e-04	1.500000e+01
1068.397235	17391.505988	8.624900e-04	1.500000e+01
1069.421217	17389.086609	8.626100e-04	1.500000e+01
1070.445415	17399.373623	8.621000e-04	1.500000e+01
1071.469277	17403.007240	8.619200e-04	1.500000e+01
1072.493439	17402.805332	8.619300e-04	1.500000e+01
1073.516038	17399.373623	8.621000e-04	1.500000e+01
1074.539274	17396.750287	8.622300e-04	1.500000e+01
1075.565471	17401.795865	8.619800e-04	1.500000e+01
1076.590282	17406.036413	8.617700e-04	1.500000e+01
1077.614466	17400.584660	8.620400e-04	1.500000e+01
1078.638462	17399.171799	8.621100e-04	1.500000e+01
1079.663609	17404.016847	8.618700e-04	1.500000e+01
1080.687059	17401.795865	8.619800e-04	1.500000e+01
1081.711059	17409.672814	8.615900e-04	1.500000e+01
1082.735751	17410.076953	8.615700e-04	1.500000e+01
1083.759479	17402.805332	8.619300e-04	1.500000e+01
1084.783670	17396.145014	8.622600e-04	1.500000e+01
1085.807226	17390.094602	8.625600e-04	1.500000e+01
1086.830616	17396.952054	8.622200e-04	1.500000e+01
1087.854208	17382.033930	8.629600e-04	1.500000e+01
1088.879302	17379.013104	8.631100e-04	1.500000e+01
1089.903401	17368.951263	8.636100e-04	1.500000e+01
1090.927280	17365.130817	8.638000e-04	1.500000e+01
1091.951825	17361.312052	8.639900e-04	1.500000e+01
1092.976284	17361.111111	8.640000e-04	1.500000e+01
1094.000645	17359.503750	8.640800e-04	1.500000e+01
1095.024500	17354.482663	8.643300e-04	1.500000e+01
1096.048559	17348.862493	8.646100e-04	1.500000e+01
1097.072558	17346.655565	8.647200e-04	1.500000e+01
1098.096510	17342.042893	8.649500e-04	1.500000e+01
1099.120609	17343.045439	8.649000e-04	1.500000e+01
1100.145639	17348.461191	8.646300e-04	1.500000e+01
1101.170596	17346.254365	8.647400e-04	1.500000e+01
1102.194592	17348.260548	8.646400e-04	1.500000e+01
1103.218477	17349.865828	8.645600e-04	1.500000e+01
1104.242574	17344.649754	8.648200e-04	1.500000e+01
1105.266427	17339.035950	8.651000e-04	1.500000e+01
1106.290250	17332.424344	8.654300e-04	1.500000e+01
1107.313796	17332.424344	8.654300e-04	1.500000e+01
1108.337823	17335.629341	8.652700e-04	1.500000e+01
1109.361449	17333.025191	8.654000e-04	1.500000e+01
1110.385420	17332.624622	8.654200e-04	1.500000e+01
1111.409578	17331.222776	8.654900e-04	1.500000e+01
1112.433509	17331.222776	8.654900e-04	1.500000e+01
1113.458398	17328.419764	8.656300e-04	1.500000e+01
1114.482481	17324.216945	8.658400e-04	1.500000e+01
1115.506239	17317.216777	8.661900e-04	1.500000e+01
1116.531498	17315.617533	8.662700e-04	1.500000e+01
1117.556551	17312.819566	8.664100e-04	1.500000e+01
1118.580281	17310.022503	8.665500e-04	1.500000e+01
1119.604189	17306.627284	8.667200e-04	1.500000e+01
1120.627595	17304.830355	8.668100e-04	1.500000e+01
1121.651461	17305.429290	8.667800e-04	1.500000e+01
1122.675481	17310.422028	8.665300e-04	1.500000e+01
1123.699084	17304.830355	8.668100e-04	1.500000e+01
1124.722554	17302.235449	8.669400e-04	1.500000e+01
1125.746483	17302.435029	8.669300e-04	1.500000e+01
1126.770467	17307.226344	8.666900e-04	1.500000e+01
1127.795409	17301.437173	8.669800e-04	1.500000e+01
1128.820015	17301.038062	8.670000e-04	1.500000e+01
1129.844978	17302.435029	8.669300e-04	1.500000e+01
1130.869596	17299.042786	8.671000e-04	1.500000e+01
1131.894398	17296.649063	8.672200e-04	1.500000e+01
1132.918514	17297.446897	8.671800e-04	1.500000e+01
1133.942476	17297.047970	8.672000e-04	1.500000e+01
1134.966640	17297.845842	8.671600e-04	1.500000e+01
1135.990512	17292.660995	8.674200e-04	1.500000e+01
1137.014341	17284.889550	8.678100e-04	1.500000e+01
1138.038416	17287.479255	8.676800e-04	1.500000e+01
1139.063463	17291.066282	8.675000e-04	1.500000e+01
1140.087542	17288.674765	8.676200e-04	1.500000e+01
1141.111331	17286.881562	8.677100e-04	1.500000e+01
1142.135257	17284.292035	8.678400e-04	1.500000e+01
1143.160283	17284.092873	8.678500e-04	1.500000e+01
1144.183839	17283.495414	8.678800e-04	1.500000e+01
1145.207917	17284.292035	8.678400e-04	1.500000e+01
1146.231569	17287.080788	8.677000e-04	1.500000e+01
1147.256407	17289.870441	8.675600e-04	1.500000e+01
1148.280530	17291.464933	8.674800e-04	1.500000e+01
1149.304557	17289.471864	8.675800e-04	1.500000e+01
1150.330150	17289.073306	8.676000e-04	1.500000e+01
1151.355255	17284.491202	8.678300e-04	1.500000e+01
1152.378591	17277.523094	8.681800e-04	1.500000e+01
1153.402388	17274.140612	8.683500e-04	1.500000e+01
1154.426751	17268.174754	8.686500e-04	1.500000e+01
1155.451618	17264.994648	8.688100e-04	1.500000e+01
1156.475464	17262.610337	8.689300e-04	1.500000e+01
1157.499608	17265.193370	8.688000e-04	1.500000e+01
1158.523921	17260.425297	8.690400e-04	1.500000e+01
1159.549497	17258.637948	8.691300e-04	1.500000e+01
1160.573613	17257.446588	8.691900e-04	1.500000e+01
1161.597653	17254.071961	8.693600e-04	1.500000e+01
1162.622204	17252.682792	8.694300e-04	1.500000e+01
1163.647227	17252.087503	8.694600e-04	1.500000e+01
1164.671608	17244.947230	8.698200e-04	1.500000e+01
1165.695308	17243.955993	8.698700e-04	1.500000e+01
1166.720190	17244.947230	8.698200e-04	1.500000e+01
1167.744337	17242.766659	8.699300e-04	1.500000e+01
1168.768079	17242.766659	8.699300e-04	1.500000e+01
1169.791488	17243.361306	8.699000e-04	1.500000e+01
1170.815652	17240.982966	8.700200e-04	1.500000e+01
1171.839741	17243.559531	8.698900e-04	1.500000e+01
1172.863206	17242.766659	8.699300e-04	1.500000e+01
1173.887196	17245.740302	8.697800e-04	1.500000e+01
1174.911944	17244.154232	8.698600e-04	1.500000e+01
1175.935448	17248.913318	8.696200e-04	1.500000e+01
1176.959469	17246.930046	8.697200e-04	1.500000e+01
1177.984571	17245.542027	8.697900e-04	1.500000e+01
1179.009346	17247.921625	8.696700e-04	1.500000e+01
1180.034285	17244.154232	8.698600e-04	1.500000e+01
1181.062481	17245.145492	8.698100e-04	1.500000e+01
1182.085998	17240.982966	8.700200e-04	1.500000e+01
1183.110164	17239.199641	8.701100e-04	1.500000e+01
1184.134578	17238.209065	8.701600e-04	1.500000e+01
1185.159423	17233.257890	8.704100e-04	1.500000e+01
1186.183297	17232.070031	8.704700e-04	1.500000e+01
1187.207464	17228.705320	8.706400e-04	1.500000e+01
1188.231470	17229.101100	8.706200e-04	1.500000e+01
1189.254659	17230.090630	8.705700e-04	1.500000e+01
1190.277753	17229.694805	8.705900e-04	1.500000e+01
1191.300660	17229.298997	8.706100e-04	1.500000e+01
1192.323754	17226.924535	8.707300e-04	1.500000e+01
1193.349327	17226.528854	8.707500e-04	1.500000e+01
1194.372642	17224.550726	8.708500e-04	1.500000e+01
1195.396660	17230.882336	8.705300e-04	1.500000e+01
1196.422047	17245.343757	8.698000e-04	1.500000e+01
1197.447000	17246.930046	8.697200e-04	1.500000e+01
1198.470393	17244.154232	8.698600e-04	1.500000e+01
1199.494158	17243.361306	8.699000e-04	1.500000e+01
1200.518536	17239.595904	8.700900e-04	1.500000e+01
1201.543737	17239.992185	8.700700e-04	1.500000e+01
1202.567552	17234.247897	8.703600e-04	1.500000e+01
1203.591451	17229.892715	8.705800e-04	1.500000e+01
1204.614642	17226.528854	8.707500e-04	1.500000e+01
1205.639269	17215.654769	8.713000e-04	1.500000e+01
1206.663190	17212.889011	8.714400e-04	1.500000e+01
1207.686517	17210.716539	8.715500e-04	1.500000e+01
1208.711206	17212.296465	8.714700e-04	1.500000e+01
1209.735933	17212.296465	8.714700e-04	1.500000e+01
1210.759647	17211.111494	8.715300e-04	1.500000e+01
1211.784072	17208.939470	8.716400e-04	1.500000e+01
1212.808246	17206.767995	8.717500e-04	1.500000e+01
1213.832494	17205.189085	8.718300e-04	1.500000e+01
1214.856591	17209.136904	8.716300e-04	1.500000e+01
1215.880570	17216.445148	8.712600e-04	1.500000e+01
1216.905303	17217.235601	8.712200e-04	1.500000e+01
1217.929600	17214.469335	8.713600e-04	1.500000e+01
1218.952538	17211.901456	8.714900e-04	1.500000e+01
1219.975695	17207.952368	8.716900e-04	1.500000e+01
1221.000414	17204.597068	8.718600e-04	1.500000e+01
1222.024532	17199.665180	8.721100e-04	1.500000e+01
1223.048357	17195.524578	8.723200e-04	1.500000e+01
1224.072408	17195.327456	8.723300e-04	1.500000e+01
1225.096441	17192.371172	8.724800e-04	1.500000e+01
1226.121490	17194.144821	8.723900e-04	1.500000e+01
1227.145142	17194.144821	8.723900e-04	1.500000e+01
1228.168726	17192.962347	8.724500e-04	1.500000e+01
1229.193389	17189.809881	8.726100e-04	1.500000e+01
1230.217623	17190.794902	8.725600e-04	1.500000e+01
1231.241262	17189.809881	8.726100e-04	1.500000e+01
1232.264759	17186.067828	8.728000e-04	1.500000e+01
1233.289841	17186.658570	8.727700e-04	1.500000e+01
1234.313498	17190.597889	8.725700e-04	1.500000e+01
1235.338546	17192.765284	8.724600e-04	1.500000e+01
1236.361780	17188.628004	8.726700e-04	1.500000e+01
1237.386184	17191.385970	8.725300e-04	1.500000e+01
1238.410474	17191.780037	8.725100e-04	1.500000e+01
1239.434295	17188.431040	8.726800e-04	1.500000e+01
1240.458657	17185.674022	8.728200e-04	1.500000e+01
1241.483085	17180.162639	8.731000e-04	1.500000e+01
1242.507608	17180.359413	8.730900e-04	1.500000e+01
1243.531919	17182.524227	8.729800e-04	1.500000e+01
1244.556689	17178.588607	8.731800e-04	1.500000e+01
1245.581971	17176.228100	8.733000e-04	1.500000e+01
1246.607514	17176.424784	8.732900e-04	1.500000e+01
1247.631737	17175.048090	8.733600e-04	1.500000e+01
1248.655726	17172.295363	8.735000e-04	1.500000e+01
1249.679736	17173.474995	8.734400e-04	1.500000e+01
1250.703670	17173.278379	8.734500e-04	1.500000e+01
1251.728413	17174.064872	8.734100e-04	1.500000e+01
1252.751641	17174.458146	8.733900e-04	1.500000e+01
1253.775534	17173.868242	8.734200e-04	1.500000e+01
1254.800207	17174.458146	8.733900e-04	1.500000e+01
1255.824339	17176.818166	8.732700e-04	1.500000e+01
1256.847586	17176.031421	8.733100e-04	1.500000e+01
1257.871776	17178.391873	8.731900e-04	1.500000e+01
1258.895268	17174.458146	8.733900e-04	1.500000e+01
1259.918639	17169.936586	8.736200e-04	1.500000e+01
1260.942377	17164.828123	8.738800e-04	1.500000e+01
1261.967035	17165.024546	8.738700e-04	1.500000e+01
1262.991365	17158.544955	8.742000e-04	1.500000e+01
1264.015717	17157.367374	8.742600e-04	1.500000e+01
1265.040687	17152.070255	8.745300e-04	1.500000e+01
1266.065949	17152.462522	8.745100e-04	1.500000e+01
1267.089830	17154.424126	8.744100e-04	1.500000e+01
1268.114463	17150.893562	8.745900e-04	1.500000e+01
1269.138498	17146.188402	8.748300e-04	1.500000e+01
1270.162716	17151.285775	8.745700e-04	1.500000e+01
1271.186719	17148.148572	8.747300e-04	1.500000e+01
1272.210652	17147.560474	8.747600e-04	1.500000e+01
1273.233794	17145.404460	8.748700e-04	1.500000e+01
1274.256753	17148.344613	8.747200e-04	1.500000e+01
1275.279716	17153.835598	8.744400e-04	1.500000e+01
1276.302525	17155.797516	8.743400e-04	1.500000e+01
1277.326408	17156.386179	8.743100e-04	1.500000e+01
1278.350783	17156.778643	8.742900e-04	1.500000e+01
1279.374799	17162.864139	8.739800e-04	1.500000e+01
1280.398588	17160.704275	8.740900e-04	1.500000e+01
1281.422683	17160.507951	8.741000e-04	1.500000e+01
1282.446851	17157.563626	8.742500e-04	1.500000e+01
1283.471347	17151.285775	8.745700e-04	1.500000e+01
1284.495288	17149.913107	8.746400e-04	1.500000e+01
1285.518821	17150.305275	8.746200e-04	1.500000e+01
1286.542948	17148.932765	8.746900e-04	1.500000e+01
1287.566961	17146.188402	8.748300e-04	1.500000e+01
1288.590786	17141.289939	8.750800e-04	1.500000e+01
1289.614648	17136.981606	8.753000e-04	1.500000e+01
1290.639227	17127.002432	8.758100e-04	1.500000e+01
1291.663405	17126.415784	8.758400e-04	1.500000e+01
1292.686478	17122.701277	8.760300e-04	1.500000e+01
1293.711528	17123.874105	8.759700e-04	1.500000e+01
1294.735673	17123.092202	8.760100e-04	1.500000e+01
1295.760699	17131.892732	8.755600e-04	1.500000e+01
1296.784765	17135.415477	8.753800e-04	1.500000e+01
1297.809387	17143.836791	8.749500e-04	1.500000e+01
1298.833254	17161.685964	8.740400e-04	1.500000e+01
1299.857397	17157.563626	8.742500e-04	1.500000e+01
1300.880814	17155.208893	8.743700e-04	1.500000e+01
1301.905332	17151.285775	8.745700e-04	1.500000e+01
1302.928707	17163.453287	8.739500e-04	1.500000e+01
1303.952632	17161.882315	8.740300e-04	1.500000e+01
1304.976441	17168.364427	8.737000e-04	1.500000e+01
1306.000299	17177.408273	8.732400e-04	1.500000e+01
1307.023822	17172.295363	8.735000e-04	1.500000e+01
1308.048422	17177.408273	8.732400e-04	1.500000e+01
1309.071774	17166.399634	8.738000e-04	1.500000e+01
1310.095631	17162.471396	8.740000e-04	1.500000e+01
1311.120363	17153.639430	8.744500e-04	1.500000e+01
1312.144814	17142.073505	8.750400e-04	1.500000e+01
1313.168766	17136.785824	8.753100e-04	1.500000e+01
1314.193342	17129.936277	8.756600e-04	1.500000e+01
1315.218389	17125.242608	8.759000e-04	1.500000e+01
1316.242815	17121.919481	8.760700e-04	1.500000e+01
1317.266660	17125.633648	8.758800e-04	1.500000e+01
1318.290464	17131.892732	8.755600e-04	1.500000e+01
1319.313930	17133.262516	8.754900e-04	1.500000e+01
1320.337497	17131.305748	8.755900e-04	1.500000e+01
1321.360787	17131.501405	8.755800e-04	1.500000e+01
1322.385867	17130.718805	8.756200e-04	1.500000e+01
1323.410382	17143.836791	8.749500e-04	1.500000e+01
1324.435324	17157.956144	8.742300e-04	1.500000e+01
1325.458306	17172.295363	8.735000e-04	1.500000e+01
1326.481913	17158.937519	8.741800e-04	1.500000e+01
1327.506179	17145.012516	8.748900e-04	1.500000e+01
1328.531164	17130.327532	8.756400e-04	1.500000e+01
1329.554603	17129.936277	8.756600e-04	1.500000e+01
1330.578933	17125.047094	8.759100e-04	1.500000e+01
1331.603051	17124.460579	8.759400e-04	1.500000e+01
1332.627806	17127.197990	8.758000e-04	1.500000e+01
1333.651772	17122.505822	8.760400e-04	1.500000e+01
1334.675796	17119.965304	8.761700e-04	1.500000e+01
1335.701529	17118.597644	8.762400e-04	1.500000e+01
1336.725778	17122.896738	8.760200e-04	1.500000e+01
1337.749764	17119.379137	8.762000e-04	1.500000e+01
1338.773638	17117.230204	8.763100e-04	1.500000e+01
1339.798045	17115.862982	8.763800e-04	1.500000e+01
1340.821679	17110.786640	8.766400e-04	1.500000e+01
1341.846390	17107.274013	8.768200e-04	1.500000e+01
1342.869735	17104.347925	8.769700e-04	1.500000e+01
1343.894159	17100.058140	8.771900e-04	1.500000e+01
1344.918943	17098.888572	8.772500e-04	1.500000e+01
1345.943464	17099.473336	8.772200e-04	1.500000e+01
1346.967761	17094.211900	8.774900e-04	1.500000e+01
1347.992749	17099.278410	8.772300e-04	1.500000e+01
1349.016379	17104.347925	8.769700e-04	1.500000e+01
1350.041880	17104.738012	8.769500e-04	1.500000e+01
1351.065866	17103.762828	8.770000e-04	1.500000e+01
1352.089919	17102.397756	8.770700e-04	1.500000e+01
1353.115145	17101.422838	8.771200e-04	1.500000e+01
1354.140762	17097.329397	8.773300e-04	1.500000e+01
1355.164639	17092.653577	8.775700e-04	1.500000e+01
1356.188881	17087.007040	8.778600e-04	1.500000e+01
1357.212755	17083.893305	8.780200e-04	1.500000e+01
1358.236417	17087.980315	8.778100e-04	1.500000e+01
1359.260712	17081.947798	8.781200e-04	1.500000e+01
1360.284672	17077.669240	8.783400e-04	1.500000e+01
1361.309760	17083.504168	8.780400e-04	1.500000e+01
1362.334066	17082.142328	8.781100e-04	1.500000e+01
1363.357559	17083.893305	8.780200e-04	1.500000e+01
1364.381824	17084.087881	8.780100e-04	1.500000e+01
1365.405776	17084.866225	8.779700e-04	1.500000e+01
1366.430535	17098.108949	8.772900e-04	1.500000e+01
1367.454660	17105.323177	8.769200e-04	1.500000e+01
1368.478670	17102.787754	8.770500e-04	1.500000e+01
1369.503371	17101.227868	8.771300e-04	1.500000e+01
1370.528651	17100.448032	8.771700e-04	1.500000e+01
1371.553557	17100.448032	8.771700e-04	1.500000e+01
1372.577714	17099.083489	8.772400e-04	1.500000e+01
1373.601317	17099.473336	8.772200e-04	1.500000e+01
1374.624686	17093.627496	8.775200e-04	1.500000e+01
1375.648677	17091.290278	8.776400e-04	1.500000e+01
1376.672455	17087.201686	8.778500e-04	1.500000e+01
1377.696370	17084.477044	8.779900e-04	1.500000e+01
1378.720857	17081.753271	8.781300e-04	1.500000e+01
1379.745870	17079.224831	8.782600e-04	1.500000e+01
1380.770506	17077.280386	8.783600e-04	1.500000e+01
1381.793969	17075.919538	8.784300e-04	1.500000e+01
1382.818424	17076.502732	8.784000e-04	1.500000e+01
1383.842559	17072.421211	8.786100e-04	1.500000e+01
1384.866921	17066.788030	8.789000e-04	1.500000e+01
1385.891490	17067.953211	8.788400e-04	1.500000e+01
1386.914800	17065.623009	8.789600e-04	1.500000e+01
1387.938790	17063.875775	8.790500e-04	1.500000e+01
1388.963528	17066.399672	8.789200e-04	1.500000e+01
1389.986727	17066.011332	8.789400e-04	1.500000e+01
1391.010810	17067.759003	8.788500e-04	1.500000e+01
1392.036025	17064.846416	8.790000e-04	1.500000e+01
1393.060686	17065.040558	8.789900e-04	1.500000e+01
1394.084661	17066.205500	8.789300e-04	1.500000e+01
1395.108928	17069.895532	8.787400e-04	1.500000e+01
1396.133518	17069.118551	8.787800e-04	1.500000e+01
1397.158324	17067.953211	8.788400e-04	1.500000e+01
1398.182614	17068.924316	8.787900e-04	1.500000e+01
1399.207433	17074.364549	8.785100e-04	1.500000e+01
1400.232549	17073.198493	8.785700e-04	1.500000e+01
1401.256582	17070.284050	8.787200e-04	1.500000e+01
1402.280515	17062.711151	8.791100e-04	1.500000e+01
1403.304332	17064.069894	8.790400e-04	1.500000e+01
1404.328691	17062.128899	8.791400e-04	1.500000e+01
1405.352689	17060.770464	8.792100e-04	1.500000e+01
1406.376318	17062.711151	8.791100e-04	1.500000e+01
1407.400877	17061.158566	8.791900e-04	1.500000e+01
1408.424970	17058.636219	8.793200e-04	1.500000e+01
1409.448453	17061.934823	8.791500e-04	1.500000e+01
1410.473504	17059.606264	8.792700e-04	1.500000e+01
1411.497118	17058.636219	8.793200e-04	1.500000e+01
1412.520990	17060.576420	8.792200e-04	1.500000e+01
1413.544956	17061.352624	8.791800e-04	1.500000e+01
1414.569128	17061.934823	8.791500e-04	1.500000e+01
1415.593989	17063.293443	8.790800e-04	1.500000e+01
1416.619170	17061.934823	8.791500e-04	1.500000e+01
1417.643621	17065.428854	8.789700e-04	1.500000e+01
1418.667472	17065.428854	8.789700e-04	1.500000e+01
1419.691963	17064.458147	8.790200e-04	1.500000e+01
1420.716451	17063.487549	8.790700e-04	1.500000e+01
1421.740580	17065.817168	8.789500e-04	1.500000e+01
1422.764370	17062.711151	8.791100e-04	1.500000e+01
1423.788406	17059.218233	8.792900e-04	1.500000e+01
1424.812735	17057.860262	8.793600e-04	1.500000e+01
1425.836519	17054.563233	8.795300e-04	1.500000e+01
1426.859828	17052.430540	8.796400e-04	1.500000e+01
1427.884397	17053.593761	8.795800e-04	1.500000e+01
1428.908999	17052.042835	8.796600e-04	1.500000e+01
1429.932867	17053.012130	8.796100e-04	1.500000e+01
1430.956878	17054.757140	8.795200e-04	1.500000e+01
1431.980800	17054.757140	8.795200e-04	1.500000e+01
1433.004990	17055.532815	8.794800e-04	1.500000e+01
1434.028876	17056.308560	8.794400e-04	1.500000e+01
1435.053666	17056.890415	8.794100e-04	1.500000e+01
1436.079751	17053.787646	8.795700e-04	1.500000e+01
1437.108251	17055.726745	8.794700e-04	1.500000e+01
1438.135214	17057.278341	8.793900e-04	1.500000e+01
1439.160005	17059.412246	8.792800e-04	1.500000e+01
1440.185543	17060.964513	8.792000e-04	1.500000e+01
1441.211592	17060.770464	8.792100e-04	1.500000e+01
1442.238565	17060.382380	8.792300e-04	1.500000e+01
1443.264196	17058.442223	8.793300e-04	1.500000e+01
1444.289558	17054.951052	8.795100e-04	1.500000e+01
1445.314543	17052.818262	8.796200e-04	1.500000e+01
1446.337941	17050.686006	8.797300e-04	1.500000e+01
1447.361607	17048.360516	8.798500e-04	1.500000e+01
1448.386657	17048.166754	8.798600e-04	1.500000e+01
1449.410870	17046.616815	8.799400e-04	1.500000e+01
1450.434837	17044.679787	8.800400e-04	1.500000e+01
1451.460142	17041.581459	8.802000e-04	1.500000e+01
1452.484882	17041.387851	8.802100e-04	1.500000e+01
1453.508524	17041.581459	8.802000e-04	1.500000e+01
1454.532144	17040.613462	8.802500e-04	1.500000e+01
1455.557758	17040.419876	8.802600e-04	1.500000e+01
1456.581795	17042.549565	8.801500e-04	1.500000e+01
1457.605712	17043.905100	8.800800e-04	1.500000e+01
1458.629588	17046.229374	8.799600e-04	1.500000e+01
1459.655400	17047.779243	8.798800e-04	1.500000e+01
1460.680543	17051.267478	8.797000e-04	1.500000e+01
1461.704723	17053.399879	8.795900e-04	1.500000e+01
