Time	SourceV	Current	Voltage
1.046605	6519633.410327	2.684200e-06	1.750000e+01
2.123280	5615994.351914	3.116100e-06	1.750000e+01
3.167666	4942246.321557	3.540900e-06	1.750000e+01
4.212427	4424331.293927	3.955400e-06	1.750000e+01
5.247924	4007878.343716	4.366400e-06	1.750000e+01
6.281058	3678093.276445	4.757900e-06	1.750000e+01
7.305657	3408117.161331	5.134800e-06	1.750000e+01
8.329479	3201961.430087	5.465400e-06	1.750000e+01
9.353999	3042102.701387	5.752600e-06	1.750000e+01
10.377716	2933632.843277	5.965300e-06	1.750000e+01
11.401517	2848400.013021	6.143800e-06	1.750000e+01
12.425541	2790267.546797	6.271800e-06	1.750000e+01
13.449983	2755601.744690	6.350700e-06	1.750000e+01
14.473998	2729683.356731	6.411000e-06	1.750000e+01
15.498157	2710362.878870	6.456700e-06	1.750000e+01
16.522764	2700367.249946	6.480600e-06	1.750000e+01
17.547604	2696165.282635	6.490700e-06	1.750000e+01
18.571697	2697786.273663	6.486800e-06	1.750000e+01
19.596199	2696705.396493	6.489400e-06	1.750000e+01
20.619911	2697786.273663	6.486800e-06	1.750000e+01
21.643854	2698202.226402	6.485800e-06	1.750000e+01
22.667718	2699784.017279	6.482000e-06	1.750000e+01
23.691594	2701367.663857	6.478200e-06	1.750000e+01
24.715425	2699201.036493	6.483400e-06	1.750000e+01
25.739717	2693426.500239	6.497300e-06	1.750000e+01
26.763008	2682609.028896	6.523500e-06	1.750000e+01
27.786847	2671225.558286	6.551300e-06	1.750000e+01
28.810815	2656022.340942	6.588800e-06	1.750000e+01
29.835826	2636892.384655	6.636600e-06	1.750000e+01
30.860668	2617096.368966	6.686800e-06	1.750000e+01
31.884807	2596092.509902	6.740900e-06	1.750000e+01
32.909480	2573415.878711	6.800300e-06	1.750000e+01
33.934503	2552248.166027	6.856700e-06	1.750000e+01
34.958515	2529450.025295	6.918500e-06	1.750000e+01
35.982029	2505153.458543	6.985600e-06	1.750000e+01
37.006652	2481600.703357	7.051900e-06	1.750000e+01
38.030942	2461183.618362	7.110400e-06	1.750000e+01
39.054849	2438922.414394	7.175300e-06	1.750000e+01
40.078690	2418630.364177	7.235500e-06	1.750000e+01
41.102590	2396669.314416	7.301800e-06	1.750000e+01
42.126871	2375716.108713	7.366200e-06	1.750000e+01
43.150711	2355347.985841	7.429900e-06	1.750000e+01
44.174745	2333426.670400	7.499700e-06	1.750000e+01
45.199198	2309346.916692	7.577900e-06	1.750000e+01
46.223585	2286953.908078	7.652100e-06	1.750000e+01
47.247607	2257452.819236	7.752100e-06	1.750000e+01
48.272034	2231915.110703	7.840800e-06	1.750000e+01
49.296123	2203170.046959	7.943100e-06	1.750000e+01
50.320846	2176021.486658	8.042200e-06	1.750000e+01
51.345769	2150167.713082	8.138900e-06	1.750000e+01
52.369961	2124611.499611	8.236800e-06	1.750000e+01
53.393982	2099781.622711	8.334200e-06	1.750000e+01
54.417915	2072575.678620	8.443600e-06	1.750000e+01
55.443527	2047957.308867	8.545100e-06	1.750000e+01
56.467782	2027034.853416	8.633300e-06	1.750000e+01
57.491751	2008078.211778	8.714800e-06	1.750000e+01
58.516751	1987461.954300	8.805200e-06	1.750000e+01
59.542639	1970121.697232	8.882700e-06	1.750000e+01
60.566000	1950664.898064	8.971300e-06	1.750000e+01
61.590649	1927971.003316	9.076900e-06	1.750000e+01
62.615145	1907232.224596	9.175600e-06	1.750000e+01
63.639878	1881740.663878	9.299900e-06	1.750000e+01
64.663772	1859387.783291	9.411700e-06	1.750000e+01
65.688020	1838640.876664	9.517900e-06	1.750000e+01
66.712310	1818786.505643	9.621800e-06	1.750000e+01
67.736904	1800170.759055	9.721300e-06	1.750000e+01
68.760639	1780989.212294	9.826000e-06	1.750000e+01
69.784787	1764006.209302	9.920600e-06	1.750000e+01
70.809346	1751050.630378	9.994000e-06	1.750000e+01
71.833644	1734734.337827	1.008800e-05	1.750000e+01
72.857072	1716022.749559	1.019800e-05	1.750000e+01
73.880853	1700349.786242	1.029200e-05	1.750000e+01
74.905103	1686096.926486	1.037900e-05	1.750000e+01
75.928790	1673360.107095	1.045800e-05	1.750000e+01
76.952638	1659239.594197	1.054700e-05	1.750000e+01
77.975949	1643038.212374	1.065100e-05	1.750000e+01
79.000174	1626696.411972	1.075800e-05	1.750000e+01
80.024658	1610676.484123	1.086500e-05	1.750000e+01
81.048998	1595259.799453	1.097000e-05	1.750000e+01
82.073019	1583137.325855	1.105400e-05	1.750000e+01
83.097293	1569929.128914	1.114700e-05	1.750000e+01
84.121868	1556247.220987	1.124500e-05	1.750000e+01
85.145643	1541578.576462	1.135200e-05	1.750000e+01
86.168963	1527983.934340	1.145300e-05	1.750000e+01
87.192902	1514364.832122	1.155600e-05	1.750000e+01
88.217701	1501759.203639	1.165300e-05	1.750000e+01
89.241663	1489234.958727	1.175100e-05	1.750000e+01
90.264949	1478165.385590	1.183900e-05	1.750000e+01
91.289454	1467259.159889	1.192700e-05	1.750000e+01
92.313657	1455543.541545	1.202300e-05	1.750000e+01
93.337855	1442585.112522	1.213100e-05	1.750000e+01
94.361725	1432312.980848	1.221800e-05	1.750000e+01
95.385984	1421839.454014	1.230800e-05	1.750000e+01
96.409930	1410153.102337	1.241000e-05	1.750000e+01
97.433632	1397986.898866	1.251800e-05	1.750000e+01
98.457638	1385151.179357	1.263400e-05	1.750000e+01
99.483202	1373734.202057	1.273900e-05	1.750000e+01
100.507112	1362928.348910	1.284000e-05	1.750000e+01
101.531695	1351664.478258	1.294700e-05	1.750000e+01
102.555881	1339456.563337	1.306500e-05	1.750000e+01
103.580376	1328777.524677	1.317000e-05	1.750000e+01
104.604696	1318168.122929	1.327600e-05	1.750000e+01
105.628868	1307629.081671	1.338300e-05	1.750000e+01
106.652634	1297353.399066	1.348900e-05	1.750000e+01
107.676264	1287616.805239	1.359100e-05	1.750000e+01
108.699869	1279613.922199	1.367600e-05	1.750000e+01
109.724821	1273282.887078	1.374400e-05	1.750000e+01
110.748602	1266005.932142	1.382300e-05	1.750000e+01
111.773272	1257003.304123	1.392200e-05	1.750000e+01
112.797033	1246261.216351	1.404200e-05	1.750000e+01
113.820986	1236050.289589	1.415800e-05	1.750000e+01
114.844897	1226864.834549	1.426400e-05	1.750000e+01
115.869295	1217221.951728	1.437700e-05	1.750000e+01
116.893777	1207479.472849	1.449300e-05	1.750000e+01
117.917997	1197563.813043	1.461300e-05	1.750000e+01
118.941997	1188616.450452	1.472300e-05	1.750000e+01
119.966361	1179722.259674	1.483400e-05	1.750000e+01
120.990103	1170960.187354	1.494500e-05	1.750000e+01
122.014872	1162095.756690	1.505900e-05	1.750000e+01
123.038966	1154125.173119	1.516300e-05	1.750000e+01
124.062992	1146037.982973	1.527000e-05	1.750000e+01
125.086572	1137397.634213	1.538600e-05	1.750000e+01
126.111615	1129177.958446	1.549800e-05	1.750000e+01
127.134968	1122226.497371	1.559400e-05	1.750000e+01
128.158787	1114720.682846	1.569900e-05	1.750000e+01
129.182728	1108085.860824	1.579300e-05	1.750000e+01
130.206854	1102015.113350	1.588000e-05	1.750000e+01
131.230739	1095324.529010	1.597700e-05	1.750000e+01
132.255049	1088308.457711	1.608000e-05	1.750000e+01
133.279055	1081047.689647	1.618800e-05	1.750000e+01
134.303047	1074872.550826	1.628100e-05	1.750000e+01
135.327085	1068506.533154	1.637800e-05	1.750000e+01
136.351129	1061828.772526	1.648100e-05	1.750000e+01
137.375091	1055361.235074	1.658200e-05	1.750000e+01
138.400649	1048406.422238	1.669200e-05	1.750000e+01
139.424868	1039686.311787	1.683200e-05	1.750000e+01
140.448772	1031353.135314	1.696800e-05	1.750000e+01
141.472706	1023511.521815	1.709800e-05	1.750000e+01
142.497746	1015611.398062	1.723100e-05	1.750000e+01
143.521769	1007194.244604	1.737500e-05	1.750000e+01
144.547597	998744.435567	1.752200e-05	1.750000e+01
145.571995	990211.056414	1.767300e-05	1.750000e+01
146.597131	982263.134261	1.781600e-05	1.750000e+01
147.621098	974441.784064	1.795900e-05	1.750000e+01
148.645640	966850.828729	1.810000e-05	1.750000e+01
149.669985	960641.159357	1.821700e-05	1.750000e+01
150.694762	953990.405582	1.834400e-05	1.750000e+01
151.718960	948303.890755	1.845400e-05	1.750000e+01
152.742956	942278.699117	1.857200e-05	1.750000e+01
153.767023	936279.492804	1.869100e-05	1.750000e+01
154.791007	929664.258394	1.882400e-05	1.750000e+01
155.815336	924116.808365	1.893700e-05	1.750000e+01
156.838984	917671.735711	1.907000e-05	1.750000e+01
157.862769	910462.514958	1.922100e-05	1.750000e+01
158.886960	904346.028629	1.935100e-05	1.750000e+01
159.910771	898172.859782	1.948400e-05	1.750000e+01
160.934791	891992.456292	1.961900e-05	1.750000e+01
161.958868	885403.491019	1.976500e-05	1.750000e+01
162.983611	878425.860857	1.992200e-05	1.750000e+01
164.007987	871296.987802	2.008500e-05	1.750000e+01
165.031999	865693.791739	2.021500e-05	1.750000e+01
166.056572	859106.529210	2.037000e-05	1.750000e+01
167.080957	852411.105699	2.053000e-05	1.750000e+01
168.104840	846146.407504	2.068200e-05	1.750000e+01
169.128919	839731.285988	2.084000e-05	1.750000e+01
170.153450	834048.231818	2.098200e-05	1.750000e+01
171.177908	827071.222648	2.115900e-05	1.750000e+01
172.201889	821403.426426	2.130500e-05	1.750000e+01
173.225916	815584.657687	2.145700e-05	1.750000e+01
174.250182	809360.836185	2.162200e-05	1.750000e+01
175.274084	803452.550388	2.178100e-05	1.750000e+01
176.297716	797411.829035	2.194600e-05	1.750000e+01
177.320793	791711.907347	2.210400e-05	1.750000e+01
178.344116	785634.118967	2.227500e-05	1.750000e+01
179.369664	780031.201248	2.243500e-05	1.750000e+01
180.393078	774062.278839	2.260800e-05	1.750000e+01
181.417135	768453.870812	2.277300e-05	1.750000e+01
182.441133	762161.926745	2.296100e-05	1.750000e+01
183.466642	756004.838431	2.314800e-05	1.750000e+01
184.490891	749978.572041	2.333400e-05	1.750000e+01
185.514944	743604.997026	2.353400e-05	1.750000e+01
186.539408	738427.781763	2.369900e-05	1.750000e+01
187.564698	733352.889410	2.386300e-05	1.750000e+01
188.589083	727499.480358	2.405500e-05	1.750000e+01
189.612689	721649.484536	2.425000e-05	1.750000e+01
190.635239	716332.378223	2.443000e-05	1.750000e+01
191.659860	711237.553343	2.460500e-05	1.750000e+01
192.683870	705559.811313	2.480300e-05	1.750000e+01
193.707737	699608.219397	2.501400e-05	1.750000e+01
194.731907	693179.117484	2.524600e-05	1.750000e+01
195.755885	687136.799120	2.546800e-05	1.750000e+01
196.779668	680907.357690	2.570100e-05	1.750000e+01
197.804020	675180.369613	2.591900e-05	1.750000e+01
198.828262	669216.061185	2.615000e-05	1.750000e+01
199.852834	662903.897875	2.639900e-05	1.750000e+01
200.877204	656463.350589	2.665800e-05	1.750000e+01
201.902083	651065.887868	2.687900e-05	1.750000e+01
202.926860	645137.506451	2.712600e-05	1.750000e+01
203.950826	639362.829272	2.737100e-05	1.750000e+01
204.975858	633598.841419	2.762000e-05	1.750000e+01
205.999889	627667.587246	2.788100e-05	1.750000e+01
207.023733	621603.381522	2.815300e-05	1.750000e+01
208.047289	615503.657850	2.843200e-05	1.750000e+01
209.071927	609543.712992	2.871000e-05	1.750000e+01
210.095847	603948.094975	2.897600e-05	1.750000e+01
211.119716	598249.692329	2.925200e-05	1.750000e+01
212.144016	591836.044506	2.956900e-05	1.750000e+01
213.168074	586245.016917	2.985100e-05	1.750000e+01
214.191944	579969.510174	3.017400e-05	1.750000e+01
215.215932	573883.386896	3.049400e-05	1.750000e+01
216.240602	568384.812758	3.078900e-05	1.750000e+01
217.264901	562212.869856	3.112700e-05	1.750000e+01
218.287822	556527.269836	3.144500e-05	1.750000e+01
219.312807	551563.287948	3.172800e-05	1.750000e+01
220.338267	545698.337959	3.206900e-05	1.750000e+01
221.363113	540223.498179	3.239400e-05	1.750000e+01
222.388104	534775.699792	3.272400e-05	1.750000e+01
223.412807	529324.581834	3.306100e-05	1.750000e+01
224.437134	522731.345959	3.347800e-05	1.750000e+01
225.461969	516087.174496	3.390900e-05	1.750000e+01
226.485165	510427.300569	3.428500e-05	1.750000e+01
227.509329	504831.963075	3.466500e-05	1.750000e+01
228.533295	498390.909350	3.511300e-05	1.750000e+01
229.558717	492596.971232	3.552600e-05	1.750000e+01
230.582046	486003.110420	3.600800e-05	1.750000e+01
231.605842	479688.613563	3.648200e-05	1.750000e+01
232.630482	473561.725388	3.695400e-05	1.750000e+01
233.654117	467364.597799	3.744400e-05	1.750000e+01
234.678038	461924.244424	3.788500e-05	1.750000e+01
235.702024	455978.529925	3.837900e-05	1.750000e+01
236.727291	450276.598482	3.886500e-05	1.750000e+01
237.751184	443779.479637	3.943400e-05	1.750000e+01
238.774960	437565.634845	3.999400e-05	1.750000e+01
239.799149	430854.075880	4.061700e-05	1.750000e+01
240.823561	424160.162878	4.125800e-05	1.750000e+01
241.847629	417681.034894	4.189800e-05	1.750000e+01
242.872008	411871.307868	4.248900e-05	1.750000e+01
243.895911	406522.951124	4.304800e-05	1.750000e+01
244.920244	400741.945087	4.366900e-05	1.750000e+01
245.943932	394846.686672	4.432100e-05	1.750000e+01
246.967798	389165.628892	4.496800e-05	1.750000e+01
247.991833	382739.540275	4.572300e-05	1.750000e+01
249.016318	376805.977219	4.644300e-05	1.750000e+01
250.040090	370880.576454	4.718500e-05	1.750000e+01
251.064132	364955.892474	4.795100e-05	1.750000e+01
252.088088	359534.864609	4.867400e-05	1.750000e+01
253.113111	354294.043811	4.939400e-05	1.750000e+01
254.137784	348939.224757	5.015200e-05	1.750000e+01
255.162706	344522.098632	5.079500e-05	1.750000e+01
256.187928	339918.031195	5.148300e-05	1.750000e+01
257.211815	336092.492654	5.206900e-05	1.750000e+01
258.235885	332320.546905	5.266000e-05	1.750000e+01
259.259901	329052.516782	5.318300e-05	1.750000e+01
260.283768	325508.723634	5.376200e-05	1.750000e+01
261.307061	322390.479349	5.428200e-05	1.750000e+01
262.331108	318396.011863	5.496300e-05	1.750000e+01
263.355184	313968.926047	5.573800e-05	1.750000e+01
264.378919	310124.226905	5.642900e-05	1.750000e+01
265.402885	306109.954696	5.716900e-05	1.750000e+01
266.426921	301542.172827	5.803500e-05	1.750000e+01
267.451783	296982.656213	5.892600e-05	1.750000e+01
268.476223	292309.748113	5.986800e-05	1.750000e+01
269.499887	287531.012273	6.086300e-05	1.750000e+01
270.525206	282938.028488	6.185100e-05	1.750000e+01
271.549714	277821.876488	6.299000e-05	1.750000e+01
272.573842	273104.653703	6.407800e-05	1.750000e+01
273.597874	268994.881412	6.505700e-05	1.750000e+01
274.622823	265031.046494	6.603000e-05	1.750000e+01
275.647017	261451.579168	6.693400e-05	1.750000e+01
276.670678	257823.089163	6.787600e-05	1.750000e+01
277.693992	254238.519315	6.883300e-05	1.750000e+01
278.719079	251480.140254	6.958800e-05	1.750000e+01
279.744026	248632.521134	7.038500e-05	1.750000e+01
280.767876	245817.589302	7.119100e-05	1.750000e+01
281.791298	243123.089747	7.198000e-05	1.750000e+01
282.815439	240189.955942	7.285900e-05	1.750000e+01
283.840884	236844.954526	7.388800e-05	1.750000e+01
284.865103	233782.195148	7.485600e-05	1.750000e+01
285.889068	230493.651546	7.592400e-05	1.750000e+01
286.913477	227219.611000	7.701800e-05	1.750000e+01
287.938215	224471.209964	7.796100e-05	1.750000e+01
288.962210	221605.946637	7.896900e-05	1.750000e+01
289.986705	218925.140112	7.993600e-05	1.750000e+01
291.010544	216292.377857	8.090900e-05	1.750000e+01
292.035100	213508.369528	8.196400e-05	1.750000e+01
293.058772	211209.809790	8.285600e-05	1.750000e+01
294.081999	208800.649072	8.381200e-05	1.750000e+01
295.105833	206346.024596	8.480900e-05	1.750000e+01
296.130664	203782.197587	8.587600e-05	1.750000e+01
297.154989	201478.274885	8.685800e-05	1.750000e+01
298.182520	199139.716425	8.787800e-05	1.750000e+01
299.210428	196914.629069	8.887100e-05	1.750000e+01
300.237848	194777.730784	8.984600e-05	1.750000e+01
301.263706	192502.310028	9.090800e-05	1.750000e+01
302.290755	190521.812026	9.185300e-05	1.750000e+01
303.318530	188532.890909	9.282200e-05	1.750000e+01
304.347492	186569.153189	9.379900e-05	1.750000e+01
305.378442	184788.232685	9.470300e-05	1.750000e+01
306.404255	183182.774539	9.553300e-05	1.750000e+01
307.430601	181499.496987	9.641900e-05	1.750000e+01
308.456289	179760.046019	9.735200e-05	1.750000e+01
309.480824	178238.595276	9.818300e-05	1.750000e+01
310.504998	176705.205230	9.903500e-05	1.750000e+01
311.529106	175238.324121	9.986400e-05	1.750000e+01
312.552867	173800.774655	1.006900e-04	1.750000e+01
313.576734	172193.250025	1.016300e-04	1.750000e+01
314.600936	170615.189627	1.025700e-04	1.750000e+01
315.625016	169147.496617	1.034600e-04	1.750000e+01
316.648777	167640.578599	1.043900e-04	1.750000e+01
317.673176	166176.051657	1.053100e-04	1.750000e+01
318.697054	164628.410160	1.063000e-04	1.750000e+01
319.721401	163078.930202	1.073100e-04	1.750000e+01
320.745653	161618.027337	1.082800e-04	1.750000e+01
321.770859	160124.439564	1.092900e-04	1.750000e+01
322.794809	158744.557329	1.102400e-04	1.750000e+01
323.818866	157359.949645	1.112100e-04	1.750000e+01
324.844381	156068.848658	1.121300e-04	1.750000e+01
325.869083	154908.382756	1.129700e-04	1.750000e+01
326.893073	153589.608566	1.139400e-04	1.750000e+01
327.917089	152293.098947	1.149100e-04	1.750000e+01
328.941842	151109.576030	1.158100e-04	1.750000e+01
329.966165	149944.306400	1.167100e-04	1.750000e+01
330.989954	148847.495109	1.175700e-04	1.750000e+01
332.013904	147679.324895	1.185000e-04	1.750000e+01
333.038464	146492.549807	1.194600e-04	1.750000e+01
334.062808	145324.696894	1.204200e-04	1.750000e+01
335.086193	144092.219020	1.214500e-04	1.750000e+01
336.109739	142985.538034	1.223900e-04	1.750000e+01
337.134441	141838.223375	1.233800e-04	1.750000e+01
338.159171	140765.765766	1.243200e-04	1.750000e+01
339.182985	139653.658926	1.253100e-04	1.750000e+01
340.207285	138602.882940	1.262600e-04	1.750000e+01
341.231794	137546.176216	1.272300e-04	1.750000e+01
342.256270	136537.411251	1.281700e-04	1.750000e+01
343.280219	135669.431739	1.289900e-04	1.750000e+01
344.304147	134739.759778	1.298800e-04	1.750000e+01
345.327959	133822.742219	1.307700e-04	1.750000e+01
346.352038	132837.407014	1.317400e-04	1.750000e+01
347.375214	131856.540084	1.327200e-04	1.750000e+01
348.399100	130929.223403	1.336600e-04	1.750000e+01
349.423575	129966.580022	1.346500e-04	1.750000e+01
350.447239	129046.530492	1.356100e-04	1.750000e+01
351.472138	128120.653049	1.365900e-04	1.750000e+01
352.496058	127226.463104	1.375500e-04	1.750000e+01
353.520659	126326.427489	1.385300e-04	1.750000e+01
354.545203	125448.028674	1.395000e-04	1.750000e+01
355.569777	124564.025909	1.404900e-04	1.750000e+01
356.593163	123744.873427	1.414200e-04	1.750000e+01
357.617121	122901.889178	1.423900e-04	1.750000e+01
358.641141	122002.230898	1.434400e-04	1.750000e+01
359.665221	121132.415034	1.444700e-04	1.750000e+01
360.689099	120291.448996	1.454800e-04	1.750000e+01
361.713681	119462.079323	1.464900e-04	1.750000e+01
362.737949	118692.349430	1.474400e-04	1.750000e+01
363.761702	117876.869190	1.484600e-04	1.750000e+01
364.785011	117096.018735	1.494500e-04	1.750000e+01
365.808819	116340.912113	1.504200e-04	1.750000e+01
366.833236	115542.057309	1.514600e-04	1.750000e+01
367.856938	114806.796562	1.524300e-04	1.750000e+01
368.881046	114058.528319	1.534300e-04	1.750000e+01
369.905394	113283.272916	1.544800e-04	1.750000e+01
370.929206	112532.956080	1.555100e-04	1.750000e+01
371.953805	111799.655018	1.565300e-04	1.750000e+01
372.977252	111040.609137	1.576000e-04	1.750000e+01
374.001908	110284.850013	1.586800e-04	1.750000e+01
375.026785	109580.463369	1.597000e-04	1.750000e+01
376.051033	108878.243016	1.607300e-04	1.750000e+01
377.075151	108205.033080	1.617300e-04	1.750000e+01
378.098823	107546.705998	1.627200e-04	1.750000e+01
379.122327	106850.653315	1.637800e-04	1.750000e+01
380.147102	106118.488873	1.649100e-04	1.750000e+01
381.171963	105440.742303	1.659700e-04	1.750000e+01
382.196438	104752.783431	1.670600e-04	1.750000e+01
383.220844	104061.366474	1.681700e-04	1.750000e+01
384.244195	103360.699309	1.693100e-04	1.750000e+01
385.268828	102705.557838	1.703900e-04	1.750000e+01
386.293356	102052.717518	1.714800e-04	1.750000e+01
387.317809	101331.789230	1.727000e-04	1.750000e+01
388.342061	100707.832192	1.737700e-04	1.750000e+01
389.366123	100108.689434	1.748100e-04	1.750000e+01
390.390759	99539.275354	1.758100e-04	1.750000e+01
391.414956	98931.539375	1.768900e-04	1.750000e+01
392.439099	98331.179412	1.779700e-04	1.750000e+01
393.463215	97759.901681	1.790100e-04	1.750000e+01
394.487173	97189.825614	1.800600e-04	1.750000e+01
395.510946	96589.027486	1.811800e-04	1.750000e+01
396.535148	95974.553033	1.823400e-04	1.750000e+01
397.558966	95357.454228	1.835200e-04	1.750000e+01
398.583179	94753.370513	1.846900e-04	1.750000e+01
399.606988	94172.092773	1.858300e-04	1.750000e+01
400.631071	93592.897636	1.869800e-04	1.750000e+01
401.655203	92996.067595	1.881800e-04	1.750000e+01
402.679468	92445.853143	1.893000e-04	1.750000e+01
403.703787	91873.162537	1.904800e-04	1.750000e+01
404.727322	91350.420212	1.915700e-04	1.750000e+01
405.751097	90828.878393	1.926700e-04	1.750000e+01
406.777016	90248.053221	1.939100e-04	1.750000e+01
407.801110	89725.184578	1.950400e-04	1.750000e+01
408.825997	89167.430959	1.962600e-04	1.750000e+01
409.849920	88643.501165	1.974200e-04	1.750000e+01
410.873985	88121.254847	1.985900e-04	1.750000e+01
411.898500	87640.224359	1.996800e-04	1.750000e+01
412.923106	87147.054430	2.008100e-04	1.750000e+01
413.946896	86612.224697	2.020500e-04	1.750000e+01
414.970799	86092.389433	2.032700e-04	1.750000e+01
415.995849	85587.127696	2.044700e-04	1.750000e+01
417.020006	85108.452485	2.056200e-04	1.750000e+01
418.043347	84647.383187	2.067400e-04	1.750000e+01
419.066732	84187.232405	2.078700e-04	1.750000e+01
420.092365	83732.057416	2.090000e-04	1.750000e+01
421.117348	83285.741481	2.101200e-04	1.750000e+01
422.141222	82832.394566	2.112700e-04	1.750000e+01
423.165118	82380.078143	2.124300e-04	1.750000e+01
424.190085	81905.831695	2.136600e-04	1.750000e+01
425.215246	81440.804170	2.148800e-04	1.750000e+01
426.239203	80962.294703	2.161500e-04	1.750000e+01
427.263329	80493.077595	2.174100e-04	1.750000e+01
428.288194	80029.267847	2.186700e-04	1.750000e+01
429.312965	79567.154679	2.199400e-04	1.750000e+01
430.336877	79131.810988	2.211500e-04	1.750000e+01
431.360062	78669.363902	2.224500e-04	1.750000e+01
432.384339	78208.795138	2.237600e-04	1.750000e+01
433.408140	77760.497667	2.250500e-04	1.750000e+01
434.431886	77368.583934	2.261900e-04	1.750000e+01
435.456138	76960.288491	2.273900e-04	1.750000e+01
436.480515	76549.582258	2.286100e-04	1.750000e+01
437.505041	76156.490709	2.297900e-04	1.750000e+01
438.528868	75754.296351	2.310100e-04	1.750000e+01
439.552243	75349.838536	2.322500e-04	1.750000e+01
440.576733	74991.429551	2.333600e-04	1.750000e+01
441.601136	74610.957152	2.345500e-04	1.750000e+01
442.625238	74250.074250	2.356900e-04	1.750000e+01
443.648873	73836.546981	2.370100e-04	1.750000e+01
444.673120	73458.422533	2.382300e-04	1.750000e+01
445.697169	73050.592753	2.395600e-04	1.750000e+01
446.720897	72656.314872	2.408600e-04	1.750000e+01
447.744854	72266.270235	2.421600e-04	1.750000e+01
448.768131	71856.779174	2.435400e-04	1.750000e+01
449.792048	71454.820138	2.449100e-04	1.750000e+01
450.815877	71091.972701	2.461600e-04	1.750000e+01
451.839047	70732.791722	2.474100e-04	1.750000e+01
452.863547	70365.902694	2.487000e-04	1.750000e+01
453.888082	69955.228654	2.501600e-04	1.750000e+01
454.912002	69568.674220	2.515500e-04	1.750000e+01
455.935993	69194.575145	2.529100e-04	1.750000e+01
456.960665	68824.477917	2.542700e-04	1.750000e+01
457.985169	68482.429365	2.555400e-04	1.750000e+01
459.010842	68127.846771	2.568700e-04	1.750000e+01
460.034995	67782.167480	2.581800e-04	1.750000e+01
461.059716	67424.388364	2.595500e-04	1.750000e+01
462.084094	67070.366396	2.609200e-04	1.750000e+01
463.107983	66722.586549	2.622800e-04	1.750000e+01
464.131837	66411.141892	2.635100e-04	1.750000e+01
465.155824	66055.184388	2.649300e-04	1.750000e+01
466.180109	65717.826430	2.662900e-04	1.750000e+01
467.203847	65391.226366	2.676200e-04	1.750000e+01
468.228063	65101.744727	2.688100e-04	1.750000e+01
469.252441	64788.419533	2.701100e-04	1.750000e+01
470.277256	64487.599956	2.713700e-04	1.750000e+01
471.301293	64147.208680	2.728100e-04	1.750000e+01
472.325006	63826.683201	2.741800e-04	1.750000e+01
473.349952	63520.871143	2.755000e-04	1.750000e+01
474.374366	63183.738311	2.769700e-04	1.750000e+01
475.399127	62852.422512	2.784300e-04	1.750000e+01
476.423198	62511.162708	2.799500e-04	1.750000e+01
477.447206	62153.715016	2.815600e-04	1.750000e+01
478.473273	61839.640977	2.829900e-04	1.750000e+01
479.498764	61528.725125	2.844200e-04	1.750000e+01
480.521792	61220.920063	2.858500e-04	1.750000e+01
481.544938	60907.698733	2.873200e-04	1.750000e+01
482.569506	60599.764527	2.887800e-04	1.750000e+01
483.594215	60309.473757	2.901700e-04	1.750000e+01
484.618093	60036.364884	2.914900e-04	1.750000e+01
485.641896	59765.718384	2.928100e-04	1.750000e+01
486.665670	59505.593526	2.940900e-04	1.750000e+01
487.690853	59189.609687	2.956600e-04	1.750000e+01
488.714276	58888.851499	2.971700e-04	1.750000e+01
489.739294	58589.172721	2.986900e-04	1.750000e+01
490.763452	58308.066505	3.001300e-04	1.750000e+01
491.787996	58035.418187	3.015400e-04	1.750000e+01
492.811820	57744.341055	3.030600e-04	1.750000e+01
493.835285	57458.055619	3.045700e-04	1.750000e+01
494.859940	57180.199314	3.060500e-04	1.750000e+01
495.884221	56895.766955	3.075800e-04	1.750000e+01
496.907889	56603.163308	3.091700e-04	1.750000e+01
497.932280	56340.748849	3.106100e-04	1.750000e+01
498.956967	56093.339317	3.119800e-04	1.750000e+01
499.981000	55837.401487	3.134100e-04	1.750000e+01
501.004762	55574.962685	3.148900e-04	1.750000e+01
502.028171	55313.230925	3.163800e-04	1.750000e+01
503.052375	55045.294414	3.179200e-04	1.750000e+01
504.076899	54783.370899	3.194400e-04	1.750000e+01
505.100109	54506.945742	3.210600e-04	1.750000e+01
506.124156	54238.338757	3.226500e-04	1.750000e+01
507.148613	53982.355482	3.241800e-04	1.750000e+01
508.173104	53732.076514	3.256900e-04	1.750000e+01
509.197184	53485.742229	3.271900e-04	1.750000e+01
510.221218	53238.416842	3.287100e-04	1.750000e+01
511.245248	52993.368258	3.302300e-04	1.750000e+01
512.269948	52760.107329	3.316900e-04	1.750000e+01
513.294011	52524.161114	3.331800e-04	1.750000e+01
514.317870	52302.818375	3.345900e-04	1.750000e+01
515.342105	52049.253465	3.362200e-04	1.750000e+01
516.366805	51801.201788	3.378300e-04	1.750000e+01
517.390886	51541.837246	3.395300e-04	1.750000e+01
518.414043	51316.638320	3.410200e-04	1.750000e+01
519.438133	51103.843009	3.424400e-04	1.750000e+01
520.461999	50883.926495	3.439200e-04	1.750000e+01
521.486330	50657.094888	3.454600e-04	1.750000e+01
522.510330	50420.652299	3.470800e-04	1.750000e+01
523.534952	50186.406653	3.487000e-04	1.750000e+01
524.558818	49961.458304	3.502700e-04	1.750000e+01
525.583396	49718.734019	3.519800e-04	1.750000e+01
526.608244	49468.566260	3.537600e-04	1.750000e+01
527.632857	49255.537730	3.552900e-04	1.750000e+01
528.657920	49033.342673	3.569000e-04	1.750000e+01
529.682927	48807.697671	3.585500e-04	1.750000e+01
530.706282	48580.073842	3.602300e-04	1.750000e+01
531.730016	48357.235624	3.618900e-04	1.750000e+01
532.754117	48135.108373	3.635600e-04	1.750000e+01
533.779131	47912.388775	3.652500e-04	1.750000e+01
534.803060	47704.721404	3.668400e-04	1.750000e+01
535.826904	47497.557268	3.684400e-04	1.750000e+01
536.850350	47270.468113	3.702100e-04	1.750000e+01
537.873844	47060.721777	3.718600e-04	1.750000e+01
538.898260	46829.007225	3.737000e-04	1.750000e+01
539.923402	46613.216845	3.754300e-04	1.750000e+01
540.947365	46396.945755	3.771800e-04	1.750000e+01
541.972080	46194.863131	3.788300e-04	1.750000e+01
542.997084	45994.533221	3.804800e-04	1.750000e+01
544.020940	45779.161326	3.822700e-04	1.750000e+01
545.045073	45575.290380	3.839800e-04	1.750000e+01
546.070190	45364.993779	3.857600e-04	1.750000e+01
547.094144	45162.455805	3.874900e-04	1.750000e+01
548.118068	44942.088908	3.893900e-04	1.750000e+01
549.143179	44752.454992	3.910400e-04	1.750000e+01
550.168030	44559.875742	3.927300e-04	1.750000e+01
551.192105	44366.697090	3.944400e-04	1.750000e+01
552.215934	44168.496504	3.962100e-04	1.750000e+01
553.239674	43973.163806	3.979700e-04	1.750000e+01
554.264218	43782.837128	3.997000e-04	1.750000e+01
555.288247	43593.064966	4.014400e-04	1.750000e+01
556.312127	43379.108621	4.034200e-04	1.750000e+01
557.337182	43186.417255	4.052200e-04	1.750000e+01
558.361255	43002.825900	4.069500e-04	1.750000e+01
559.385252	42814.503107	4.087400e-04	1.750000e+01
560.409331	42629.899393	4.105100e-04	1.750000e+01
561.433394	42446.880761	4.122800e-04	1.750000e+01
562.457021	42255.221538	4.141500e-04	1.750000e+01
563.481232	42062.252133	4.160500e-04	1.750000e+01
564.505040	41863.024185	4.180300e-04	1.750000e+01
565.529498	41675.597152	4.199100e-04	1.750000e+01
566.553092	41494.759805	4.217400e-04	1.750000e+01
567.576969	41304.758308	4.236800e-04	1.750000e+01
568.600009	41124.218640	4.255400e-04	1.750000e+01
569.624763	40951.957504	4.273300e-04	1.750000e+01
570.649160	40774.482164	4.291900e-04	1.750000e+01
571.672977	40593.829738	4.311000e-04	1.750000e+01
572.697153	40425.974266	4.328900e-04	1.750000e+01
573.721882	40247.464410	4.348100e-04	1.750000e+01
574.747110	40075.112210	4.366800e-04	1.750000e+01
575.770958	39885.130823	4.387600e-04	1.750000e+01
576.794326	39710.454061	4.406900e-04	1.750000e+01
577.820071	39540.873966	4.425800e-04	1.750000e+01
578.845104	39374.507819	4.444500e-04	1.750000e+01
579.869185	39198.996506	4.464400e-04	1.750000e+01
580.893114	39025.042928	4.484300e-04	1.750000e+01
581.917483	38845.726970	4.505000e-04	1.750000e+01
582.943789	38666.342606	4.525900e-04	1.750000e+01
583.968044	38491.147036	4.546500e-04	1.750000e+01
584.992036	38319.209967	4.566900e-04	1.750000e+01
586.015953	38167.106497	4.585100e-04	1.750000e+01
587.041150	38000.521150	4.605200e-04	1.750000e+01
588.066139	37846.020761	4.624000e-04	1.750000e+01
589.090106	37687.089480	4.643500e-04	1.750000e+01
590.114097	37521.440823	4.664000e-04	1.750000e+01
591.139058	37380.382775	4.681600e-04	1.750000e+01
592.163201	37222.954865	4.701400e-04	1.750000e+01
593.187381	37060.567556	4.722000e-04	1.750000e+01
594.211291	36898.034916	4.742800e-04	1.750000e+01
595.236029	36746.950003	4.762300e-04	1.750000e+01
596.260814	36590.210551	4.782700e-04	1.750000e+01
597.284031	36435.561108	4.803000e-04	1.750000e+01
598.308435	36276.948590	4.824000e-04	1.750000e+01
599.332804	36124.930330	4.844300e-04	1.750000e+01
600.356956	35969.744307	4.865200e-04	1.750000e+01
601.380073	35815.885880	4.886100e-04	1.750000e+01
602.404207	35651.713319	4.908600e-04	1.750000e+01
603.428694	35491.917983	4.930700e-04	1.750000e+01
604.453006	35339.256866	4.952000e-04	1.750000e+01
605.476999	35182.244024	4.974100e-04	1.750000e+01
606.501338	35016.808068	4.997600e-04	1.750000e+01
607.526116	34859.168957	5.020200e-04	1.750000e+01
608.550355	34700.878428	5.043100e-04	1.750000e+01
609.574394	34552.885660	5.064700e-04	1.750000e+01
610.598326	34400.062903	5.087200e-04	1.750000e+01
611.622147	34249.926607	5.109500e-04	1.750000e+01
612.647267	34096.444228	5.132500e-04	1.750000e+01
613.671261	33941.039566	5.156000e-04	1.750000e+01
614.695134	33796.832754	5.178000e-04	1.750000e+01
615.718944	33647.375505	5.201000e-04	1.750000e+01
616.743118	33510.139211	5.222300e-04	1.750000e+01
617.766809	33371.472159	5.244000e-04	1.750000e+01
618.791137	33237.104004	5.265200e-04	1.750000e+01
619.815177	33089.417059	5.288700e-04	1.750000e+01
620.839014	32959.789057	5.309500e-04	1.750000e+01
621.862878	32828.093344	5.330800e-04	1.750000e+01
622.886400	32685.231878	5.354100e-04	1.750000e+01
623.910648	32544.818865	5.377200e-04	1.750000e+01
624.935425	32402.607021	5.400800e-04	1.750000e+01
625.959257	32243.205896	5.427500e-04	1.750000e+01
626.983040	32094.780472	5.452600e-04	1.750000e+01
628.008543	31941.884024	5.478700e-04	1.750000e+01
629.033127	31800.258036	5.503100e-04	1.750000e+01
630.057118	31657.018813	5.528000e-04	1.750000e+01
631.081283	31519.605194	5.552100e-04	1.750000e+01
632.105572	31385.067881	5.575900e-04	1.750000e+01
633.129320	31242.189453	5.601400e-04	1.750000e+01
634.152391	31105.028350	5.626100e-04	1.750000e+01
635.176207	30959.752322	5.652500e-04	1.750000e+01
636.200438	30824.511652	5.677300e-04	1.750000e+01
637.224965	30697.445972	5.700800e-04	1.750000e+01
638.249088	30565.550005	5.725400e-04	1.750000e+01
639.273134	30428.432327	5.751200e-04	1.750000e+01
640.297582	30293.588146	5.776800e-04	1.750000e+01
641.322846	30164.612600	5.801500e-04	1.750000e+01
642.346971	30030.545355	5.827400e-04	1.750000e+01
643.370351	29898.175357	5.853200e-04	1.750000e+01
644.394770	29760.892487	5.880200e-04	1.750000e+01
645.419193	29627.372306	5.906700e-04	1.750000e+01
646.443167	29498.525074	5.932500e-04	1.750000e+01
647.467108	29365.865118	5.959300e-04	1.750000e+01
648.491251	29238.789013	5.985200e-04	1.750000e+01
649.515370	29102.640857	6.013200e-04	1.750000e+01
650.538911	28964.878016	6.041800e-04	1.750000e+01
651.562234	28841.716659	6.067600e-04	1.750000e+01
652.586364	28709.703880	6.095500e-04	1.750000e+01
653.610213	28578.427370	6.123500e-04	1.750000e+01
654.634300	28445.109067	6.152200e-04	1.750000e+01
655.658224	28310.738668	6.181400e-04	1.750000e+01
656.683493	28176.270750	6.210900e-04	1.750000e+01
657.707948	28057.911529	6.237100e-04	1.750000e+01
658.731899	27940.096433	6.263400e-04	1.750000e+01
659.755331	27821.497273	6.290100e-04	1.750000e+01
660.779680	27693.817158	6.319100e-04	1.750000e+01
661.804226	27571.646894	6.347100e-04	1.750000e+01
662.828289	27449.258086	6.375400e-04	1.750000e+01
663.852297	27324.537435	6.404500e-04	1.750000e+01
664.876773	27201.367840	6.433500e-04	1.750000e+01
665.900803	27072.182173	6.464200e-04	1.750000e+01
666.925158	26950.026950	6.493500e-04	1.750000e+01
667.948841	26831.848638	6.522100e-04	1.750000e+01
668.972833	26713.478858	6.551000e-04	1.750000e+01
669.997999	26586.855459	6.582200e-04	1.750000e+01
671.022067	26454.226630	6.615200e-04	1.750000e+01
672.046279	26317.372474	6.649600e-04	1.750000e+01
673.070277	26194.467728	6.680800e-04	1.750000e+01
674.094307	26059.505018	6.715400e-04	1.750000e+01
675.119241	25942.067657	6.745800e-04	1.750000e+01
676.143178	25821.873340	6.777200e-04	1.750000e+01
677.167359	25696.748994	6.810200e-04	1.750000e+01
678.191245	25568.721418	6.844300e-04	1.750000e+01
679.215149	25444.182733	6.877800e-04	1.750000e+01
680.239168	25323.416201	6.910600e-04	1.750000e+01
681.263355	25204.879665	6.943100e-04	1.750000e+01
682.286847	25077.740997	6.978300e-04	1.750000e+01
683.311390	24962.556166	7.010500e-04	1.750000e+01
684.335242	24850.188861	7.042200e-04	1.750000e+01
685.359955	24739.528111	7.073700e-04	1.750000e+01
686.383955	24624.649978	7.106700e-04	1.750000e+01
687.408065	24509.803922	7.140000e-04	1.750000e+01
688.431890	24386.505205	7.176100e-04	1.750000e+01
689.455195	24266.459593	7.211600e-04	1.750000e+01
690.479143	24144.591611	7.248000e-04	1.750000e+01
691.504081	24029.879439	7.282600e-04	1.750000e+01
692.528108	23916.252118	7.317200e-04	1.750000e+01
693.552068	23801.104371	7.352600e-04	1.750000e+01
694.576242	23686.739486	7.388100e-04	1.750000e+01
695.601311	23561.407760	7.427400e-04	1.750000e+01
696.626084	23430.491773	7.468900e-04	1.750000e+01
697.650101	23308.160520	7.508100e-04	1.750000e+01
698.674594	23199.703044	7.543200e-04	1.750000e+01
699.699298	23091.640826	7.578500e-04	1.750000e+01
700.722997	22981.260424	7.614900e-04	1.750000e+01
701.746252	22866.252025	7.653200e-04	1.750000e+01
702.770476	22752.093193	7.691600e-04	1.750000e+01
703.795162	22630.285788	7.733000e-04	1.750000e+01
704.819299	22516.436999	7.772100e-04	1.750000e+01
705.843049	22401.720452	7.811900e-04	1.750000e+01
706.868132	22288.450762	7.851600e-04	1.750000e+01
707.892987	22174.915735	7.891800e-04	1.750000e+01
708.917333	22070.322353	7.929200e-04	1.750000e+01
709.941460	21964.229683	7.967500e-04	1.750000e+01
710.966118	21855.876108	8.007000e-04	1.750000e+01
711.990232	21760.214867	8.042200e-04	1.750000e+01
713.015068	21660.828558	8.079100e-04	1.750000e+01
714.039160	21566.597654	8.114400e-04	1.750000e+01
715.063873	21462.648859	8.153700e-04	1.750000e+01
716.088259	21365.695240	8.190700e-04	1.750000e+01
717.112122	21257.470482	8.232400e-04	1.750000e+01
718.135979	21147.525135	8.275200e-04	1.750000e+01
719.159264	21041.746826	8.316800e-04	1.750000e+01
720.182944	20940.528898	8.357000e-04	1.750000e+01
721.207081	20841.024664	8.396900e-04	1.750000e+01
722.232128	20740.003318	8.437800e-04	1.750000e+01
723.256660	20641.173834	8.478200e-04	1.750000e+01
724.281376	20553.656789	8.514300e-04	1.750000e+01
725.305005	20470.469885	8.548900e-04	1.750000e+01
726.329222	20367.546933	8.592100e-04	1.750000e+01
727.353808	20272.461888	8.632400e-04	1.750000e+01
728.378242	20186.639905	8.669100e-04	1.750000e+01
729.403037	20105.005572	8.704300e-04	1.750000e+01
730.427971	20024.028835	8.739500e-04	1.750000e+01
731.451457	19941.429174	8.775700e-04	1.750000e+01
732.476142	19861.762136	8.810900e-04	1.750000e+01
733.500382	19787.873991	8.843800e-04	1.750000e+01
734.524296	19708.982791	8.879200e-04	1.750000e+01
735.548365	19640.852974	8.910000e-04	1.750000e+01
736.572242	19569.033961	8.942700e-04	1.750000e+01
737.597096	19494.045961	8.977100e-04	1.750000e+01
738.621138	19421.570151	9.010600e-04	1.750000e+01
739.644970	19349.417306	9.044200e-04	1.750000e+01
740.668296	19275.887517	9.078700e-04	1.750000e+01
741.692311	19200.175544	9.114500e-04	1.750000e+01
742.716385	19133.210881	9.146400e-04	1.750000e+01
743.740484	19066.919440	9.178200e-04	1.750000e+01
744.764505	19003.561810	9.208800e-04	1.750000e+01
745.788496	18937.139518	9.241100e-04	1.750000e+01
746.812388	18876.268755	9.270900e-04	1.750000e+01
747.836215	18817.406639	9.299900e-04	1.750000e+01
748.860939	18748.058237	9.334300e-04	1.750000e+01
749.885148	18684.204907	9.366200e-04	1.750000e+01
750.909197	18619.200119	9.398900e-04	1.750000e+01
751.933198	18556.810349	9.430500e-04	1.750000e+01
752.957092	18499.920715	9.459500e-04	1.750000e+01
753.980889	18445.128378	9.487600e-04	1.750000e+01
755.004228	18387.181508	9.517500e-04	1.750000e+01
756.028192	18336.319534	9.543900e-04	1.750000e+01
757.052279	18281.153697	9.572700e-04	1.750000e+01
758.076270	18229.166667	9.600000e-04	1.750000e+01
759.100163	18178.796252	9.626600e-04	1.750000e+01
760.124508	18133.587549	9.650600e-04	1.750000e+01
761.149299	18095.523684	9.670900e-04	1.750000e+01
762.173309	18064.516129	9.687500e-04	1.750000e+01
763.196987	18036.216723	9.702700e-04	1.750000e+01
764.222041	18018.203534	9.712400e-04	1.750000e+01
765.246222	17998.930349	9.722800e-04	1.750000e+01
766.269936	17980.437284	9.732800e-04	1.750000e+01
767.293114	17961.060421	9.743300e-04	1.750000e+01
768.317486	17942.093176	9.753600e-04	1.750000e+01
769.342230	17926.838013	9.761900e-04	1.750000e+01
770.366311	17911.608770	9.770200e-04	1.750000e+01
771.390323	17892.562828	9.780600e-04	1.750000e+01
772.414247	17877.757006	9.788700e-04	1.750000e+01
773.438324	17863.887386	9.796300e-04	1.750000e+01
774.463163	17855.503066	9.800900e-04	1.750000e+01
775.487142	17849.675136	9.804100e-04	1.750000e+01
776.511064	17837.485220	9.810800e-04	1.750000e+01
777.534956	17826.219823	9.817000e-04	1.750000e+01
778.560197	17813.155270	9.824200e-04	1.750000e+01
779.584400	17801.377318	9.830700e-04	1.750000e+01
780.608445	17792.689746	9.835500e-04	1.750000e+01
781.633284	17782.203571	9.841300e-04	1.750000e+01
782.657902	17769.744725	9.848200e-04	1.750000e+01
783.681281	17754.060607	9.856900e-04	1.750000e+01
784.705116	17738.224353	9.865700e-04	1.750000e+01
785.729841	17731.035391	9.869700e-04	1.750000e+01
786.754925	17722.595803	9.874400e-04	1.750000e+01
787.778425	17709.861863	9.881500e-04	1.750000e+01
788.802447	17699.115044	9.887500e-04	1.750000e+01
789.827085	17685.878584	9.894900e-04	1.750000e+01
790.852299	17675.517893	9.900700e-04	1.750000e+01
791.876312	17665.347654	9.906400e-04	1.750000e+01
792.900297	17654.120472	9.912700e-04	1.750000e+01
793.924801	17647.355418	9.916500e-04	1.750000e+01
794.949312	17637.750834	9.921900e-04	1.750000e+01
795.973121	17625.315997	9.928900e-04	1.750000e+01
796.997163	17614.671512	9.934900e-04	1.750000e+01
798.021264	17603.685709	9.941100e-04	1.750000e+01
799.045341	17602.977418	9.941500e-04	1.750000e+01
800.069205	17601.738046	9.942200e-04	1.750000e+01
801.093012	17592.359889	9.947500e-04	1.750000e+01
802.116893	17583.521728	9.952500e-04	1.750000e+01
803.142122	17576.457591	9.956500e-04	1.750000e+01
804.165931	17560.584015	9.965500e-04	1.750000e+01
805.190296	17545.970443	9.973800e-04	1.750000e+01
806.214222	17537.706068	9.978500e-04	1.750000e+01
807.238322	17532.610656	9.981400e-04	1.750000e+01
808.262085	17530.503075	9.982600e-04	1.750000e+01
809.285384	17525.060837	9.985700e-04	1.750000e+01
810.309839	17516.465478	9.990600e-04	1.750000e+01
811.334463	17508.754377	9.995000e-04	1.750000e+01
812.358210	17577.340297	9.956000e-04	1.750000e+01
813.383334	17568.517217	9.961000e-04	1.750000e+01
814.407447	17557.941206	9.967000e-04	1.750000e+01
815.432319	17550.897603	9.971000e-04	1.750000e+01
816.456989	17545.618608	9.974000e-04	1.750000e+01
817.480277	17540.342788	9.977000e-04	1.750000e+01
818.504777	17533.313295	9.981000e-04	1.750000e+01
819.529183	17531.556802	9.982000e-04	1.750000e+01
820.552952	17521.025230	9.988000e-04	1.750000e+01
821.576259	17512.258581	9.993000e-04	1.750000e+01
822.600835	17508.754377	9.995000e-04	1.750000e+01
823.625304	17500.000000	1.000000e-03	1.750000e+01
824.648976	17491.254373	1.000500e-03	1.750000e+01
825.672272	17482.517483	1.001000e-03	1.750000e+01
826.696140	17472.044728	1.001600e-03	1.750000e+01
827.721013	17461.584514	1.002200e-03	1.750000e+01
828.744361	17451.136817	1.002800e-03	1.750000e+01
829.768392	17444.178628	1.003200e-03	1.750000e+01
830.792313	17438.963627	1.003500e-03	1.750000e+01
831.816346	17430.278884	1.004000e-03	1.750000e+01
832.840046	17428.542974	1.004100e-03	1.750000e+01
833.864324	17426.807409	1.004200e-03	1.750000e+01
834.888262	17425.072190	1.004300e-03	1.750000e+01
835.912316	17414.668126	1.004900e-03	1.750000e+01
836.935506	17406.007559	1.005400e-03	1.750000e+01
837.959200	17404.276479	1.005500e-03	1.750000e+01
838.982446	17404.276479	1.005500e-03	1.750000e+01
840.007423	17399.085305	1.005800e-03	1.750000e+01
841.031523	17392.168555	1.006200e-03	1.750000e+01
842.055486	17388.712242	1.006400e-03	1.750000e+01
843.079753	17380.077465	1.006900e-03	1.750000e+01
844.104375	17376.625956	1.007100e-03	1.750000e+01
845.128308	17371.451261	1.007400e-03	1.750000e+01
846.152271	17362.833614	1.007900e-03	1.750000e+01
847.176772	17357.667130	1.008200e-03	1.750000e+01
848.201233	17354.224514	1.008400e-03	1.750000e+01
849.225233	17347.343378	1.008800e-03	1.750000e+01
850.249093	17338.749628	1.009300e-03	1.750000e+01
851.273013	17331.880757	1.009700e-03	1.750000e+01
852.297374	17326.732673	1.010000e-03	1.750000e+01
853.320830	17326.732673	1.010000e-03	1.750000e+01
854.344406	17318.159327	1.010500e-03	1.750000e+01
855.368971	17314.732364	1.010700e-03	1.750000e+01
856.393435	17306.170886	1.011200e-03	1.750000e+01
857.416897	17297.617871	1.011700e-03	1.750000e+01
858.439277	17294.199032	1.011900e-03	1.750000e+01
859.463401	17292.490119	1.012000e-03	1.750000e+01
860.487968	17292.490119	1.012000e-03	1.750000e+01
861.512093	17287.365406	1.012300e-03	1.750000e+01
862.535370	17283.950617	1.012500e-03	1.750000e+01
863.559540	17285.657843	1.012400e-03	1.750000e+01
864.583761	17287.365406	1.012300e-03	1.750000e+01
865.607944	17287.365406	1.012300e-03	1.750000e+01
866.631825	17283.950617	1.012500e-03	1.750000e+01
867.655328	17278.830964	1.012800e-03	1.750000e+01
868.680252	17270.304944	1.013300e-03	1.750000e+01
869.704042	17268.600750	1.013400e-03	1.750000e+01
870.727357	17261.787335	1.013800e-03	1.750000e+01
871.751208	17260.084821	1.013900e-03	1.750000e+01
872.776002	17256.680801	1.014100e-03	1.750000e+01
873.800470	17253.278123	1.014300e-03	1.750000e+01
874.824970	17244.777296	1.014800e-03	1.750000e+01
875.848799	17239.680820	1.015100e-03	1.750000e+01
876.872948	17239.680820	1.015100e-03	1.750000e+01
877.896045	17239.680820	1.015100e-03	1.750000e+01
878.919667	17239.680820	1.015100e-03	1.750000e+01
879.946172	17232.890202	1.015500e-03	1.750000e+01
880.971627	17224.409449	1.016000e-03	1.750000e+01
881.995746	17224.409449	1.016000e-03	1.750000e+01
883.019188	17222.714300	1.016100e-03	1.750000e+01
884.043432	17222.714300	1.016100e-03	1.750000e+01
885.066969	17222.714300	1.016100e-03	1.750000e+01
886.089864	17222.714300	1.016100e-03	1.750000e+01
887.114273	17217.630854	1.016400e-03	1.750000e+01
888.138962	17209.165110	1.016900e-03	1.750000e+01
889.163296	17202.398506	1.017300e-03	1.750000e+01
890.187332	17199.017199	1.017500e-03	1.750000e+01
891.211187	17200.707686	1.017400e-03	1.750000e+01
892.235821	17193.947730	1.017800e-03	1.750000e+01
893.260395	17185.505254	1.018300e-03	1.750000e+01
894.285024	17182.130584	1.018500e-03	1.750000e+01
895.308432	17178.757240	1.018700e-03	1.750000e+01
896.332377	17178.757240	1.018700e-03	1.750000e+01
897.356414	17180.443746	1.018600e-03	1.750000e+01
898.380123	17180.443746	1.018600e-03	1.750000e+01
899.403495	17173.699706	1.019000e-03	1.750000e+01
900.427942	17168.645149	1.019300e-03	1.750000e+01
901.451439	17165.277097	1.019500e-03	1.750000e+01
902.474360	17161.910366	1.019700e-03	1.750000e+01
903.498050	17158.544955	1.019900e-03	1.750000e+01
904.521368	17156.862745	1.020000e-03	1.750000e+01
905.545202	17153.499314	1.020200e-03	1.750000e+01
906.569515	17148.456639	1.020500e-03	1.750000e+01
907.593333	17150.137201	1.020400e-03	1.750000e+01
908.617495	17151.818093	1.020300e-03	1.750000e+01
909.641085	17151.818093	1.020300e-03	1.750000e+01
910.664149	17150.137201	1.020400e-03	1.750000e+01
911.688072	17150.137201	1.020400e-03	1.750000e+01
912.711998	17150.137201	1.020400e-03	1.750000e+01
913.735725	17148.456639	1.020500e-03	1.750000e+01
914.760313	17145.096502	1.020700e-03	1.750000e+01
915.784662	17138.380178	1.021100e-03	1.750000e+01
916.808233	17133.346387	1.021400e-03	1.750000e+01
917.832275	17131.669114	1.021500e-03	1.750000e+01
918.856145	17128.315553	1.021700e-03	1.750000e+01
919.880753	17126.639264	1.021800e-03	1.750000e+01
920.903842	17128.315553	1.021700e-03	1.750000e+01
921.927312	17123.287671	1.022000e-03	1.750000e+01
922.951131	17119.937390	1.022200e-03	1.750000e+01
923.975354	17116.588419	1.022400e-03	1.750000e+01
924.999306	17113.240759	1.022600e-03	1.750000e+01
926.022511	17111.567420	1.022700e-03	1.750000e+01
927.046143	17111.567420	1.022700e-03	1.750000e+01
928.070743	17106.549365	1.023000e-03	1.750000e+01
929.094416	17108.221723	1.022900e-03	1.750000e+01
930.118450	17104.877334	1.023100e-03	1.750000e+01
931.141970	17108.221723	1.022900e-03	1.750000e+01
932.167156	17109.894408	1.022800e-03	1.750000e+01
933.191206	17106.549365	1.023000e-03	1.750000e+01
934.214647	17101.534252	1.023300e-03	1.750000e+01
935.237981	17101.534252	1.023300e-03	1.750000e+01
936.263254	17099.863201	1.023400e-03	1.750000e+01
937.287487	17096.522079	1.023600e-03	1.750000e+01
938.311338	17093.182262	1.023800e-03	1.750000e+01
939.335540	17091.512843	1.023900e-03	1.750000e+01
940.359919	17084.838426	1.024300e-03	1.750000e+01
941.383824	17084.838426	1.024300e-03	1.750000e+01
942.408085	17079.836034	1.024600e-03	1.750000e+01
943.432427	17073.170732	1.025000e-03	1.750000e+01
944.456189	17073.170732	1.025000e-03	1.750000e+01
945.480378	17069.840031	1.025200e-03	1.750000e+01
946.504296	17064.846416	1.025500e-03	1.750000e+01
947.528538	17061.518963	1.025700e-03	1.750000e+01
948.553515	17059.855722	1.025800e-03	1.750000e+01
949.577898	17059.855722	1.025800e-03	1.750000e+01
950.601506	17058.192806	1.025900e-03	1.750000e+01
951.625218	17056.530214	1.026000e-03	1.750000e+01
952.648831	17054.867947	1.026100e-03	1.750000e+01
953.673188	17053.206003	1.026200e-03	1.750000e+01
954.697087	17054.867947	1.026100e-03	1.750000e+01
955.721238	17051.544383	1.026300e-03	1.750000e+01
956.745079	17054.867947	1.026100e-03	1.750000e+01
957.769051	17058.192806	1.025900e-03	1.750000e+01
958.792019	17054.867947	1.026100e-03	1.750000e+01
959.815252	17056.530214	1.026000e-03	1.750000e+01
960.839655	17051.544383	1.026300e-03	1.750000e+01
961.864453	17046.561465	1.026600e-03	1.750000e+01
962.888105	17046.561465	1.026600e-03	1.750000e+01
963.911375	17049.883087	1.026400e-03	1.750000e+01
964.935975	17051.544383	1.026300e-03	1.750000e+01
965.960077	17049.883087	1.026400e-03	1.750000e+01
966.982964	17051.544383	1.026300e-03	1.750000e+01
968.006937	17046.561465	1.026600e-03	1.750000e+01
969.030369	17048.222114	1.026500e-03	1.750000e+01
970.053852	17046.561465	1.026600e-03	1.750000e+01
971.077328	17043.241138	1.026800e-03	1.750000e+01
972.100979	17043.241138	1.026800e-03	1.750000e+01
973.125182	17041.581459	1.026900e-03	1.750000e+01
974.148944	17034.945975	1.027300e-03	1.750000e+01
975.172108	17034.945975	1.027300e-03	1.750000e+01
976.195734	17039.922103	1.027000e-03	1.750000e+01
977.220203	17038.263071	1.027100e-03	1.750000e+01
978.243851	17038.263071	1.027100e-03	1.750000e+01
979.268024	17036.604361	1.027200e-03	1.750000e+01
980.292010	17038.263071	1.027100e-03	1.750000e+01
981.316175	17036.604361	1.027200e-03	1.750000e+01
982.339749	17034.945975	1.027300e-03	1.750000e+01
983.363339	17026.658883	1.027800e-03	1.750000e+01
984.387254	17021.690497	1.028100e-03	1.750000e+01
985.410953	17021.690497	1.028100e-03	1.750000e+01
986.434192	17023.346304	1.028000e-03	1.750000e+01
987.457935	17021.690497	1.028100e-03	1.750000e+01
988.481636	17021.690497	1.028100e-03	1.750000e+01
989.507011	17021.690497	1.028100e-03	1.750000e+01
990.530141	17021.690497	1.028100e-03	1.750000e+01
991.552990	17021.690497	1.028100e-03	1.750000e+01
992.576478	17020.035013	1.028200e-03	1.750000e+01
993.607291	17013.416294	1.028600e-03	1.750000e+01
994.632387	17008.455632	1.028900e-03	1.750000e+01
995.656320	17006.802721	1.029000e-03	1.750000e+01
996.679862	17006.802721	1.029000e-03	1.750000e+01
997.703460	17000.194288	1.029400e-03	1.750000e+01
998.727833	17000.194288	1.029400e-03	1.750000e+01
999.751368	16998.542982	1.029500e-03	1.750000e+01
1000.775492	16996.891997	1.029600e-03	1.750000e+01
1001.798518	16993.590989	1.029800e-03	1.750000e+01
1002.821240	16990.291262	1.030000e-03	1.750000e+01
1003.844545	16982.047550	1.030500e-03	1.750000e+01
1004.870291	16978.752304	1.030700e-03	1.750000e+01
1005.894284	16980.399767	1.030600e-03	1.750000e+01
1006.917807	16980.399767	1.030600e-03	1.750000e+01
1007.942014	16970.519783	1.031200e-03	1.750000e+01
1008.965892	16975.458337	1.030900e-03	1.750000e+01
1009.990501	16973.811833	1.031000e-03	1.750000e+01
1011.014064	16973.811833	1.031000e-03	1.750000e+01
1012.037146	16970.519783	1.031200e-03	1.750000e+01
1013.061531	16972.165648	1.031100e-03	1.750000e+01
1014.085166	16970.519783	1.031200e-03	1.750000e+01
1015.108954	16970.519783	1.031200e-03	1.750000e+01
1016.132089	16972.165648	1.031100e-03	1.750000e+01
1017.155899	16972.165648	1.031100e-03	1.750000e+01
1018.180369	16967.229009	1.031400e-03	1.750000e+01
1019.204652	16967.229009	1.031400e-03	1.750000e+01
1020.228258	16970.519783	1.031200e-03	1.750000e+01
1021.252016	16967.229009	1.031400e-03	1.750000e+01
1022.277080	16962.295241	1.031700e-03	1.750000e+01
1023.300293	16959.007656	1.031900e-03	1.750000e+01
1024.324214	16960.651289	1.031800e-03	1.750000e+01
1025.348519	16959.007656	1.031900e-03	1.750000e+01
1026.373499	16950.794266	1.032400e-03	1.750000e+01
1027.397494	16954.078667	1.032200e-03	1.750000e+01
1028.421536	16952.436307	1.032300e-03	1.750000e+01
1029.445495	16954.078667	1.032200e-03	1.750000e+01
1030.469131	16952.436307	1.032300e-03	1.750000e+01
1031.493547	16944.229280	1.032800e-03	1.750000e+01
1032.517483	16940.948693	1.033000e-03	1.750000e+01
1033.542009	16937.669377	1.033200e-03	1.750000e+01
1034.567140	16934.391330	1.033400e-03	1.750000e+01
1035.590999	16932.752782	1.033500e-03	1.750000e+01
1036.615259	16931.114551	1.033600e-03	1.750000e+01
1037.639005	16932.752782	1.033500e-03	1.750000e+01
1038.662778	16932.752782	1.033500e-03	1.750000e+01
1039.686100	16932.752782	1.033500e-03	1.750000e+01
1040.709045	16934.391330	1.033400e-03	1.750000e+01
1041.732021	16934.391330	1.033400e-03	1.750000e+01
1042.756761	16934.391330	1.033400e-03	1.750000e+01
1043.780238	16932.752782	1.033500e-03	1.750000e+01
1044.803752	16932.752782	1.033500e-03	1.750000e+01
1045.828103	16932.752782	1.033500e-03	1.750000e+01
1046.852260	16929.476637	1.033700e-03	1.750000e+01
1047.876319	16927.839040	1.033800e-03	1.750000e+01
1048.900453	16926.201760	1.033900e-03	1.750000e+01
1049.925515	16916.384727	1.034500e-03	1.750000e+01
1050.949165	16916.384727	1.034500e-03	1.750000e+01
1051.972504	16914.749662	1.034600e-03	1.750000e+01
1052.995267	16914.749662	1.034600e-03	1.750000e+01
1054.018470	16913.114913	1.034700e-03	1.750000e+01
1055.041229	16908.212560	1.035000e-03	1.750000e+01
1056.066213	16906.579074	1.035100e-03	1.750000e+01
1057.090688	16900.048286	1.035500e-03	1.750000e+01
1058.114237	16900.048286	1.035500e-03	1.750000e+01
1059.138365	16896.784783	1.035700e-03	1.750000e+01
1060.162209	16895.153505	1.035800e-03	1.750000e+01
1061.186285	16896.784783	1.035700e-03	1.750000e+01
1062.210560	16901.680510	1.035400e-03	1.750000e+01
1063.234490	16903.313049	1.035300e-03	1.750000e+01
1064.258172	16903.313049	1.035300e-03	1.750000e+01
1065.282080	16901.680510	1.035400e-03	1.750000e+01
1066.306028	16906.579074	1.035100e-03	1.750000e+01
1067.329589	16898.416377	1.035600e-03	1.750000e+01
1068.353455	16893.522541	1.035900e-03	1.750000e+01
1069.378241	16887.001833	1.036300e-03	1.750000e+01
1070.403083	16883.743367	1.036500e-03	1.750000e+01
1071.427394	16882.114605	1.036600e-03	1.750000e+01
1072.451201	16878.858025	1.036800e-03	1.750000e+01
1073.475841	16875.602700	1.037000e-03	1.750000e+01
1074.499440	16872.348631	1.037200e-03	1.750000e+01
1075.522968	16872.348631	1.037200e-03	1.750000e+01
1076.546553	16877.230205	1.036900e-03	1.750000e+01
1077.570116	16878.858025	1.036800e-03	1.750000e+01
1078.594404	16880.486158	1.036700e-03	1.750000e+01
1079.618006	16883.743367	1.036500e-03	1.750000e+01
1080.641090	16880.486158	1.036700e-03	1.750000e+01
1081.664744	16883.743367	1.036500e-03	1.750000e+01
1082.688962	16883.743367	1.036500e-03	1.750000e+01
1083.712354	16888.631538	1.036200e-03	1.750000e+01
1084.736187	16890.261558	1.036100e-03	1.750000e+01
1085.761568	16885.372443	1.036400e-03	1.750000e+01
1086.785274	16887.001833	1.036300e-03	1.750000e+01
1087.808202	16885.372443	1.036400e-03	1.750000e+01
1088.831222	16883.743367	1.036500e-03	1.750000e+01
1089.854749	16875.602700	1.037000e-03	1.750000e+01
1090.877369	16870.722067	1.037300e-03	1.750000e+01
1091.900798	16870.722067	1.037300e-03	1.750000e+01
1092.923944	16870.722067	1.037300e-03	1.750000e+01
1093.949278	16873.975509	1.037100e-03	1.750000e+01
1094.972895	16872.348631	1.037200e-03	1.750000e+01
1095.996800	16870.722067	1.037300e-03	1.750000e+01
1097.020982	16869.095816	1.037400e-03	1.750000e+01
1098.045155	16864.218946	1.037700e-03	1.750000e+01
1099.069017	16859.344894	1.038000e-03	1.750000e+01
1100.092526	16860.969265	1.037900e-03	1.750000e+01
1101.116064	16859.344894	1.038000e-03	1.750000e+01
1102.140369	16856.097091	1.038200e-03	1.750000e+01
1103.163389	16851.227732	1.038500e-03	1.750000e+01
1104.187219	16849.605238	1.038600e-03	1.750000e+01
1105.211767	16846.361186	1.038800e-03	1.750000e+01
1106.236442	16852.850539	1.038400e-03	1.750000e+01
1107.260880	16851.227732	1.038500e-03	1.750000e+01
1108.283851	16852.850539	1.038400e-03	1.750000e+01
1109.309692	16844.739628	1.038900e-03	1.750000e+01
1110.334468	16846.361186	1.038800e-03	1.750000e+01
1111.358992	16849.605238	1.038600e-03	1.750000e+01
1112.382175	16846.361186	1.038800e-03	1.750000e+01
