Time	SourceV	Current	Voltage
1.032776	8357709.987463	1.196500e-06	1.000000e+01
2.095970	7070135.746606	1.414400e-06	1.000000e+01
3.124104	6327912.421692	1.580300e-06	1.000000e+01
4.152600	5647803.004631	1.770600e-06	1.000000e+01
5.179923	5104905.814488	1.958900e-06	1.000000e+01
6.210284	4643172.215257	2.153700e-06	1.000000e+01
7.234589	4251700.680272	2.352000e-06	1.000000e+01
8.259139	3920492.413847	2.550700e-06	1.000000e+01
9.283469	3629237.134354	2.755400e-06	1.000000e+01
10.307637	3389141.191622	2.950600e-06	1.000000e+01
11.331471	3186235.462801	3.138500e-06	1.000000e+01
12.355721	3016045.361322	3.315600e-06	1.000000e+01
13.380443	2871995.175048	3.481900e-06	1.000000e+01
14.404283	2755276.354218	3.629400e-06	1.000000e+01
15.428185	2658019.244059	3.762200e-06	1.000000e+01
16.451271	2582111.134063	3.872800e-06	1.000000e+01
17.475128	2514964.036014	3.976200e-06	1.000000e+01
18.499266	2466273.707056	4.054700e-06	1.000000e+01
19.523081	2422774.076317	4.127500e-06	1.000000e+01
20.546803	2383619.764975	4.195300e-06	1.000000e+01
21.571233	2354603.249352	4.247000e-06	1.000000e+01
22.594580	2332687.956332	4.286900e-06	1.000000e+01
23.618599	2312619.967161	4.324100e-06	1.000000e+01
24.642942	2297371.806653	4.352800e-06	1.000000e+01
25.666513	2285035.303795	4.376300e-06	1.000000e+01
26.692418	2276504.200150	4.392700e-06	1.000000e+01
27.716481	2270199.096461	4.404900e-06	1.000000e+01
28.740586	2264441.475510	4.416100e-06	1.000000e+01
29.764273	2257947.976879	4.428800e-06	1.000000e+01
30.788325	2253571.911480	4.437400e-06	1.000000e+01
31.812606	2256063.169769	4.432500e-06	1.000000e+01
32.836596	2258151.928462	4.428400e-06	1.000000e+01
33.860375	2255503.428365	4.433600e-06	1.000000e+01
34.885140	2253927.468614	4.436700e-06	1.000000e+01
35.908667	2256368.600375	4.431900e-06	1.000000e+01
36.932634	2254588.086757	4.435400e-06	1.000000e+01
37.956478	2254994.813512	4.434600e-06	1.000000e+01
38.980433	2256674.113691	4.431300e-06	1.000000e+01
40.004099	2254588.086757	4.435400e-06	1.000000e+01
41.029146	2252861.133640	4.438800e-06	1.000000e+01
42.053626	2248858.704208	4.446700e-06	1.000000e+01
43.077622	2245929.253229	4.452500e-06	1.000000e+01
44.101726	2246787.094455	4.450800e-06	1.000000e+01
45.125750	2243460.313187	4.457400e-06	1.000000e+01
46.150257	2237687.126586	4.468900e-06	1.000000e+01
47.174631	2233139.794551	4.478000e-06	1.000000e+01
48.198174	2228461.915586	4.487400e-06	1.000000e+01
49.222261	2223210.315696	4.498000e-06	1.000000e+01
50.247268	2220692.411894	4.503100e-06	1.000000e+01
51.272437	2214937.538761	4.514800e-06	1.000000e+01
52.296654	2212144.674262	4.520500e-06	1.000000e+01
53.321350	2200849.527918	4.543700e-06	1.000000e+01
54.345572	2203516.812833	4.538200e-06	1.000000e+01
55.370564	2190724.472583	4.564700e-06	1.000000e+01
56.394652	2181786.446743	4.583400e-06	1.000000e+01
57.419528	2180597.047472	4.585900e-06	1.000000e+01
58.443805	2170986.930659	4.606200e-06	1.000000e+01
59.468297	2161648.040466	4.626100e-06	1.000000e+01
60.492274	2157124.983822	4.635800e-06	1.000000e+01
61.517222	2157124.983822	4.635800e-06	1.000000e+01
62.541634	2156845.828660	4.636400e-06	1.000000e+01
63.566697	2146014.850423	4.659800e-06	1.000000e+01
64.590352	2157171.516707	4.635700e-06	1.000000e+01
65.613538	2150722.642808	4.649600e-06	1.000000e+01
66.638127	2140090.311811	4.672700e-06	1.000000e+01
67.662405	2131741.632914	4.691000e-06	1.000000e+01
68.685942	2108414.683000	4.742900e-06	1.000000e+01
69.709700	2088380.252276	4.788400e-06	1.000000e+01
70.735331	2072152.344640	4.825900e-06	1.000000e+01
71.763879	2056851.371920	4.861800e-06	1.000000e+01
72.788771	2044906.138808	4.890200e-06	1.000000e+01
73.812746	2035872.065799	4.911900e-06	1.000000e+01
74.836769	2024250.521245	4.940100e-06	1.000000e+01
75.861359	2014423.270618	4.964200e-06	1.000000e+01
76.885890	2006541.324719	4.983700e-06	1.000000e+01
77.909919	1997802.417341	5.005500e-06	1.000000e+01
78.933793	1988269.211651	5.029500e-06	1.000000e+01
79.957988	1981885.565927	5.045700e-06	1.000000e+01
80.981821	1973671.225847	5.066700e-06	1.000000e+01
82.005742	1967845.406065	5.081700e-06	1.000000e+01
83.029607	1958940.604921	5.104800e-06	1.000000e+01
84.054398	1957790.046595	5.107800e-06	1.000000e+01
85.078619	1947685.176168	5.134300e-06	1.000000e+01
86.101619	1942426.479158	5.148200e-06	1.000000e+01
87.125605	1929980.314201	5.181400e-06	1.000000e+01
88.151719	1919533.169533	5.209600e-06	1.000000e+01
89.175736	1920086.019854	5.208100e-06	1.000000e+01
90.200584	1907778.010951	5.241700e-06	1.000000e+01
91.224859	1898109.482955	5.268400e-06	1.000000e+01
92.249731	1887469.092694	5.298100e-06	1.000000e+01
93.273843	1879275.351424	5.321200e-06	1.000000e+01
94.297629	1870977.398593	5.344800e-06	1.000000e+01
95.321657	1859461.871734	5.377900e-06	1.000000e+01
96.345856	1846687.965135	5.415100e-06	1.000000e+01
97.370337	1835738.150310	5.447400e-06	1.000000e+01
98.393860	1822921.413858	5.485700e-06	1.000000e+01
99.417689	1810970.861479	5.521900e-06	1.000000e+01
100.442056	1800958.109714	5.552600e-06	1.000000e+01
101.465833	1790959.237768	5.583600e-06	1.000000e+01
102.489539	1782626.521917	5.609700e-06	1.000000e+01
103.512763	1774402.469968	5.635700e-06	1.000000e+01
104.537353	1767658.912536	5.657200e-06	1.000000e+01
105.561543	1766160.367361	5.662000e-06	1.000000e+01
106.584864	1758705.592684	5.686000e-06	1.000000e+01
107.609017	1748985.588359	5.717600e-06	1.000000e+01
108.633014	1741978.190433	5.740600e-06	1.000000e+01
109.657791	1756697.408871	5.692500e-06	1.000000e+01
110.681803	1746694.380884	5.725100e-06	1.000000e+01
111.705579	1740795.543563	5.744500e-06	1.000000e+01
112.730228	1742038.882308	5.740400e-06	1.000000e+01
113.755456	1720696.537959	5.811600e-06	1.000000e+01
114.779524	1716207.867097	5.826800e-06	1.000000e+01
115.802671	1706484.641638	5.860000e-06	1.000000e+01
116.827180	1696352.841391	5.895000e-06	1.000000e+01
117.851551	1685431.133284	5.933200e-06	1.000000e+01
118.874914	1674565.031733	5.971700e-06	1.000000e+01
119.898828	1664669.063790	6.007200e-06	1.000000e+01
120.923133	1655053.706493	6.042100e-06	1.000000e+01
121.947818	1647690.761398	6.069100e-06	1.000000e+01
122.971488	1640043.297143	6.097400e-06	1.000000e+01
123.994925	1631321.370310	6.130000e-06	1.000000e+01
125.019418	1622481.098095	6.163400e-06	1.000000e+01
126.043721	1615378.402391	6.190500e-06	1.000000e+01
127.067779	1607975.558772	6.219000e-06	1.000000e+01
128.091982	1601383.595426	6.244600e-06	1.000000e+01
129.116436	1593701.690917	6.274700e-06	1.000000e+01
130.139944	1586093.135389	6.304800e-06	1.000000e+01
131.163684	1582278.481013	6.320000e-06	1.000000e+01
132.187668	1579529.300269	6.331000e-06	1.000000e+01
133.212093	1569957.297162	6.369600e-06	1.000000e+01
134.236040	1563819.472680	6.394600e-06	1.000000e+01
135.259861	1556662.515567	6.424000e-06	1.000000e+01
136.283794	1550652.049187	6.448900e-06	1.000000e+01
137.307641	1541544.627717	6.487000e-06	1.000000e+01
138.331707	1534707.408033	6.515900e-06	1.000000e+01
139.355094	1528911.720637	6.540600e-06	1.000000e+01
140.378992	1524785.386457	6.558300e-06	1.000000e+01
141.405152	1516944.267468	6.592200e-06	1.000000e+01
142.428915	1510733.763389	6.619300e-06	1.000000e+01
143.452953	1506455.160362	6.638100e-06	1.000000e+01
144.476967	1500442.630576	6.664700e-06	1.000000e+01
145.501508	1495170.598965	6.688200e-06	1.000000e+01
146.526012	1490179.715674	6.710600e-06	1.000000e+01
147.549721	1480472.566843	6.754600e-06	1.000000e+01
148.573968	1472992.679226	6.788900e-06	1.000000e+01
149.598058	1464343.242056	6.829000e-06	1.000000e+01
150.621854	1460173.760678	6.848500e-06	1.000000e+01
151.645690	1454926.380725	6.873200e-06	1.000000e+01
152.668981	1451715.928227	6.888400e-06	1.000000e+01
153.694133	1444272.736464	6.923900e-06	1.000000e+01
154.718936	1436740.323554	6.960200e-06	1.000000e+01
155.742926	1431270.395603	6.986800e-06	1.000000e+01
156.766930	1426207.998174	7.011600e-06	1.000000e+01
157.791352	1421241.881156	7.036100e-06	1.000000e+01
158.815732	1414007.154876	7.072100e-06	1.000000e+01
159.840107	1408470.541839	7.099900e-06	1.000000e+01
160.863793	1401718.506889	7.134100e-06	1.000000e+01
161.888115	1400933.021392	7.138100e-06	1.000000e+01
162.912984	1411990.624382	7.082200e-06	1.000000e+01
163.938126	1406608.245538	7.109300e-06	1.000000e+01
164.962078	1394000.223040	7.173600e-06	1.000000e+01
165.986598	1386558.699963	7.212100e-06	1.000000e+01
167.009995	1381062.865982	7.240800e-06	1.000000e+01
168.033934	1379424.504097	7.249400e-06	1.000000e+01
169.057814	1373701.851750	7.279600e-06	1.000000e+01
170.081962	1366979.249255	7.315400e-06	1.000000e+01
171.105989	1359286.646368	7.356800e-06	1.000000e+01
172.130710	1358418.800516	7.361500e-06	1.000000e+01
173.153954	1352905.364270	7.391500e-06	1.000000e+01
174.178040	1355013.550136	7.380000e-06	1.000000e+01
175.201970	1344899.468765	7.435500e-06	1.000000e+01
176.226501	1338240.214118	7.472500e-06	1.000000e+01
177.250178	1331274.295756	7.511600e-06	1.000000e+01
178.274359	1325468.884618	7.544500e-06	1.000000e+01
179.301620	1317783.488173	7.588500e-06	1.000000e+01
180.326943	1313352.858512	7.614100e-06	1.000000e+01
181.350979	1313956.849657	7.610600e-06	1.000000e+01
182.374867	1311372.219891	7.625600e-06	1.000000e+01
183.399241	1313594.388325	7.612700e-06	1.000000e+01
184.423994	1301947.713780	7.680800e-06	1.000000e+01
185.447852	1293042.140243	7.733700e-06	1.000000e+01
186.472211	1286454.916187	7.773300e-06	1.000000e+01
187.497524	1282396.542659	7.797900e-06	1.000000e+01
188.521803	1278772.378517	7.820000e-06	1.000000e+01
189.547178	1275331.267297	7.841100e-06	1.000000e+01
190.571138	1272928.626892	7.855900e-06	1.000000e+01
191.596161	1267925.293842	7.886900e-06	1.000000e+01
192.620995	1263264.274886	7.916000e-06	1.000000e+01
193.645787	1259303.101664	7.940900e-06	1.000000e+01
194.669245	1254233.036498	7.973000e-06	1.000000e+01
195.693133	1249859.390819	8.000900e-06	1.000000e+01
196.717442	1245997.233886	8.025700e-06	1.000000e+01
197.742890	1241187.568265	8.056800e-06	1.000000e+01
198.767184	1236659.535263	8.086300e-06	1.000000e+01
199.791027	1232209.968579	8.115500e-06	1.000000e+01
200.815802	1227144.434900	8.149000e-06	1.000000e+01
201.840234	1222269.754935	8.181500e-06	1.000000e+01
202.863275	1216367.440276	8.221200e-06	1.000000e+01
203.887043	1212356.335774	8.248400e-06	1.000000e+01
204.911152	1206083.485099	8.291300e-06	1.000000e+01
205.936052	1202819.408694	8.313800e-06	1.000000e+01
206.960906	1199242.079006	8.338600e-06	1.000000e+01
207.984132	1195528.722578	8.364500e-06	1.000000e+01
209.009246	1192264.587357	8.387400e-06	1.000000e+01
210.033156	1189414.213500	8.407500e-06	1.000000e+01
211.057074	1186830.924067	8.425800e-06	1.000000e+01
212.081148	1184090.559246	8.445300e-06	1.000000e+01
213.105404	1182983.958738	8.453200e-06	1.000000e+01
214.129722	1178328.187967	8.486600e-06	1.000000e+01
215.153239	1175364.362953	8.508000e-06	1.000000e+01
216.177170	1171865.844798	8.533400e-06	1.000000e+01
217.201711	1167665.020259	8.564100e-06	1.000000e+01
218.226182	1164605.315259	8.586600e-06	1.000000e+01
219.250197	1159648.858326	8.623300e-06	1.000000e+01
220.274119	1155775.409722	8.652200e-06	1.000000e+01
221.298214	1151994.101790	8.680600e-06	1.000000e+01
222.321974	1148580.354682	8.706400e-06	1.000000e+01
223.345975	1144937.658145	8.734100e-06	1.000000e+01
224.370084	1140172.850204	8.770600e-06	1.000000e+01
225.394761	1135653.852706	8.805500e-06	1.000000e+01
226.420119	1132079.743697	8.833300e-06	1.000000e+01
227.444084	1128349.788434	8.862500e-06	1.000000e+01
228.468815	1125340.415476	8.886200e-06	1.000000e+01
229.493627	1124859.392576	8.890000e-06	1.000000e+01
230.517215	1120360.307875	8.925700e-06	1.000000e+01
231.541001	1116445.238361	8.957000e-06	1.000000e+01
232.565287	1111135.803018	8.999800e-06	1.000000e+01
233.589602	1107615.967392	9.028400e-06	1.000000e+01
234.613201	1102949.286392	9.066600e-06	1.000000e+01
235.636587	1100703.349440	9.085100e-06	1.000000e+01
236.660217	1098551.011216	9.102900e-06	1.000000e+01
237.684021	1096815.943317	9.117300e-06	1.000000e+01
238.708477	1093768.799151	9.142700e-06	1.000000e+01
239.733152	1090381.742648	9.171100e-06	1.000000e+01
240.757082	1085729.175714	9.210400e-06	1.000000e+01
241.781743	1082087.129656	9.241400e-06	1.000000e+01
242.806114	1078318.254850	9.273700e-06	1.000000e+01
243.830338	1075361.321404	9.299200e-06	1.000000e+01
244.854194	1072489.570039	9.324100e-06	1.000000e+01
245.878511	1068787.140353	9.356400e-06	1.000000e+01
246.902337	1066507.401561	9.376400e-06	1.000000e+01
247.928030	1062597.626157	9.410900e-06	1.000000e+01
248.952399	1059131.300507	9.441700e-06	1.000000e+01
249.976348	1055631.795630	9.473000e-06	1.000000e+01
251.000164	1051779.084321	9.507700e-06	1.000000e+01
252.024110	1048053.241105	9.541500e-06	1.000000e+01
253.048147	1044451.871658	9.574400e-06	1.000000e+01
254.072166	1042296.387401	9.594200e-06	1.000000e+01
255.096156	1039187.770838	9.622900e-06	1.000000e+01
256.120419	1036527.219205	9.647600e-06	1.000000e+01
257.145116	1034126.163392	9.670000e-06	1.000000e+01
258.169164	1032503.200760	9.685200e-06	1.000000e+01
259.193352	1029590.428927	9.712600e-06	1.000000e+01
260.217968	1026504.342113	9.741800e-06	1.000000e+01
261.242562	1025031.263454	9.755800e-06	1.000000e+01
262.267217	1021293.979472	9.791500e-06	1.000000e+01
263.292507	1016601.095896	9.836700e-06	1.000000e+01
264.317462	1011275.724326	9.888500e-06	1.000000e+01
265.342238	1007851.160541	9.922100e-06	1.000000e+01
266.367136	1006461.482719	9.935800e-06	1.000000e+01
267.391899	1003029.148027	9.969800e-06	1.000000e+01
268.416135	1002204.850671	9.978000e-06	1.000000e+01
269.440120	998203.234178	1.001800e-05	1.000000e+01
270.464088	994925.878022	1.005100e-05	1.000000e+01
271.489033	991866.693116	1.008200e-05	1.000000e+01
272.512453	988630.746416	1.011500e-05	1.000000e+01
273.535348	985221.674877	1.015000e-05	1.000000e+01
274.561089	982897.582072	1.017400e-05	1.000000e+01
275.584905	981739.642647	1.018600e-05	1.000000e+01
276.609479	981161.695447	1.019200e-05	1.000000e+01
277.633337	978282.136568	1.022200e-05	1.000000e+01
278.657189	976848.686139	1.023700e-05	1.000000e+01
279.681827	974468.914442	1.026200e-05	1.000000e+01
280.706253	972384.286270	1.028400e-05	1.000000e+01
281.730872	968335.431393	1.032700e-05	1.000000e+01
282.755528	964227.171922	1.037100e-05	1.000000e+01
283.779650	961538.461538	1.040000e-05	1.000000e+01
284.803424	958956.655159	1.042800e-05	1.000000e+01
285.826593	955018.622863	1.047100e-05	1.000000e+01
286.850061	951022.349025	1.051500e-05	1.000000e+01
287.874562	946969.696970	1.056000e-05	1.000000e+01
288.899093	943129.303027	1.060300e-05	1.000000e+01
289.923148	941353.666573	1.062300e-05	1.000000e+01
290.947435	938878.978500	1.065100e-05	1.000000e+01
291.971814	937207.122774	1.067000e-05	1.000000e+01
292.996303	935979.034070	1.068400e-05	1.000000e+01
294.020548	931619.154090	1.073400e-05	1.000000e+01
295.044553	927988.121752	1.077600e-05	1.000000e+01
296.068630	924470.740501	1.081700e-05	1.000000e+01
297.093129	922083.909636	1.084500e-05	1.000000e+01
298.117449	918864.283745	1.088300e-05	1.000000e+01
299.141535	917599.559552	1.089800e-05	1.000000e+01
300.165270	914160.343724	1.093900e-05	1.000000e+01
301.190442	911577.028259	1.097000e-05	1.000000e+01
302.215389	907770.515614	1.101600e-05	1.000000e+01
303.239578	903995.660821	1.106200e-05	1.000000e+01
304.263384	900819.745969	1.110100e-05	1.000000e+01
305.288136	898795.613877	1.112600e-05	1.000000e+01
306.312512	895816.536773	1.116300e-05	1.000000e+01
307.336505	892219.842969	1.120800e-05	1.000000e+01
308.361308	887862.913966	1.126300e-05	1.000000e+01
309.386189	885425.889853	1.129400e-05	1.000000e+01
310.412382	882301.041115	1.133400e-05	1.000000e+01
311.436196	879275.477007	1.137300e-05	1.000000e+01
312.459681	876040.297854	1.141500e-05	1.000000e+01
313.484109	873286.175880	1.145100e-05	1.000000e+01
314.508562	870397.771782	1.148900e-05	1.000000e+01
315.532438	867302.688638	1.153000e-05	1.000000e+01
316.556356	865126.741068	1.155900e-05	1.000000e+01
317.580889	861103.935245	1.161300e-05	1.000000e+01
318.604419	858295.425285	1.165100e-05	1.000000e+01
319.628252	855651.578677	1.168700e-05	1.000000e+01
320.651450	853460.783477	1.171700e-05	1.000000e+01
321.675859	849762.066621	1.176800e-05	1.000000e+01
322.700467	847960.654626	1.179300e-05	1.000000e+01
323.724180	845379.998309	1.182900e-05	1.000000e+01
324.747528	842815.002107	1.186500e-05	1.000000e+01
325.771927	840194.925223	1.190200e-05	1.000000e+01
326.796703	837240.455459	1.194400e-05	1.000000e+01
327.821237	834863.917181	1.197800e-05	1.000000e+01
328.845260	832778.147901	1.200800e-05	1.000000e+01
329.869705	830082.178136	1.204700e-05	1.000000e+01
330.893515	828775.070446	1.206600e-05	1.000000e+01
331.917464	826856.292376	1.209400e-05	1.000000e+01
332.941580	823791.086580	1.213900e-05	1.000000e+01
333.965887	821490.183192	1.217300e-05	1.000000e+01
334.989633	818263.644546	1.222100e-05	1.000000e+01
336.013364	815062.352270	1.226900e-05	1.000000e+01
337.040423	812677.773263	1.230500e-05	1.000000e+01
338.065795	809651.040402	1.235100e-05	1.000000e+01
339.089730	808146.112817	1.237400e-05	1.000000e+01
340.114405	805607.024893	1.241300e-05	1.000000e+01
341.138478	802053.256336	1.246800e-05	1.000000e+01
342.162388	799616.184232	1.250600e-05	1.000000e+01
343.187796	797321.001435	1.254200e-05	1.000000e+01
344.212814	795291.872117	1.257400e-05	1.000000e+01
345.237158	791765.637371	1.263000e-05	1.000000e+01
346.262359	789141.414141	1.267200e-05	1.000000e+01
347.288227	785978.149807	1.272300e-05	1.000000e+01
348.312627	783699.059561	1.276000e-05	1.000000e+01
349.336404	781066.937437	1.280300e-05	1.000000e+01
350.360521	778270.682543	1.284900e-05	1.000000e+01
351.384769	775554.521483	1.289400e-05	1.000000e+01
352.408583	772976.733400	1.293700e-05	1.000000e+01
353.432510	769941.484447	1.298800e-05	1.000000e+01
354.456508	766929.979293	1.303900e-05	1.000000e+01
355.480810	764642.911760	1.307800e-05	1.000000e+01
356.504566	761962.816215	1.312400e-05	1.000000e+01
357.529410	759243.793182	1.317100e-05	1.000000e+01
358.552894	757059.580589	1.320900e-05	1.000000e+01
359.576264	754204.691153	1.325900e-05	1.000000e+01
360.601518	751653.638004	1.330400e-05	1.000000e+01
361.625619	750187.546887	1.333000e-05	1.000000e+01
362.649649	749063.670412	1.335000e-05	1.000000e+01
363.674026	746157.289957	1.340200e-05	1.000000e+01
364.698370	744158.356898	1.343800e-05	1.000000e+01
365.722708	740850.496370	1.349800e-05	1.000000e+01
366.746609	738552.437223	1.354000e-05	1.000000e+01
367.771067	735997.644808	1.358700e-05	1.000000e+01
368.794837	733352.889410	1.363600e-05	1.000000e+01
369.817901	730300.153363	1.369300e-05	1.000000e+01
370.841818	727378.527786	1.374800e-05	1.000000e+01
371.866136	724637.681159	1.380000e-05	1.000000e+01
372.889744	720720.720721	1.387500e-05	1.000000e+01
373.913855	717463.050653	1.393800e-05	1.000000e+01
374.936938	714898.484415	1.398800e-05	1.000000e+01
375.960990	711946.461626	1.404600e-05	1.000000e+01
376.984705	709823.963657	1.408800e-05	1.000000e+01
378.008875	706065.099202	1.416300e-05	1.000000e+01
379.032752	702790.076604	1.422900e-05	1.000000e+01
380.056800	700084.010081	1.428400e-05	1.000000e+01
381.080892	697252.823874	1.434200e-05	1.000000e+01
382.104859	694396.222485	1.440100e-05	1.000000e+01
383.128861	691562.932227	1.446000e-05	1.000000e+01
384.152850	689322.396085	1.450700e-05	1.000000e+01
385.177541	686954.729683	1.455700e-05	1.000000e+01
386.201365	684509.548908	1.460900e-05	1.000000e+01
387.224661	681942.171304	1.466400e-05	1.000000e+01
388.249671	679255.535933	1.472200e-05	1.000000e+01
389.274409	676681.553661	1.477800e-05	1.000000e+01
390.298732	673627.484001	1.484500e-05	1.000000e+01
391.322702	672133.351257	1.487800e-05	1.000000e+01
392.347085	668717.400027	1.495400e-05	1.000000e+01
393.370754	665956.313266	1.501600e-05	1.000000e+01
394.394594	664010.624170	1.506000e-05	1.000000e+01
395.418701	659761.166458	1.515700e-05	1.000000e+01
396.443238	657289.338767	1.521400e-05	1.000000e+01
397.467707	654107.796965	1.528800e-05	1.000000e+01
398.491682	651678.071033	1.534500e-05	1.000000e+01
399.515642	648130.144533	1.542900e-05	1.000000e+01
400.540219	645286.184423	1.549700e-05	1.000000e+01
401.564544	642054.574639	1.557500e-05	1.000000e+01
402.588019	638895.987733	1.565200e-05	1.000000e+01
403.611732	636375.206822	1.571400e-05	1.000000e+01
404.635119	634920.634921	1.575000e-05	1.000000e+01
405.660565	632311.097060	1.581500e-05	1.000000e+01
406.683986	629485.081204	1.588600e-05	1.000000e+01
407.707724	626880.641926	1.595200e-05	1.000000e+01
408.732366	625078.134767	1.599800e-05	1.000000e+01
409.756594	622083.981337	1.607500e-05	1.000000e+01
410.780649	618429.189858	1.617000e-05	1.000000e+01
411.804641	616180.910715	1.622900e-05	1.000000e+01
412.829175	617093.489664	1.620500e-05	1.000000e+01
413.853875	614439.324117	1.627500e-05	1.000000e+01
414.877897	611172.228334	1.636200e-05	1.000000e+01
415.902092	609161.793372	1.641600e-05	1.000000e+01
416.926522	606832.938892	1.647900e-05	1.000000e+01
417.951803	603318.250377	1.657500e-05	1.000000e+01
418.976875	600240.096038	1.666000e-05	1.000000e+01
420.000821	596658.711217	1.676000e-05	1.000000e+01
421.024676	592662.834114	1.687300e-05	1.000000e+01
422.048614	589518.363497	1.696300e-05	1.000000e+01
423.072742	586200.832405	1.705900e-05	1.000000e+01
424.096673	583498.657953	1.713800e-05	1.000000e+01
425.120877	581327.752587	1.720200e-05	1.000000e+01
426.144727	579005.268948	1.727100e-05	1.000000e+01
427.169627	576368.876081	1.735000e-05	1.000000e+01
428.193792	573822.229873	1.742700e-05	1.000000e+01
429.217874	570613.409415	1.752500e-05	1.000000e+01
430.243538	567150.635209	1.763200e-05	1.000000e+01
431.268878	564397.787561	1.771800e-05	1.000000e+01
432.292879	562050.359712	1.779200e-05	1.000000e+01
433.317069	559753.708368	1.786500e-05	1.000000e+01
434.342171	557040.998217	1.795200e-05	1.000000e+01
435.366680	554754.243870	1.802600e-05	1.000000e+01
436.390006	552242.102938	1.810800e-05	1.000000e+01
437.413753	549480.740700	1.819900e-05	1.000000e+01
438.437835	547135.744378	1.827700e-05	1.000000e+01
439.462018	544780.998039	1.835600e-05	1.000000e+01
440.486077	542417.010197	1.843600e-05	1.000000e+01
441.511610	539578.049965	1.853300e-05	1.000000e+01
442.535392	537114.620260	1.861800e-05	1.000000e+01
443.559854	534159.500027	1.872100e-05	1.000000e+01
444.583796	530757.390797	1.884100e-05	1.000000e+01
445.608010	527815.897815	1.894600e-05	1.000000e+01
446.632370	524961.940259	1.904900e-05	1.000000e+01
447.656715	521702.838063	1.916800e-05	1.000000e+01
448.680728	518995.225244	1.926800e-05	1.000000e+01
449.704139	515995.872033	1.938000e-05	1.000000e+01
450.728596	512610.211195	1.950800e-05	1.000000e+01
451.753272	509865.905267	1.961300e-05	1.000000e+01
452.777744	507408.159123	1.970800e-05	1.000000e+01
453.801142	505842.480652	1.976900e-05	1.000000e+01
454.826716	503195.290092	1.987300e-05	1.000000e+01
455.851069	501002.004008	1.996000e-05	1.000000e+01
456.874986	497883.993030	2.008500e-05	1.000000e+01
457.898811	495294.700347	2.019000e-05	1.000000e+01
458.922803	492392.535329	2.030900e-05	1.000000e+01
459.946778	489332.550401	2.043600e-05	1.000000e+01
460.970846	486499.635125	2.055500e-05	1.000000e+01
461.994879	483980.253606	2.066200e-05	1.000000e+01
463.019188	481093.043395	2.078600e-05	1.000000e+01
464.043091	477190.303493	2.095600e-05	1.000000e+01
465.067126	474225.826339	2.108700e-05	1.000000e+01
466.091665	470433.269041	2.125700e-05	1.000000e+01
467.115825	467792.487253	2.137700e-05	1.000000e+01
468.141148	464748.803272	2.151700e-05	1.000000e+01
469.165868	462278.106509	2.163200e-05	1.000000e+01
470.190711	458589.379070	2.180600e-05	1.000000e+01
471.214062	455249.021215	2.196600e-05	1.000000e+01
472.240085	452263.579214	2.211100e-05	1.000000e+01
473.264989	449216.117874	2.226100e-05	1.000000e+01
474.288703	445910.996165	2.242600e-05	1.000000e+01
475.312966	442458.298305	2.260100e-05	1.000000e+01
476.338202	439367.311072	2.276000e-05	1.000000e+01
477.363745	435767.822904	2.294800e-05	1.000000e+01
478.387275	432675.666321	2.311200e-05	1.000000e+01
479.411164	429350.392856	2.329100e-05	1.000000e+01
480.435633	425568.133458	2.349800e-05	1.000000e+01
481.460224	422386.483633	2.367500e-05	1.000000e+01
482.485360	419603.893924	2.383200e-05	1.000000e+01
483.509103	415921.474026	2.404300e-05	1.000000e+01
484.533153	412388.139717	2.424900e-05	1.000000e+01
485.557130	408997.955010	2.445000e-05	1.000000e+01
486.581198	405844.155844	2.464000e-05	1.000000e+01
487.605873	402511.672839	2.484400e-05	1.000000e+01
488.629763	399121.931750	2.505500e-05	1.000000e+01
489.652223	396416.395782	2.522600e-05	1.000000e+01
490.677675	393391.030685	2.542000e-05	1.000000e+01
491.702114	390381.011868	2.561600e-05	1.000000e+01
492.726122	387596.899225	2.580000e-05	1.000000e+01
493.750204	385549.600956	2.593700e-05	1.000000e+01
494.774022	382804.425219	2.612300e-05	1.000000e+01
495.797875	380474.070692	2.628300e-05	1.000000e+01
496.821673	377871.825877	2.646400e-05	1.000000e+01
497.846010	375812.694953	2.660900e-05	1.000000e+01
498.871120	373789.855343	2.675300e-05	1.000000e+01
499.895198	371402.042711	2.692500e-05	1.000000e+01
500.919296	369549.150037	2.706000e-05	1.000000e+01
501.943901	367674.093683	2.719800e-05	1.000000e+01
502.967880	364670.702356	2.742200e-05	1.000000e+01
503.992124	362397.622672	2.759400e-05	1.000000e+01
505.015946	360360.360360	2.775000e-05	1.000000e+01
506.039972	358089.235838	2.792600e-05	1.000000e+01
507.064258	355302.895719	2.814500e-05	1.000000e+01
508.088044	352957.786249	2.833200e-05	1.000000e+01
509.112069	350815.646378	2.850500e-05	1.000000e+01
510.138289	348432.055749	2.870000e-05	1.000000e+01
511.162967	346236.410221	2.888200e-05	1.000000e+01
512.187138	343985.415018	2.907100e-05	1.000000e+01
513.211340	341681.757611	2.926700e-05	1.000000e+01
514.236984	339673.913043	2.944000e-05	1.000000e+01
515.262326	337347.771818	2.964300e-05	1.000000e+01
516.286283	335098.183768	2.984200e-05	1.000000e+01
517.310318	332734.411393	3.005400e-05	1.000000e+01
518.335340	330534.805315	3.025400e-05	1.000000e+01
519.359311	328148.585680	3.047400e-05	1.000000e+01
520.387614	325404.314861	3.073100e-05	1.000000e+01
521.414991	322872.271729	3.097200e-05	1.000000e+01
522.438157	320512.820513	3.120000e-05	1.000000e+01
523.462181	318582.943069	3.138900e-05	1.000000e+01
524.486307	316746.381173	3.157100e-05	1.000000e+01
525.510222	314129.547025	3.183400e-05	1.000000e+01
526.534455	311536.184928	3.209900e-05	1.000000e+01
527.558694	308832.612724	3.238000e-05	1.000000e+01
528.583087	306532.201208	3.262300e-05	1.000000e+01
529.606996	304043.782305	3.289000e-05	1.000000e+01
530.630416	302160.447197	3.309500e-05	1.000000e+01
531.654357	300201.134760	3.331100e-05	1.000000e+01
532.679460	298311.556590	3.352200e-05	1.000000e+01
533.703373	296243.630762	3.375600e-05	1.000000e+01
534.727062	294117.647059	3.400000e-05	1.000000e+01
535.752794	292167.002659	3.422700e-05	1.000000e+01
536.777189	289880.279445	3.449700e-05	1.000000e+01
537.801457	287811.195856	3.474500e-05	1.000000e+01
538.825157	285477.747010	3.502900e-05	1.000000e+01
539.849343	283816.767895	3.523400e-05	1.000000e+01
540.873222	282326.369283	3.542000e-05	1.000000e+01
541.898983	280520.646320	3.564800e-05	1.000000e+01
542.922525	278411.938304	3.591800e-05	1.000000e+01
543.946436	276456.928011	3.617200e-05	1.000000e+01
544.970368	274597.028860	3.641700e-05	1.000000e+01
545.994393	272739.669985	3.666500e-05	1.000000e+01
547.018530	270921.947387	3.691100e-05	1.000000e+01
548.042357	269077.601980	3.716400e-05	1.000000e+01
549.067091	267737.617135	3.735000e-05	1.000000e+01
550.093315	266389.621460	3.753900e-05	1.000000e+01
551.120580	265118.375355	3.771900e-05	1.000000e+01
552.146926	263699.171985	3.792200e-05	1.000000e+01
553.173280	262350.132487	3.811700e-05	1.000000e+01
554.201127	261062.524475	3.830500e-05	1.000000e+01
555.227974	259773.996623	3.849500e-05	1.000000e+01
556.254038	258324.507246	3.871100e-05	1.000000e+01
557.280972	256910.903299	3.892400e-05	1.000000e+01
558.306580	256554.979732	3.897800e-05	1.000000e+01
559.331548	255564.926270	3.912900e-05	1.000000e+01
560.356795	253871.541000	3.939000e-05	1.000000e+01
561.382470	252525.252525	3.960000e-05	1.000000e+01
562.409225	250959.921701	3.984700e-05	1.000000e+01
563.434338	249606.869181	4.006300e-05	1.000000e+01
564.458884	248151.273016	4.029800e-05	1.000000e+01
565.483396	247035.573123	4.048000e-05	1.000000e+01
566.508105	245718.357618	4.069700e-05	1.000000e+01
567.533524	244768.082242	4.085500e-05	1.000000e+01
568.559247	243575.691146	4.105500e-05	1.000000e+01
569.583428	242236.325759	4.128200e-05	1.000000e+01
570.608565	240830.383161	4.152300e-05	1.000000e+01
571.633128	239549.646664	4.174500e-05	1.000000e+01
572.657505	238384.705237	4.194900e-05	1.000000e+01
573.683044	236989.288084	4.219600e-05	1.000000e+01
574.707122	235921.390993	4.238700e-05	1.000000e+01
575.731221	234686.693264	4.261000e-05	1.000000e+01
576.755249	233388.568628	4.284700e-05	1.000000e+01
577.779731	232104.725652	4.308400e-05	1.000000e+01
578.804164	230882.896195	4.331200e-05	1.000000e+01
579.827431	229673.863114	4.354000e-05	1.000000e+01
580.851347	228409.584066	4.378100e-05	1.000000e+01
581.875653	227314.057101	4.399200e-05	1.000000e+01
582.900624	226014.238897	4.424500e-05	1.000000e+01
583.924171	224865.642778	4.447100e-05	1.000000e+01
584.948481	223848.857252	4.467300e-05	1.000000e+01
585.973174	222766.763199	4.489000e-05	1.000000e+01
586.997515	221670.508955	4.511200e-05	1.000000e+01
588.022236	220550.936239	4.534100e-05	1.000000e+01
589.047090	219529.329118	4.555200e-05	1.000000e+01
590.070942	218488.496581	4.576900e-05	1.000000e+01
591.095661	217448.029921	4.598800e-05	1.000000e+01
592.119422	216300.397993	4.623200e-05	1.000000e+01
593.143226	215266.715460	4.645400e-05	1.000000e+01
594.167712	214215.329249	4.668200e-05	1.000000e+01
595.192099	213137.814911	4.691800e-05	1.000000e+01
596.215550	212044.105174	4.716000e-05	1.000000e+01
597.238879	211095.161699	4.737200e-05	1.000000e+01
598.261760	209898.828765	4.764200e-05	1.000000e+01
599.287254	208807.500365	4.789100e-05	1.000000e+01
600.311324	207589.471062	4.817200e-05	1.000000e+01
601.335425	206500.640152	4.842600e-05	1.000000e+01
602.360095	205380.981721	4.869000e-05	1.000000e+01
603.384646	204306.787071	4.894600e-05	1.000000e+01
604.408537	203194.213029	4.921400e-05	1.000000e+01
605.432579	202212.201484	4.945300e-05	1.000000e+01
606.456696	201102.039175	4.972600e-05	1.000000e+01
607.480697	200120.072043	4.997000e-05	1.000000e+01
608.504518	199068.360075	5.023400e-05	1.000000e+01
609.528453	198066.867374	5.048800e-05	1.000000e+01
610.552754	197156.996116	5.072100e-05	1.000000e+01
611.575739	196147.659958	5.098200e-05	1.000000e+01
612.598678	195182.886365	5.123400e-05	1.000000e+01
613.623498	194423.921919	5.143400e-05	1.000000e+01
614.647676	193674.587957	5.163300e-05	1.000000e+01
615.672197	192860.311277	5.185100e-05	1.000000e+01
616.696272	192211.586514	5.202600e-05	1.000000e+01
617.720306	191233.840740	5.229200e-05	1.000000e+01
618.743935	190280.473418	5.255400e-05	1.000000e+01
619.769737	189289.973310	5.282900e-05	1.000000e+01
620.797531	188338.104565	5.309600e-05	1.000000e+01
621.821636	187395.761108	5.336300e-05	1.000000e+01
622.845302	186601.977981	5.359000e-05	1.000000e+01
623.867551	185628.631360	5.387100e-05	1.000000e+01
624.894997	184702.905377	5.414100e-05	1.000000e+01
625.923098	183803.256994	5.440600e-05	1.000000e+01
626.949818	182929.060110	5.466600e-05	1.000000e+01
627.975877	182169.271687	5.489400e-05	1.000000e+01
629.002617	181353.258011	5.514100e-05	1.000000e+01
630.028951	180551.041780	5.538600e-05	1.000000e+01
631.056296	179694.519317	5.565000e-05	1.000000e+01
632.081883	178868.478008	5.590700e-05	1.000000e+01
633.105617	177986.615407	5.618400e-05	1.000000e+01
634.129509	177053.824363	5.648000e-05	1.000000e+01
635.154502	176397.953784	5.669000e-05	1.000000e+01
636.178528	175524.819209	5.697200e-05	1.000000e+01
637.202541	174672.489083	5.725000e-05	1.000000e+01
638.227298	173695.546446	5.757200e-05	1.000000e+01
639.251887	172872.800194	5.784600e-05	1.000000e+01
640.277239	172013.417047	5.813500e-05	1.000000e+01
641.300863	171103.962768	5.844400e-05	1.000000e+01
642.324771	170340.339999	5.870600e-05	1.000000e+01
643.348728	169626.651740	5.895300e-05	1.000000e+01
644.372752	168827.660724	5.923200e-05	1.000000e+01
645.396663	167988.173633	5.952800e-05	1.000000e+01
646.420077	167378.023266	5.974500e-05	1.000000e+01
647.444609	166852.985834	5.993300e-05	1.000000e+01
648.468401	166433.659543	6.008400e-05	1.000000e+01
649.491602	165744.024928	6.033400e-05	1.000000e+01
650.515976	165081.880613	6.057600e-05	1.000000e+01
651.540723	164357.444570	6.084300e-05	1.000000e+01
652.565516	163757.246258	6.106600e-05	1.000000e+01
653.589536	163068.293001	6.132400e-05	1.000000e+01
654.613672	162435.228952	6.156300e-05	1.000000e+01
655.637803	161705.017707	6.184100e-05	1.000000e+01
656.661557	161175.939656	6.204400e-05	1.000000e+01
657.686041	160518.796751	6.229800e-05	1.000000e+01
658.710562	159887.439243	6.254400e-05	1.000000e+01
659.734690	159261.028826	6.279000e-05	1.000000e+01
660.759914	158528.852251	6.308000e-05	1.000000e+01
661.783747	157818.319551	6.336400e-05	1.000000e+01
662.807636	157158.573000	6.363000e-05	1.000000e+01
663.831703	156501.870197	6.389700e-05	1.000000e+01
664.855500	155753.535605	6.420400e-05	1.000000e+01
665.879452	155060.396024	6.449100e-05	1.000000e+01
666.903007	154356.718376	6.478500e-05	1.000000e+01
667.926719	153839.053582	6.500300e-05	1.000000e+01
668.950845	153259.053779	6.524900e-05	1.000000e+01
669.974826	152606.519351	6.552800e-05	1.000000e+01
670.998779	152142.161636	6.572800e-05	1.000000e+01
672.022866	151416.501370	6.604300e-05	1.000000e+01
673.046832	150720.443721	6.634800e-05	1.000000e+01
674.071701	150183.975370	6.658500e-05	1.000000e+01
675.095678	149693.876024	6.680300e-05	1.000000e+01
676.120450	149158.003073	6.704300e-05	1.000000e+01
677.144657	148586.202285	6.730100e-05	1.000000e+01
678.168495	148049.448516	6.754500e-05	1.000000e+01
679.192614	147540.499867	6.777800e-05	1.000000e+01
680.216416	147037.200412	6.801000e-05	1.000000e+01
681.240750	146464.350577	6.827600e-05	1.000000e+01
682.264490	145947.050410	6.851800e-05	1.000000e+01
683.288883	145306.596920	6.882000e-05	1.000000e+01
684.313740	144573.436077	6.916900e-05	1.000000e+01
685.341255	144005.068978	6.944200e-05	1.000000e+01
686.368594	143498.787435	6.968700e-05	1.000000e+01
687.395678	143190.572333	6.983700e-05	1.000000e+01
688.420900	142712.391717	7.007100e-05	1.000000e+01
689.445909	141900.329209	7.047200e-05	1.000000e+01
690.470492	141254.908608	7.079400e-05	1.000000e+01
691.496593	140502.718728	7.117300e-05	1.000000e+01
692.522025	139956.053799	7.145100e-05	1.000000e+01
693.545953	139403.908886	7.173400e-05	1.000000e+01
694.569831	138937.130948	7.197500e-05	1.000000e+01
695.593798	138383.405062	7.226300e-05	1.000000e+01
696.617897	137864.479217	7.253500e-05	1.000000e+01
697.642377	137379.621107	7.279100e-05	1.000000e+01
698.666766	136930.028755	7.303000e-05	1.000000e+01
699.690902	136336.369090	7.334800e-05	1.000000e+01
700.715459	135821.584766	7.362600e-05	1.000000e+01
701.739527	135510.535944	7.379500e-05	1.000000e+01
702.762883	134916.351862	7.412000e-05	1.000000e+01
703.786708	134350.816853	7.443200e-05	1.000000e+01
704.810959	133838.350041	7.471700e-05	1.000000e+01
705.835261	133239.177648	7.505300e-05	1.000000e+01
706.858951	132721.046904	7.534600e-05	1.000000e+01
707.883488	132154.515059	7.566900e-05	1.000000e+01
708.907718	131625.709134	7.597300e-05	1.000000e+01
709.932030	131109.712608	7.627200e-05	1.000000e+01
710.955981	130650.640188	7.654000e-05	1.000000e+01
711.979657	130118.537988	7.685300e-05	1.000000e+01
713.003615	129706.733077	7.709700e-05	1.000000e+01
714.027494	129407.958589	7.727500e-05	1.000000e+01
715.051759	128847.714886	7.761100e-05	1.000000e+01
716.075732	128391.130741	7.788700e-05	1.000000e+01
717.099900	127918.132395	7.817500e-05	1.000000e+01
718.123937	127438.861206	7.846900e-05	1.000000e+01
719.148746	126984.126984	7.875000e-05	1.000000e+01
720.172752	126558.248434	7.901500e-05	1.000000e+01
721.196881	126038.240002	7.934100e-05	1.000000e+01
722.221031	125585.542592	7.962700e-05	1.000000e+01
723.246439	125076.609423	7.995100e-05	1.000000e+01
724.271800	124672.734073	8.021000e-05	1.000000e+01
725.295847	124282.269891	8.046200e-05	1.000000e+01
726.319891	123874.292368	8.072700e-05	1.000000e+01
727.344638	123351.712739	8.106900e-05	1.000000e+01
728.369606	122925.629994	8.135000e-05	1.000000e+01
729.392830	122502.480675	8.163100e-05	1.000000e+01
730.417568	122189.638319	8.184000e-05	1.000000e+01
731.442275	121626.388061	8.221900e-05	1.000000e+01
732.469216	121179.806597	8.252200e-05	1.000000e+01
733.496678	120644.725413	8.288800e-05	1.000000e+01
734.522403	120206.755620	8.319000e-05	1.000000e+01
735.547466	119786.301239	8.348200e-05	1.000000e+01
736.574757	119375.902780	8.376900e-05	1.000000e+01
737.601234	118903.236546	8.410200e-05	1.000000e+01
738.626910	118438.506727	8.443200e-05	1.000000e+01
739.651654	118040.062797	8.471700e-05	1.000000e+01
740.676807	117712.146716	8.495300e-05	1.000000e+01
741.702170	117330.955426	8.522900e-05	1.000000e+01
742.726072	116927.610117	8.552300e-05	1.000000e+01
743.750536	116517.524236	8.582400e-05	1.000000e+01
744.774106	116148.065554	8.609700e-05	1.000000e+01
745.798430	115766.198585	8.638100e-05	1.000000e+01
746.823065	115346.905819	8.669500e-05	1.000000e+01
747.847144	115021.854152	8.694000e-05	1.000000e+01
748.871276	114727.579363	8.716300e-05	1.000000e+01
749.895842	114514.743773	8.732500e-05	1.000000e+01
750.919898	114087.527951	8.765200e-05	1.000000e+01
751.943229	113576.993844	8.804600e-05	1.000000e+01
752.966862	113172.100814	8.836100e-05	1.000000e+01
753.991215	112757.368694	8.868600e-05	1.000000e+01
755.015686	112306.551964	8.904200e-05	1.000000e+01
756.039891	111898.127944	8.936700e-05	1.000000e+01
757.064134	111469.050618	8.971100e-05	1.000000e+01
758.088531	111016.130644	9.007700e-05	1.000000e+01
759.112228	110591.331851	9.042300e-05	1.000000e+01
760.136329	110195.266011	9.074800e-05	1.000000e+01
761.160172	109765.869401	9.110300e-05	1.000000e+01
762.184056	109396.024548	9.141100e-05	1.000000e+01
763.208018	108978.760040	9.176100e-05	1.000000e+01
764.232120	108634.250206	9.205200e-05	1.000000e+01
765.256702	108296.602736	9.233900e-05	1.000000e+01
766.281104	107968.041460	9.262000e-05	1.000000e+01
767.304913	107568.521148	9.296400e-05	1.000000e+01
768.328100	107217.909680	9.326800e-05	1.000000e+01
769.351788	106752.068321	9.367500e-05	1.000000e+01
770.376475	106409.014972	9.397700e-05	1.000000e+01
771.400104	106040.040719	9.430400e-05	1.000000e+01
772.424036	105711.597619	9.459700e-05	1.000000e+01
773.448070	105401.844532	9.487500e-05	1.000000e+01
774.472582	105118.205422	9.513100e-05	1.000000e+01
775.497007	104789.948548	9.542900e-05	1.000000e+01
776.521216	104463.735414	9.572700e-05	1.000000e+01
777.545143	104098.352123	9.606300e-05	1.000000e+01
778.569600	103772.116432	9.636500e-05	1.000000e+01
779.593179	103385.887826	9.672500e-05	1.000000e+01
780.617064	103027.992706	9.706100e-05	1.000000e+01
781.641250	102708.421063	9.736300e-05	1.000000e+01
782.665738	102370.910282	9.768400e-05	1.000000e+01
783.690796	102060.603586	9.798100e-05	1.000000e+01
784.714877	101715.948043	9.831300e-05	1.000000e+01
785.738282	101434.280730	9.858600e-05	1.000000e+01
786.762616	101187.946492	9.882600e-05	1.000000e+01
787.786268	100857.286939	9.915000e-05	1.000000e+01
788.810348	100538.888442	9.946400e-05	1.000000e+01
789.834304	100211.446151	9.978900e-05	1.000000e+01
790.858419	99980.003999	1.000200e-04	1.000000e+01
791.882859	99681.020734	1.003200e-04	1.000000e+01
792.907110	99373.944152	1.006300e-04	1.000000e+01
793.931436	99029.510794	1.009800e-04	1.000000e+01
794.955555	98755.678452	1.012600e-04	1.000000e+01
795.979232	98434.885323	1.015900e-04	1.000000e+01
797.002825	98125.797272	1.019100e-04	1.000000e+01
798.026101	97818.644234	1.022300e-04	1.000000e+01
799.051448	97503.900156	1.025600e-04	1.000000e+01
800.075044	97181.729835	1.029000e-04	1.000000e+01
801.098962	96842.920782	1.032600e-04	1.000000e+01
802.122416	96515.780330	1.036100e-04	1.000000e+01
803.146668	96209.351549	1.039400e-04	1.000000e+01
804.170079	95914.061001	1.042600e-04	1.000000e+01
805.193195	95602.294455	1.046000e-04	1.000000e+01
806.217015	95283.468318	1.049500e-04	1.000000e+01
807.242841	94993.825401	1.052700e-04	1.000000e+01
808.267441	94723.879890	1.055700e-04	1.000000e+01
809.291365	94464.386926	1.058600e-04	1.000000e+01
810.315296	94170.825878	1.061900e-04	1.000000e+01
811.339806	93879.083740	1.065200e-04	1.000000e+01
812.364162	93624.192491	1.068100e-04	1.000000e+01
813.388060	93370.681606	1.071000e-04	1.000000e+01
814.412179	93083.868566	1.074300e-04	1.000000e+01
815.436721	92798.812175	1.077600e-04	1.000000e+01
816.461147	92506.938020	1.081000e-04	1.000000e+01
817.485070	92165.898618	1.085000e-04	1.000000e+01
818.509007	91835.797594	1.088900e-04	1.000000e+01
819.533284	91499.679751	1.092900e-04	1.000000e+01
820.557284	91190.953857	1.096600e-04	1.000000e+01
821.581450	90884.304281	1.100300e-04	1.000000e+01
822.605378	90645.395214	1.103200e-04	1.000000e+01
823.629359	90366.889572	1.106600e-04	1.000000e+01
824.653355	90090.090090	1.110000e-04	1.000000e+01
825.678152	89831.117499	1.113200e-04	1.000000e+01
826.702147	89605.734767	1.116000e-04	1.000000e+01
827.726451	89381.480157	1.118800e-04	1.000000e+01
828.750649	89118.616879	1.122100e-04	1.000000e+01
829.776429	88912.598915	1.124700e-04	1.000000e+01
830.799395	88707.531269	1.127300e-04	1.000000e+01
831.822671	88432.967810	1.130800e-04	1.000000e+01
832.848201	88152.327221	1.134400e-04	1.000000e+01
833.872434	87881.184638	1.137900e-04	1.000000e+01
834.897063	87634.738410	1.141100e-04	1.000000e+01
835.920538	87298.123090	1.145500e-04	1.000000e+01
836.945589	87085.256466	1.148300e-04	1.000000e+01
837.970145	86971.647243	1.149800e-04	1.000000e+01
838.994371	86617.583369	1.154500e-04	1.000000e+01
840.018367	86296.168450	1.158800e-04	1.000000e+01
841.043094	85947.571981	1.163500e-04	1.000000e+01
842.067531	85645.769099	1.167600e-04	1.000000e+01
843.091130	85346.078348	1.171700e-04	1.000000e+01
844.115515	85120.871638	1.174800e-04	1.000000e+01
845.140340	84868.030213	1.178300e-04	1.000000e+01
846.165160	84580.901632	1.182300e-04	1.000000e+01
847.189074	84395.307621	1.184900e-04	1.000000e+01
848.212390	84167.999327	1.188100e-04	1.000000e+01
849.236694	83970.106642	1.190900e-04	1.000000e+01
850.261452	83640.013382	1.195600e-04	1.000000e+01
851.285356	83375.020844	1.199400e-04	1.000000e+01
852.309267	83160.083160	1.202500e-04	1.000000e+01
853.333117	82939.371320	1.205700e-04	1.000000e+01
854.357144	82699.305326	1.209200e-04	1.000000e+01
855.380574	82433.435001	1.213100e-04	1.000000e+01
856.405346	82176.021037	1.216900e-04	1.000000e+01
857.429457	81920.209716	1.220700e-04	1.000000e+01
858.454102	81679.326962	1.224300e-04	1.000000e+01
859.478081	81486.310300	1.227200e-04	1.000000e+01
860.501556	81327.260898	1.229600e-04	1.000000e+01
861.525791	81083.272521	1.233300e-04	1.000000e+01
862.550268	80827.675396	1.237200e-04	1.000000e+01
863.574431	80586.670965	1.240900e-04	1.000000e+01
864.598156	80289.040546	1.245500e-04	1.000000e+01
865.622205	80038.418441	1.249400e-04	1.000000e+01
866.646449	79782.990266	1.253400e-04	1.000000e+01
867.670316	79548.166415	1.257100e-04	1.000000e+01
868.694290	79283.279156	1.261300e-04	1.000000e+01
869.718938	79063.883618	1.264800e-04	1.000000e+01
870.743920	78808.416739	1.268900e-04	1.000000e+01
871.768653	78566.939032	1.272800e-04	1.000000e+01
872.793155	78314.668337	1.276900e-04	1.000000e+01
873.817674	78118.896961	1.280100e-04	1.000000e+01
874.842279	77899.820830	1.283700e-04	1.000000e+01
875.867260	77694.040867	1.287100e-04	1.000000e+01
876.891236	77459.333850	1.291000e-04	1.000000e+01
877.915670	77249.903438	1.294500e-04	1.000000e+01
878.939576	77041.602465	1.298000e-04	1.000000e+01
879.964375	76828.518746	1.301600e-04	1.000000e+01
880.988157	76604.872070	1.305400e-04	1.000000e+01
882.011420	76394.194041	1.309000e-04	1.000000e+01
883.034528	76149.862930	1.313200e-04	1.000000e+01
884.059610	75930.144267	1.317000e-04	1.000000e+01
885.084318	75740.362039	1.320300e-04	1.000000e+01
886.108337	75545.818539	1.323700e-04	1.000000e+01
887.132491	75318.219477	1.327700e-04	1.000000e+01
888.156552	75075.075075	1.332000e-04	1.000000e+01
889.180494	74867.110878	1.335700e-04	1.000000e+01
890.204556	74665.870231	1.339300e-04	1.000000e+01
891.228563	74437.993152	1.343400e-04	1.000000e+01
892.253531	74217.010539	1.347400e-04	1.000000e+01
893.277595	73975.440154	1.351800e-04	1.000000e+01
894.301709	73768.073178	1.355600e-04	1.000000e+01
895.326006	73594.347954	1.358800e-04	1.000000e+01
896.350267	73362.189128	1.363100e-04	1.000000e+01
897.375458	73163.593796	1.366800e-04	1.000000e+01
898.399391	72976.720426	1.370300e-04	1.000000e+01
899.423997	72769.611410	1.374200e-04	1.000000e+01
900.448539	72568.940493	1.378000e-04	1.000000e+01
901.473422	72385.088672	1.381500e-04	1.000000e+01
902.497284	72196.953289	1.385100e-04	1.000000e+01
903.521240	72014.979116	1.388600e-04	1.000000e+01
904.545639	71818.442976	1.392400e-04	1.000000e+01
905.569582	71612.718419	1.396400e-04	1.000000e+01
906.593716	71397.972298	1.400600e-04	1.000000e+01
907.617882	71199.715201	1.404500e-04	1.000000e+01
908.643335	70977.358223	1.408900e-04	1.000000e+01
909.667327	70761.392584	1.413200e-04	1.000000e+01
910.691705	70576.610911	1.416900e-04	1.000000e+01
911.716157	70397.747272	1.420500e-04	1.000000e+01
912.740599	70190.215484	1.424700e-04	1.000000e+01
913.764929	69964.318198	1.429300e-04	1.000000e+01
914.789266	69764.197014	1.433400e-04	1.000000e+01
915.813725	69579.738380	1.437200e-04	1.000000e+01
916.837573	69415.521311	1.440600e-04	1.000000e+01
917.862355	69228.106611	1.444500e-04	1.000000e+01
918.886759	69022.639426	1.448800e-04	1.000000e+01
919.910343	68842.076277	1.452600e-04	1.000000e+01
920.935264	68648.314684	1.456700e-04	1.000000e+01
921.960593	68469.702157	1.460500e-04	1.000000e+01
922.984601	68287.353182	1.464400e-04	1.000000e+01
924.008690	68101.334786	1.468400e-04	1.000000e+01
925.034139	67939.398057	1.471900e-04	1.000000e+01
926.058793	67759.859059	1.475800e-04	1.000000e+01
927.082910	67572.133252	1.479900e-04	1.000000e+01
928.106853	67371.825103	1.484300e-04	1.000000e+01
929.131703	67163.677883	1.488900e-04	1.000000e+01
930.156328	66997.186118	1.492600e-04	1.000000e+01
931.180422	66822.586034	1.496500e-04	1.000000e+01
932.204643	66626.690652	1.500900e-04	1.000000e+01
933.228962	66445.182724	1.505000e-04	1.000000e+01
934.253565	66255.880209	1.509300e-04	1.000000e+01
935.277326	66063.288631	1.513700e-04	1.000000e+01
936.300607	65876.152833	1.518000e-04	1.000000e+01
937.325059	65815.453468	1.519400e-04	1.000000e+01
938.349704	65659.881812	1.523000e-04	1.000000e+01
939.373653	65410.779696	1.528800e-04	1.000000e+01
940.397608	65218.809105	1.533300e-04	1.000000e+01
941.422133	65053.343742	1.537200e-04	1.000000e+01
942.446273	64888.715852	1.541100e-04	1.000000e+01
943.469726	64703.979295	1.545500e-04	1.000000e+01
944.494618	64491.164710	1.550600e-04	1.000000e+01
945.519273	64325.228355	1.554600e-04	1.000000e+01
946.543914	64160.143719	1.558600e-04	1.000000e+01
947.567813	64000.000000	1.562500e-04	1.000000e+01
948.591706	63832.503511	1.566600e-04	1.000000e+01
949.616273	63637.520682	1.571400e-04	1.000000e+01
950.641572	63488.032506	1.575100e-04	1.000000e+01
951.665985	63331.222293	1.579000e-04	1.000000e+01
952.689786	63187.160369	1.582600e-04	1.000000e+01
953.714189	63059.654433	1.585800e-04	1.000000e+01
954.738173	62893.081761	1.590000e-04	1.000000e+01
955.763365	62719.518314	1.594400e-04	1.000000e+01
956.788820	62593.890836	1.597600e-04	1.000000e+01
957.812871	62445.360310	1.601400e-04	1.000000e+01
958.837382	62235.499129	1.606800e-04	1.000000e+01
959.861841	62007.812984	1.612700e-04	1.000000e+01
960.885925	61819.980218	1.617600e-04	1.000000e+01
961.909852	61652.281134	1.622000e-04	1.000000e+01
962.934464	61500.615006	1.626000e-04	1.000000e+01
963.958862	61330.880098	1.630500e-04	1.000000e+01
964.982837	61210.748607	1.633700e-04	1.000000e+01
966.006973	61042.607740	1.638200e-04	1.000000e+01
967.030770	60871.682493	1.642800e-04	1.000000e+01
968.055441	60698.027314	1.647500e-04	1.000000e+01
969.078767	60551.014229	1.651500e-04	1.000000e+01
970.102713	60397.414991	1.655700e-04	1.000000e+01
971.127226	60222.824450	1.660500e-04	1.000000e+01
972.150726	60070.883643	1.664700e-04	1.000000e+01
973.174746	59934.072520	1.668500e-04	1.000000e+01
974.198704	59769.290539	1.673100e-04	1.000000e+01
975.223261	59655.192985	1.676300e-04	1.000000e+01
976.248100	59506.099375	1.680500e-04	1.000000e+01
977.272715	59350.703306	1.684900e-04	1.000000e+01
978.296965	59171.597633	1.690000e-04	1.000000e+01
979.321552	58993.569701	1.695100e-04	1.000000e+01
980.346588	58795.860771	1.700800e-04	1.000000e+01
981.370478	58640.708380	1.705300e-04	1.000000e+01
982.393689	58486.372675	1.709800e-04	1.000000e+01
983.418070	58339.653462	1.714100e-04	1.000000e+01
984.441983	58183.510793	1.718700e-04	1.000000e+01
985.465829	58024.834629	1.723400e-04	1.000000e+01
986.489639	57877.069105	1.727800e-04	1.000000e+01
987.513620	57756.728659	1.731400e-04	1.000000e+01
988.537837	57597.051031	1.736200e-04	1.000000e+01
989.561943	57425.060296	1.741400e-04	1.000000e+01
990.585962	57250.815824	1.746700e-04	1.000000e+01
991.610586	57097.179399	1.751400e-04	1.000000e+01
992.634999	56960.583276	1.755600e-04	1.000000e+01
993.658532	56821.410307	1.759900e-04	1.000000e+01
994.681968	56660.434019	1.764900e-04	1.000000e+01
995.707247	56516.333220	1.769400e-04	1.000000e+01
996.732040	56366.608421	1.774100e-04	1.000000e+01
997.755941	56227.157717	1.778500e-04	1.000000e+01
998.780716	56113.573874	1.782100e-04	1.000000e+01
999.804819	55944.055944	1.787500e-04	1.000000e+01
1000.828874	55812.915109	1.791700e-04	1.000000e+01
1001.852887	55682.387661	1.795900e-04	1.000000e+01
1002.876148	55543.212619	1.800400e-04	1.000000e+01
1003.900316	55417.013023	1.804500e-04	1.000000e+01
1004.923748	55325.034578	1.807500e-04	1.000000e+01
1005.947685	55196.776508	1.811700e-04	1.000000e+01
1006.970961	55069.111735	1.815900e-04	1.000000e+01
1007.995007	54920.913884	1.820800e-04	1.000000e+01
1009.019106	54767.511912	1.825900e-04	1.000000e+01
1010.042138	54585.152838	1.832000e-04	1.000000e+01
1011.067755	54454.367240	1.836400e-04	1.000000e+01
1012.092065	54306.505919	1.841400e-04	1.000000e+01
1013.116075	54200.542005	1.845000e-04	1.000000e+01
1014.139959	54051.132371	1.850100e-04	1.000000e+01
1015.163953	53937.432578	1.854000e-04	1.000000e+01
1016.187944	53803.938448	1.858600e-04	1.000000e+01
1017.211942	53665.342922	1.863400e-04	1.000000e+01
1018.235957	53524.594551	1.868300e-04	1.000000e+01
1019.259905	53407.391583	1.872400e-04	1.000000e+01
1020.284485	53250.971830	1.877900e-04	1.000000e+01
1021.309817	53087.009609	1.883700e-04	1.000000e+01
1022.333771	52932.458183	1.889200e-04	1.000000e+01
1023.357781	52806.674764	1.893700e-04	1.000000e+01
1024.383241	52681.487725	1.898200e-04	1.000000e+01
1025.406978	52548.607462	1.903000e-04	1.000000e+01
1026.431040	52421.891382	1.907600e-04	1.000000e+01
1027.455157	52287.581699	1.912500e-04	1.000000e+01
1028.480080	52137.643379	1.918000e-04	1.000000e+01
1029.504143	52050.801582	1.921200e-04	1.000000e+01
1030.528182	51918.384300	1.926100e-04	1.000000e+01
1031.552183	51778.594729	1.931300e-04	1.000000e+01
1032.576232	51671.575466	1.935300e-04	1.000000e+01
1033.599987	51522.489567	1.940900e-04	1.000000e+01
1034.624034	51384.820924	1.946100e-04	1.000000e+01
1035.647803	51255.766274	1.951000e-04	1.000000e+01
1036.671673	51119.517432	1.956200e-04	1.000000e+01
1037.696755	50968.399592	1.962000e-04	1.000000e+01
1038.720764	50846.595820	1.966700e-04	1.000000e+01
1039.744437	50712.510776	1.971900e-04	1.000000e+01
1040.769555	50581.689428	1.977000e-04	1.000000e+01
1041.793763	50448.996065	1.982200e-04	1.000000e+01
1042.817916	50319.529009	1.987300e-04	1.000000e+01
1043.842071	50183.168565	1.992700e-04	1.000000e+01
1044.866129	50050.050050	1.998000e-04	1.000000e+01
1045.890037	49927.604973	2.002900e-04	1.000000e+01
1046.914110	49803.277056	2.007900e-04	1.000000e+01
1047.938209	49677.098857	2.013000e-04	1.000000e+01
1048.962311	49571.209042	2.017300e-04	1.000000e+01
1049.986156	49446.202532	2.022400e-04	1.000000e+01
1051.011187	49333.991120	2.027000e-04	1.000000e+01
1052.035028	49217.442662	2.031800e-04	1.000000e+01
1053.058992	49108.677503	2.036300e-04	1.000000e+01
1054.082897	48973.994809	2.041900e-04	1.000000e+01
1055.106891	48868.689830	2.046300e-04	1.000000e+01
1056.130286	48740.069211	2.051700e-04	1.000000e+01
1057.154253	48612.123864	2.057100e-04	1.000000e+01
1058.179015	48501.309535	2.061800e-04	1.000000e+01
1059.203879	48381.634332	2.066900e-04	1.000000e+01
1060.227367	48260.219101	2.072100e-04	1.000000e+01
1061.251734	48153.320171	2.076700e-04	1.000000e+01
1062.276539	48044.585375	2.081400e-04	1.000000e+01
1063.300957	47924.853829	2.086600e-04	1.000000e+01
1064.325262	47796.577765	2.092200e-04	1.000000e+01
1065.349350	47671.258998	2.097700e-04	1.000000e+01
1066.373436	47544.335092	2.103300e-04	1.000000e+01
1067.398026	47413.588735	2.109100e-04	1.000000e+01
1068.421843	47299.214833	2.114200e-04	1.000000e+01
1069.445298	47183.165047	2.119400e-04	1.000000e+01
1070.470515	47065.468066	2.124700e-04	1.000000e+01
1071.495036	46959.380136	2.129500e-04	1.000000e+01
1072.518860	46855.964764	2.134200e-04	1.000000e+01
1073.542155	46746.447270	2.139200e-04	1.000000e+01
1074.566970	46628.741957	2.144600e-04	1.000000e+01
1075.591944	46526.776160	2.149300e-04	1.000000e+01
1076.616231	46412.327114	2.154600e-04	1.000000e+01
1077.640986	46283.439785	2.160600e-04	1.000000e+01
1078.665277	46138.230137	2.167400e-04	1.000000e+01
1079.689904	46023.564065	2.172800e-04	1.000000e+01
1080.714030	45922.116091	2.177600e-04	1.000000e+01
1081.738053	45806.422060	2.183100e-04	1.000000e+01
1082.762712	45682.960256	2.189000e-04	1.000000e+01
1083.787183	45566.390231	2.194600e-04	1.000000e+01
1084.810972	45456.611664	2.199900e-04	1.000000e+01
1085.834162	45359.702440	2.204600e-04	1.000000e+01
1086.858667	45250.916331	2.209900e-04	1.000000e+01
1087.883175	45138.575427	2.215400e-04	1.000000e+01
1088.906323	45034.902049	2.220500e-04	1.000000e+01
1089.929398	44953.922230	2.224500e-04	1.000000e+01
1090.953472	44837.017442	2.230300e-04	1.000000e+01
1091.977330	44696.732669	2.237300e-04	1.000000e+01
1093.001352	44561.294060	2.244100e-04	1.000000e+01
1094.025279	44422.726667	2.251100e-04	1.000000e+01
1095.049832	44326.241135	2.256000e-04	1.000000e+01
1096.074367	44236.043528	2.260600e-04	1.000000e+01
1097.098254	44138.418079	2.265600e-04	1.000000e+01
1098.122350	44043.162299	2.270500e-04	1.000000e+01
1099.146565	43921.293043	2.276800e-04	1.000000e+01
1100.171021	43811.610077	2.282500e-04	1.000000e+01
1101.194229	43698.654081	2.288400e-04	1.000000e+01
1102.218953	43588.178886	2.294200e-04	1.000000e+01
1103.242831	43472.590532	2.300300e-04	1.000000e+01
1104.267421	43368.895828	2.305800e-04	1.000000e+01
1105.290226	43269.438795	2.311100e-04	1.000000e+01
1106.313950	43176.028669	2.316100e-04	1.000000e+01
1107.338723	43055.196762	2.322600e-04	1.000000e+01
1108.363349	42951.636457	2.328200e-04	1.000000e+01
1109.387262	42855.918402	2.333400e-04	1.000000e+01
1110.411410	42755.141306	2.338900e-04	1.000000e+01
1111.436016	42645.741823	2.344900e-04	1.000000e+01
1112.462212	42545.949626	2.350400e-04	1.000000e+01
1113.487330	42432.214537	2.356700e-04	1.000000e+01
1114.511930	42317.295078	2.363100e-04	1.000000e+01
1115.536269	42202.996413	2.369500e-04	1.000000e+01
1116.561318	42091.085108	2.375800e-04	1.000000e+01
1117.585294	41993.868895	2.381300e-04	1.000000e+01
1118.610176	41881.308372	2.387700e-04	1.000000e+01
1119.634140	41790.296293	2.392900e-04	1.000000e+01
1120.659071	41690.986409	2.398600e-04	1.000000e+01
1121.684274	41604.260276	2.403600e-04	1.000000e+01
1122.708237	41531.688678	2.407800e-04	1.000000e+01
1123.731595	41433.602652	2.413500e-04	1.000000e+01
1124.756160	41330.853482	2.419500e-04	1.000000e+01
1125.780284	41238.813972	2.424900e-04	1.000000e+01
1126.804246	41152.263374	2.430000e-04	1.000000e+01
1127.829348	41072.822114	2.434700e-04	1.000000e+01
1128.853414	40975.209998	2.440500e-04	1.000000e+01
1129.878368	40866.366980	2.447000e-04	1.000000e+01
1130.902363	40761.423389	2.453300e-04	1.000000e+01
1131.926479	40652.059027	2.459900e-04	1.000000e+01
1132.951799	40569.597144	2.464900e-04	1.000000e+01
1133.976135	40479.274611	2.470400e-04	1.000000e+01
1134.999563	40368.157597	2.477200e-04	1.000000e+01
1136.023497	40256.028340	2.484100e-04	1.000000e+01
1137.048681	40154.192098	2.490400e-04	1.000000e+01
1138.072317	40059.287746	2.496300e-04	1.000000e+01
1139.095239	39955.250120	2.502800e-04	1.000000e+01
1140.118457	39864.460833	2.508500e-04	1.000000e+01
1141.142195	39786.743057	2.513400e-04	1.000000e+01
1142.167166	39704.597792	2.518600e-04	1.000000e+01
1143.192138	39610.235285	2.524600e-04	1.000000e+01
1144.215537	39517.881842	2.530500e-04	1.000000e+01
1145.239603	39422.849484	2.536600e-04	1.000000e+01
1146.264636	39325.179913	2.542900e-04	1.000000e+01
1147.288402	39238.767903	2.548500e-04	1.000000e+01
1148.312576	39132.816780	2.555400e-04	1.000000e+01
1149.337215	39027.436288	2.562300e-04	1.000000e+01
1150.361447	38939.293641	2.568100e-04	1.000000e+01
1151.385337	38848.529583	2.574100e-04	1.000000e+01
1152.409587	38761.192294	2.579900e-04	1.000000e+01
1153.433761	38656.306776	2.586900e-04	1.000000e+01
1154.459498	38556.446638	2.593600e-04	1.000000e+01
1155.485725	38473.376424	2.599200e-04	1.000000e+01
1156.509481	38380.349261	2.605500e-04	1.000000e+01
1157.533308	38278.977186	2.612400e-04	1.000000e+01
1158.557360	38178.139197	2.619300e-04	1.000000e+01
1159.581539	38092.335822	2.625200e-04	1.000000e+01
1160.605497	38005.472788	2.631200e-04	1.000000e+01
1161.629525	37911.817113	2.637700e-04	1.000000e+01
1162.654903	37818.621889	2.644200e-04	1.000000e+01
1163.679202	37728.730428	2.650500e-04	1.000000e+01
1164.703721	37639.265282	2.656800e-04	1.000000e+01
1165.727750	37558.685446	2.662500e-04	1.000000e+01
1166.752541	37482.664268	2.667900e-04	1.000000e+01
1167.776705	37397.157816	2.674000e-04	1.000000e+01
1168.800447	37310.648459	2.680200e-04	1.000000e+01
1169.824411	37227.309955	2.686200e-04	1.000000e+01
1170.848702	37154.003344	2.691500e-04	1.000000e+01
1171.873744	37069.988138	2.697600e-04	1.000000e+01
1172.897482	36978.145916	2.704300e-04	1.000000e+01
1173.921367	36893.562073	2.710500e-04	1.000000e+01
1174.945513	36803.945383	2.717100e-04	1.000000e+01
1175.970418	36733.644345	2.722300e-04	1.000000e+01
1176.994360	36654.204237	2.728200e-04	1.000000e+01
1178.018484	36547.036035	2.736200e-04	1.000000e+01
1179.042494	36469.730124	2.742000e-04	1.000000e+01
1180.066595	36379.511059	2.748800e-04	1.000000e+01
1181.090509	36273.940801	2.756800e-04	1.000000e+01
1182.114534	36217.449567	2.761100e-04	1.000000e+01
1183.138694	36118.033734	2.768700e-04	1.000000e+01
1184.163349	36025.650263	2.775800e-04	1.000000e+01
1185.186564	35937.612305	2.782600e-04	1.000000e+01
1186.210453	35864.146613	2.788300e-04	1.000000e+01
1187.234454	35787.138103	2.794300e-04	1.000000e+01
1188.259284	35704.084547	2.800800e-04	1.000000e+01
1189.283492	35626.491859	2.806900e-04	1.000000e+01
1190.307291	35540.391655	2.813700e-04	1.000000e+01
1191.331057	35448.422545	2.821000e-04	1.000000e+01
1192.356356	35358.178347	2.828200e-04	1.000000e+01
1193.380329	35277.101633	2.834700e-04	1.000000e+01
1194.403706	35196.395889	2.841200e-04	1.000000e+01
1195.428181	35117.291754	2.847600e-04	1.000000e+01
1196.452621	35027.496585	2.854900e-04	1.000000e+01
1197.476607	34938.159458	2.862200e-04	1.000000e+01
1198.500629	34851.705991	2.869300e-04	1.000000e+01
1199.525197	34775.351231	2.875600e-04	1.000000e+01
1200.549611	34708.965326	2.881100e-04	1.000000e+01
1201.573557	34621.243595	2.888400e-04	1.000000e+01
1202.597854	34541.121205	2.895100e-04	1.000000e+01
1203.622061	34460.181261	2.901900e-04	1.000000e+01
1204.647047	34386.712974	2.908100e-04	1.000000e+01
1205.672416	34295.905069	2.915800e-04	1.000000e+01
1206.697610	34217.279726	2.922500e-04	1.000000e+01
1207.721458	34137.848633	2.929300e-04	1.000000e+01
1208.747143	34058.785464	2.936100e-04	1.000000e+01
1209.772388	33987.016960	2.942300e-04	1.000000e+01
1210.796861	33908.650097	2.949100e-04	1.000000e+01
1211.820852	33824.922203	2.956400e-04	1.000000e+01
1212.844976	33742.745310	2.963600e-04	1.000000e+01
1213.870338	33653.037187	2.971500e-04	1.000000e+01
1214.894448	33561.551886	2.979600e-04	1.000000e+01
1215.918459	33488.496701	2.986100e-04	1.000000e+01
1216.943070	33405.712377	2.993500e-04	1.000000e+01
1217.967824	33346.672002	2.998800e-04	1.000000e+01
1218.990884	33277.870216	3.005000e-04	1.000000e+01
1220.015532	33217.073576	3.010500e-04	1.000000e+01
1221.039281	33124.648051	3.018900e-04	1.000000e+01
1222.063560	33042.558816	3.026400e-04	1.000000e+01
1223.087416	32956.530336	3.034300e-04	1.000000e+01
1224.110698	32876.352040	3.041700e-04	1.000000e+01
1225.135204	32801.941875	3.048600e-04	1.000000e+01
1226.159362	32728.938928	3.055400e-04	1.000000e+01
1227.184345	32644.533673	3.063300e-04	1.000000e+01
1228.208037	32596.649064	3.067800e-04	1.000000e+01
1229.232990	32551.023730	3.072100e-04	1.000000e+01
1230.256703	32472.804027	3.079500e-04	1.000000e+01
1231.280427	32406.507227	3.085800e-04	1.000000e+01
1232.304963	32327.934568	3.093300e-04	1.000000e+01
1233.329907	32264.309221	3.099400e-04	1.000000e+01
1234.354421	32181.244771	3.107400e-04	1.000000e+01
1235.380123	32115.100520	3.113800e-04	1.000000e+01
1236.404978	32028.697713	3.122200e-04	1.000000e+01
1237.427833	31942.758577	3.130600e-04	1.000000e+01
1238.450992	31863.369870	3.138400e-04	1.000000e+01
1239.475923	31784.374801	3.146200e-04	1.000000e+01
1240.499773	31692.707508	3.155300e-04	1.000000e+01
1241.523834	31619.553532	3.162600e-04	1.000000e+01
1242.547816	31543.751183	3.170200e-04	1.000000e+01
1243.572489	31465.340927	3.178100e-04	1.000000e+01
1244.595993	31394.217185	3.185300e-04	1.000000e+01
1245.619938	31314.586334	3.193400e-04	1.000000e+01
1246.643914	31244.141723	3.200600e-04	1.000000e+01
1247.668603	31166.240728	3.208600e-04	1.000000e+01
1248.692905	31088.727228	3.216600e-04	1.000000e+01
1249.716949	31030.844660	3.222600e-04	1.000000e+01
1250.741853	30964.545595	3.229500e-04	1.000000e+01
1251.764711	30899.483979	3.236300e-04	1.000000e+01
1252.788013	30822.340032	3.244400e-04	1.000000e+01
1253.811955	30761.658669	3.250800e-04	1.000000e+01
1254.835027	30680.493342	3.259400e-04	1.000000e+01
1255.859682	30614.744061	3.266400e-04	1.000000e+01
1256.883728	30537.148441	3.274700e-04	1.000000e+01
1257.908173	30471.082942	3.281800e-04	1.000000e+01
1258.931758	30399.756802	3.289500e-04	1.000000e+01
1259.955506	30329.683661	3.297100e-04	1.000000e+01
1260.979971	30259.017187	3.304800e-04	1.000000e+01
1262.003959	30190.502068	3.312300e-04	1.000000e+01
1263.027892	30123.203904	3.319700e-04	1.000000e+01
1264.051983	30051.688905	3.327600e-04	1.000000e+01
1265.075900	29976.917773	3.335900e-04	1.000000e+01
1266.099881	29906.989263	3.343700e-04	1.000000e+01
1267.124527	29840.057293	3.351200e-04	1.000000e+01
1268.148988	29800.929789	3.355600e-04	1.000000e+01
1269.172590	29716.798906	3.365100e-04	1.000000e+01
1270.196776	29653.352311	3.372300e-04	1.000000e+01
1271.220846	29570.925866	3.381700e-04	1.000000e+01
1272.244849	29505.488021	3.389200e-04	1.000000e+01
1273.268798	29436.872627	3.397100e-04	1.000000e+01
1274.293435	29364.263691	3.405500e-04	1.000000e+01
1275.316733	29298.019454	3.413200e-04	1.000000e+01
1276.340566	29236.346626	3.420400e-04	1.000000e+01
1277.364900	29167.274318	3.428500e-04	1.000000e+01
1278.389389	29101.068009	3.436300e-04	1.000000e+01
1279.413867	29029.261496	3.444800e-04	1.000000e+01
1280.437717	28960.324356	3.453000e-04	1.000000e+01
1281.461138	28880.866426	3.462500e-04	1.000000e+01
1282.485627	28806.821455	3.471400e-04	1.000000e+01
1283.510853	28748.850046	3.478400e-04	1.000000e+01
1284.535737	28682.882056	3.486400e-04	1.000000e+01
1285.559923	28613.940712	3.494800e-04	1.000000e+01
1286.583834	28542.071013	3.503600e-04	1.000000e+01
1287.609755	28466.509152	3.512900e-04	1.000000e+01
1288.634175	28397.796331	3.521400e-04	1.000000e+01
1289.657887	28344.671202	3.528000e-04	1.000000e+01
1290.681611	28276.544606	3.536500e-04	1.000000e+01
1291.706140	28222.278667	3.543300e-04	1.000000e+01
1292.731063	28157.909557	3.551400e-04	1.000000e+01
1293.754985	28097.780275	3.559000e-04	1.000000e+01
1294.778739	28031.619667	3.567400e-04	1.000000e+01
1295.804409	27964.205817	3.576000e-04	1.000000e+01
1296.829942	27897.115438	3.584600e-04	1.000000e+01
1297.853762	27836.543815	3.592400e-04	1.000000e+01
1298.876996	27770.063871	3.601000e-04	1.000000e+01
1299.901317	27710.042119	3.608800e-04	1.000000e+01
1300.925866	27643.400138	3.617500e-04	1.000000e+01
1301.949719	27574.796636	3.626500e-04	1.000000e+01
1302.974014	27509.559572	3.635100e-04	1.000000e+01
1303.998314	27446.890267	3.643400e-04	1.000000e+01
1305.022057	27386.005751	3.651500e-04	1.000000e+01
1306.045694	27323.897481	3.659800e-04	1.000000e+01
1307.068936	27256.868731	3.668800e-04	1.000000e+01
1308.093114	27184.254880	3.678600e-04	1.000000e+01
1309.117740	27113.497099	3.688200e-04	1.000000e+01
1310.141592	27048.226989	3.697100e-04	1.000000e+01
1311.165968	26975.263683	3.707100e-04	1.000000e+01
1312.190231	26906.312221	3.716600e-04	1.000000e+01
1313.214208	26855.731013	3.723600e-04	1.000000e+01
1314.238534	26780.931976	3.734000e-04	1.000000e+01
1315.263065	26718.679029	3.742700e-04	1.000000e+01
1316.287660	26656.714826	3.751400e-04	1.000000e+01
1317.311984	26604.235394	3.758800e-04	1.000000e+01
1318.353867	26544.209381	3.767300e-04	1.000000e+01
1319.378762	26476.740184	3.776900e-04	1.000000e+01
1320.403878	26409.613099	3.786500e-04	1.000000e+01
1321.427817	26358.101162	3.793900e-04	1.000000e+01
1322.451170	26299.179466	3.802400e-04	1.000000e+01
1323.476059	26228.132295	3.812700e-04	1.000000e+01
1324.499940	26167.735183	3.821500e-04	1.000000e+01
1325.523904	26099.438862	3.831500e-04	1.000000e+01
1326.547865	26038.276266	3.840500e-04	1.000000e+01
1327.571762	25981.449245	3.848900e-04	1.000000e+01
1328.595930	25915.463757	3.858700e-04	1.000000e+01
1329.620004	25860.508418	3.866900e-04	1.000000e+01
1330.644065	25791.808522	3.877200e-04	1.000000e+01
1331.668343	25722.810989	3.887600e-04	1.000000e+01
1332.694037	25654.839786	3.897900e-04	1.000000e+01
1333.717813	25594.430652	3.907100e-04	1.000000e+01
1334.741798	25529.742150	3.917000e-04	1.000000e+01
1335.767415	25466.676853	3.926700e-04	1.000000e+01
1336.792881	25400.050800	3.937000e-04	1.000000e+01
1337.816884	25338.907893	3.946500e-04	1.000000e+01
1338.840776	25286.368119	3.954700e-04	1.000000e+01
1339.865284	25221.953188	3.964800e-04	1.000000e+01
1340.889898	25162.929972	3.974100e-04	1.000000e+01
1341.913068	25104.812593	3.983300e-04	1.000000e+01
1342.936849	25046.335721	3.992600e-04	1.000000e+01
1343.960445	24997.500250	4.000400e-04	1.000000e+01
1344.986041	24946.365315	4.008600e-04	1.000000e+01
1346.009978	24897.298643	4.016500e-04	1.000000e+01
1347.034093	24840.400427	4.025700e-04	1.000000e+01
1348.058819	24779.462781	4.035600e-04	1.000000e+01
1349.083222	24715.768660	4.046000e-04	1.000000e+01
1350.107171	24659.088107	4.055300e-04	1.000000e+01
1351.131121	24603.877571	4.064400e-04	1.000000e+01
1352.155813	24539.877301	4.075000e-04	1.000000e+01
1353.181114	24475.610055	4.085700e-04	1.000000e+01
1354.205305	24418.235538	4.095300e-04	1.000000e+01
1355.230112	24354.009888	4.106100e-04	1.000000e+01
1356.254191	24290.121208	4.116900e-04	1.000000e+01
1357.278075	24230.676036	4.127000e-04	1.000000e+01
1358.301786	24171.521114	4.137100e-04	1.000000e+01
1359.325265	24114.980226	4.146800e-04	1.000000e+01
1360.349232	24055.230810	4.157100e-04	1.000000e+01
1361.373107	24002.688301	4.166200e-04	1.000000e+01
1362.397083	23940.054105	4.177100e-04	1.000000e+01
1363.421940	23885.160150	4.186700e-04	1.000000e+01
1364.446404	23828.246003	4.196700e-04	1.000000e+01
1365.470253	23773.863015	4.206300e-04	1.000000e+01
1366.494441	23724.792408	4.215000e-04	1.000000e+01
1367.518340	23676.484516	4.223600e-04	1.000000e+01
1368.542764	23628.372950	4.232200e-04	1.000000e+01
1369.567238	23577.120762	4.241400e-04	1.000000e+01
1370.592120	23534.949400	4.249000e-04	1.000000e+01
1371.616132	23485.755889	4.257900e-04	1.000000e+01
1372.639937	23418.655301	4.270100e-04	1.000000e+01
1373.663322	23345.395121	4.283500e-04	1.000000e+01
1374.686949	23288.309269	4.294000e-04	1.000000e+01
1375.710051	23238.520171	4.303200e-04	1.000000e+01
1376.734691	23194.860019	4.311300e-04	1.000000e+01
1377.758585	23131.549120	4.323100e-04	1.000000e+01
1378.782272	23066.986529	4.335200e-04	1.000000e+01
1379.806274	23006.487830	4.346600e-04	1.000000e+01
1380.830661	22943.146882	4.358600e-04	1.000000e+01
1381.855430	22885.913720	4.369500e-04	1.000000e+01
1382.879298	22836.263987	4.379000e-04	1.000000e+01
1383.903410	22783.714201	4.389100e-04	1.000000e+01
1384.927196	22731.405710	4.399200e-04	1.000000e+01
1385.952058	22677.793904	4.409600e-04	1.000000e+01
1386.976195	22622.387114	4.420400e-04	1.000000e+01
1388.000240	22571.325388	4.430400e-04	1.000000e+01
1389.024084	22521.000833	4.440300e-04	1.000000e+01
1390.048144	22459.796963	4.452400e-04	1.000000e+01
1391.072226	22402.437385	4.463800e-04	1.000000e+01
1392.096097	22342.374548	4.475800e-04	1.000000e+01
1393.119554	22294.555670	4.485400e-04	1.000000e+01
1394.143297	22241.498187	4.496100e-04	1.000000e+01
1395.167267	22186.723465	4.507200e-04	1.000000e+01
1396.190999	22129.279249	4.518900e-04	1.000000e+01
1397.215165	22074.080615	4.530200e-04	1.000000e+01
1398.239444	22018.671834	4.541600e-04	1.000000e+01
1399.264259	21967.400378	4.552200e-04	1.000000e+01
1400.289275	21914.446003	4.563200e-04	1.000000e+01
1401.313342	21856.012589	4.575400e-04	1.000000e+01
1402.338694	21801.216508	4.586900e-04	1.000000e+01
1403.363399	21749.532385	4.597800e-04	1.000000e+01
1404.387550	21691.032927	4.610200e-04	1.000000e+01
1405.411463	21637.528129	4.621600e-04	1.000000e+01
1406.435686	21581.025962	4.633700e-04	1.000000e+01
1407.460445	21524.354807	4.645900e-04	1.000000e+01
1408.484286	21474.895847	4.656600e-04	1.000000e+01
1409.508197	21425.663660	4.667300e-04	1.000000e+01
1410.532399	21378.941742	4.677500e-04	1.000000e+01
1411.558108	21330.603016	4.688100e-04	1.000000e+01
1412.581295	21294.265454	4.696100e-04	1.000000e+01
1413.605418	21253.081697	4.705200e-04	1.000000e+01
1414.629945	21211.606991	4.714400e-04	1.000000e+01
1415.655509	21169.397519	4.723800e-04	1.000000e+01
1416.679058	21126.909344	4.733300e-04	1.000000e+01
1417.702460	21086.369771	4.742400e-04	1.000000e+01
1418.727241	21056.621255	4.749100e-04	1.000000e+01
1419.751525	21020.326656	4.757300e-04	1.000000e+01
1420.776007	20982.395770	4.765900e-04	1.000000e+01
1421.800238	20943.285583	4.774800e-04	1.000000e+01
1422.824105	20911.752405	4.782000e-04	1.000000e+01
1423.849144	20875.955075	4.790200e-04	1.000000e+01
1424.873106	20835.937826	4.799400e-04	1.000000e+01
1425.896340	20806.891242	4.806100e-04	1.000000e+01
1426.920247	20778.789012	4.812600e-04	1.000000e+01
1427.944305	20740.863650	4.821400e-04	1.000000e+01
1428.968137	20702.647869	4.830300e-04	1.000000e+01
1429.991531	20665.426741	4.839000e-04	1.000000e+01
1431.016121	20635.575733	4.846000e-04	1.000000e+01
1432.040551	20602.839071	4.853700e-04	1.000000e+01
1433.064621	20571.898786	4.861000e-04	1.000000e+01
1434.088724	20540.207456	4.868500e-04	1.000000e+01
1435.112833	20514.082918	4.874700e-04	1.000000e+01
1436.137481	20484.667227	4.881700e-04	1.000000e+01
1437.161392	20459.939439	4.887600e-04	1.000000e+01
1438.185340	20436.106513	4.893300e-04	1.000000e+01
1439.210165	20405.248230	4.900700e-04	1.000000e+01
1440.234547	20372.822655	4.908500e-04	1.000000e+01
1441.258527	20338.431500	4.916800e-04	1.000000e+01
1442.282591	20311.992200	4.923200e-04	1.000000e+01
1443.307074	20285.210053	4.929700e-04	1.000000e+01
1444.331543	20259.729735	4.935900e-04	1.000000e+01
1445.355337	20230.629173	4.943000e-04	1.000000e+01
1446.379242	20209.369063	4.948200e-04	1.000000e+01
1447.402517	20182.449342	4.954800e-04	1.000000e+01
1448.426581	20156.007498	4.961300e-04	1.000000e+01
1449.451229	20133.282329	4.966900e-04	1.000000e+01
1450.474700	20114.248934	4.971600e-04	1.000000e+01
1451.499217	20096.463023	4.976000e-04	1.000000e+01
1452.523328	20077.096049	4.980800e-04	1.000000e+01
1453.548391	20057.364061	4.985700e-04	1.000000e+01
1454.572572	20036.867837	4.990800e-04	1.000000e+01
1455.596904	20024.830790	4.993800e-04	1.000000e+01
1456.621219	20015.211561	4.996200e-04	1.000000e+01
1457.645641	19998.000200	5.000500e-04	1.000000e+01
1458.669492	19987.208187	5.003200e-04	1.000000e+01
1459.693617	19974.033756	5.006500e-04	1.000000e+01
1460.717786	19963.666128	5.009100e-04	1.000000e+01
1461.742399	19952.513019	5.011900e-04	1.000000e+01
1462.766627	19937.794082	5.015600e-04	1.000000e+01
1463.791604	19925.478710	5.018700e-04	1.000000e+01
1464.818013	19910.403186	5.022500e-04	1.000000e+01
1465.843805	19897.725690	5.025700e-04	1.000000e+01
1466.867695	19881.506223	5.029800e-04	1.000000e+01
1467.891658	19866.891825	5.033500e-04	1.000000e+01
1468.915883	19855.846554	5.036300e-04	1.000000e+01
1469.940416	19846.388950	5.038700e-04	1.000000e+01
1470.964502	19840.876173	5.040100e-04	1.000000e+01
1471.989326	19833.792816	5.041900e-04	1.000000e+01
1473.012747	19836.153373	5.041300e-04	1.000000e+01
1474.037797	19831.826115	5.042400e-04	1.000000e+01
1475.061450	19820.426932	5.045300e-04	1.000000e+01
1476.085566	19815.713861	5.046500e-04	1.000000e+01
1477.110045	19808.256081	5.048400e-04	1.000000e+01
1478.134400	19796.883970	5.051300e-04	1.000000e+01
1479.157721	19785.916385	5.054100e-04	1.000000e+01
1480.181810	19773.396872	5.057300e-04	1.000000e+01
1481.206086	19764.798893	5.059500e-04	1.000000e+01
1482.230604	19757.379381	5.061400e-04	1.000000e+01
1483.254560	19751.525805	5.062900e-04	1.000000e+01
1484.278835	19740.998105	5.065600e-04	1.000000e+01
1485.303190	19737.491365	5.066500e-04	1.000000e+01
1486.326808	19726.200339	5.069400e-04	1.000000e+01
1487.350725	19713.367635	5.072700e-04	1.000000e+01
1488.374444	19709.093776	5.073800e-04	1.000000e+01
1489.399808	19701.716019	5.075700e-04	1.000000e+01
1490.423734	19692.404640	5.078100e-04	1.000000e+01
1491.447443	19681.939852	5.080800e-04	1.000000e+01
1492.470939	19676.130886	5.082300e-04	1.000000e+01
1493.495250	19669.551534	5.084000e-04	1.000000e+01
1494.519675	19665.683382	5.085000e-04	1.000000e+01
1495.543496	19658.724542	5.086800e-04	1.000000e+01
1496.567391	19654.088050	5.088000e-04	1.000000e+01
1497.591188	19661.816752	5.086000e-04	1.000000e+01
1498.616412	19655.246968	5.087700e-04	1.000000e+01
1499.641600	19647.523430	5.089700e-04	1.000000e+01
1500.665520	19641.348968	5.091300e-04	1.000000e+01
1501.689496	19629.396985	5.094400e-04	1.000000e+01
1502.713795	19622.078763	5.096300e-04	1.000000e+01
1503.738509	19615.920281	5.097900e-04	1.000000e+01
1504.762126	19603.999216	5.101000e-04	1.000000e+01
1505.786891	19597.083954	5.102800e-04	1.000000e+01
1506.810581	19592.092631	5.104100e-04	1.000000e+01
1507.834876	19580.967300	5.107000e-04	1.000000e+01
1508.858904	19578.667084	5.107600e-04	1.000000e+01
1509.882700	19574.834593	5.108600e-04	1.000000e+01
1510.906457	19571.003601	5.109600e-04	1.000000e+01
1511.930851	19564.877133	5.111200e-04	1.000000e+01
1512.954645	19548.431238	5.115500e-04	1.000000e+01
1513.979061	19541.936997	5.117200e-04	1.000000e+01
1515.003506	19534.683831	5.119100e-04	1.000000e+01
1516.026498	19537.355424	5.118400e-04	1.000000e+01
1517.051465	19533.539087	5.119400e-04	1.000000e+01
1518.075892	19535.828710	5.118800e-04	1.000000e+01
1519.099778	19533.920653	5.119300e-04	1.000000e+01
1520.123734	19545.756616	5.116200e-04	1.000000e+01
1521.147277	19533.920653	5.119300e-04	1.000000e+01
1522.171431	19526.292152	5.121300e-04	1.000000e+01
1523.195409	19522.861271	5.122200e-04	1.000000e+01
1524.218946	19514.098936	5.124500e-04	1.000000e+01
1525.242745	19506.866417	5.126400e-04	1.000000e+01
1526.267059	19491.657571	5.130400e-04	1.000000e+01
1527.292031	19481.025481	5.133200e-04	1.000000e+01
1528.318766	19473.059023	5.135300e-04	1.000000e+01
1529.342981	19460.174752	5.138700e-04	1.000000e+01
1530.366746	19465.477975	5.137300e-04	1.000000e+01
1531.391001	19453.360568	5.140500e-04	1.000000e+01
1532.416034	19441.258238	5.143700e-04	1.000000e+01
1533.439868	19438.612861	5.144400e-04	1.000000e+01
1534.464023	19431.436177	5.146300e-04	1.000000e+01
1535.488563	19419.361103	5.149500e-04	1.000000e+01
1536.512995	19410.691409	5.151800e-04	1.000000e+01
1537.536953	19406.547769	5.152900e-04	1.000000e+01
1538.560988	19404.664881	5.153400e-04	1.000000e+01
1539.585081	19404.664881	5.153400e-04	1.000000e+01
1540.608979	19401.276604	5.154300e-04	1.000000e+01
1541.632076	19396.760741	5.155500e-04	1.000000e+01
1542.655022	19390.742859	5.157100e-04	1.000000e+01
1543.677941	19388.863037	5.157600e-04	1.000000e+01
1544.703171	19384.352950	5.158800e-04	1.000000e+01
1545.726954	19379.844961	5.160000e-04	1.000000e+01
1546.751723	19373.086908	5.161800e-04	1.000000e+01
1547.777577	19367.083705	5.163400e-04	1.000000e+01
1548.802731	19360.334547	5.165200e-04	1.000000e+01
1549.826847	19353.964660	5.166900e-04	1.000000e+01
1550.850847	19356.212376	5.166300e-04	1.000000e+01
1551.874634	19356.212376	5.166300e-04	1.000000e+01
1552.898944	19345.727496	5.169100e-04	1.000000e+01
1553.922989	19336.749492	5.171500e-04	1.000000e+01
1554.946703	19329.647814	5.173400e-04	1.000000e+01
1555.971438	19327.779818	5.173900e-04	1.000000e+01
1556.995889	19327.406262	5.174000e-04	1.000000e+01
1558.019836	19323.298101	5.175100e-04	1.000000e+01
1559.044663	19322.551350	5.175300e-04	1.000000e+01
1560.068226	19321.058021	5.175700e-04	1.000000e+01
1561.092925	19317.698876	5.176600e-04	1.000000e+01
1562.116695	19310.984088	5.178400e-04	1.000000e+01
1563.139906	19306.510155	5.179600e-04	1.000000e+01
1564.163940	19308.001236	5.179200e-04	1.000000e+01
1565.188153	19308.374042	5.179100e-04	1.000000e+01
1566.212693	19310.238288	5.178600e-04	1.000000e+01
1567.237136	19303.528685	5.180400e-04	1.000000e+01
1568.261666	19298.313327	5.181800e-04	1.000000e+01
1569.287032	19291.612007	5.183600e-04	1.000000e+01
1570.312005	19289.007195	5.184300e-04	1.000000e+01
1571.336567	19293.473018	5.183100e-04	1.000000e+01
1572.360839	19291.239848	5.183700e-04	1.000000e+01
1573.384889	19286.403086	5.185000e-04	1.000000e+01
1574.409039	19280.825219	5.186500e-04	1.000000e+01
1575.432866	19273.764552	5.188400e-04	1.000000e+01
1576.456917	19266.709053	5.190300e-04	1.000000e+01
1577.480838	19262.255610	5.191500e-04	1.000000e+01
1578.505023	19254.467036	5.193600e-04	1.000000e+01
1579.528982	19246.314331	5.195800e-04	1.000000e+01
1580.553073	19244.462406	5.196300e-04	1.000000e+01
1581.577720	19245.203133	5.196100e-04	1.000000e+01
1582.602227	19245.573518	5.196000e-04	1.000000e+01
1583.626111	19241.129839	5.197200e-04	1.000000e+01
1584.650162	19237.428341	5.198200e-04	1.000000e+01
1585.674750	19244.092064	5.196400e-04	1.000000e+01
1586.699698	19236.688212	5.198400e-04	1.000000e+01
1587.723038	19230.399415	5.200100e-04	1.000000e+01
1588.747136	19227.071717	5.201000e-04	1.000000e+01
1589.771485	19225.593110	5.201400e-04	1.000000e+01
1590.796878	19224.484303	5.201700e-04	1.000000e+01
1591.820948	19220.050357	5.202900e-04	1.000000e+01
1592.844265	19214.880003	5.204300e-04	1.000000e+01
1593.867224	19215.618455	5.204100e-04	1.000000e+01
1594.892133	19210.819534	5.205400e-04	1.000000e+01
1595.915928	19204.547637	5.207100e-04	1.000000e+01
1596.939892	19202.335004	5.207700e-04	1.000000e+01
1597.964202	19194.963242	5.209700e-04	1.000000e+01
1598.988882	19190.174631	5.211000e-04	1.000000e+01
1600.012839	19189.069906	5.211300e-04	1.000000e+01
1601.037827	19196.068645	5.209400e-04	1.000000e+01
1602.062873	19192.384462	5.210400e-04	1.000000e+01
1603.087245	19188.701692	5.211400e-04	1.000000e+01
1604.110727	19188.701692	5.211400e-04	1.000000e+01
1605.134278	19180.236684	5.213700e-04	1.000000e+01
1606.158946	19175.823122	5.214900e-04	1.000000e+01
1607.183799	19180.604573	5.213600e-04	1.000000e+01
1608.207997	19173.984738	5.215400e-04	1.000000e+01
1609.231863	19170.676533	5.216300e-04	1.000000e+01
1610.255599	19173.617103	5.215500e-04	1.000000e+01
1611.279321	19183.180188	5.212900e-04	1.000000e+01
1612.304092	19175.087726	5.215100e-04	1.000000e+01
1613.328852	19166.634722	5.217400e-04	1.000000e+01
1614.353037	19159.657425	5.219300e-04	1.000000e+01
1615.377834	19155.620259	5.220400e-04	1.000000e+01
1616.401156	19153.418885	5.221000e-04	1.000000e+01
1617.426375	19161.125908	5.218900e-04	1.000000e+01
1618.452295	19162.227417	5.218600e-04	1.000000e+01
1619.476259	19157.455124	5.219900e-04	1.000000e+01
1620.500006	19150.851255	5.221700e-04	1.000000e+01
1621.524216	19142.786041	5.223900e-04	1.000000e+01
1622.548468	19138.389696	5.225100e-04	1.000000e+01
1623.572894	19134.361486	5.226200e-04	1.000000e+01
1624.596943	19130.700949	5.227200e-04	1.000000e+01
1625.620041	19133.629267	5.226400e-04	1.000000e+01
1626.643848	19133.629267	5.226400e-04	1.000000e+01
1627.667949	19128.139406	5.227900e-04	1.000000e+01
1628.691796	19124.847001	5.228800e-04	1.000000e+01
1629.715126	19122.652694	5.229400e-04	1.000000e+01
1630.739420	19122.287026	5.229500e-04	1.000000e+01
1631.763417	19121.555730	5.229700e-04	1.000000e+01
1632.787163	19121.190103	5.229800e-04	1.000000e+01
1633.810566	19121.190103	5.229800e-04	1.000000e+01
1634.837090	19114.611209	5.231600e-04	1.000000e+01
1635.861225	19112.784542	5.232100e-04	1.000000e+01
1636.886490	19108.767102	5.233200e-04	1.000000e+01
1637.910279	19108.036840	5.233400e-04	1.000000e+01
1638.934344	19102.561654	5.234900e-04	1.000000e+01
1639.958218	19091.620688	5.237900e-04	1.000000e+01
1640.982404	19087.612140	5.239000e-04	1.000000e+01
1642.006104	19086.883494	5.239200e-04	1.000000e+01
1643.030259	19084.333670	5.239900e-04	1.000000e+01
1644.054249	19077.416155	5.241800e-04	1.000000e+01
1645.078256	19071.231048	5.243500e-04	1.000000e+01
1646.102143	19067.594623	5.244500e-04	1.000000e+01
1647.125989	19066.503966	5.244800e-04	1.000000e+01
1648.150440	19065.049950	5.245200e-04	1.000000e+01
1649.175385	19062.505957	5.245900e-04	1.000000e+01
1650.199369	19066.140441	5.244900e-04	1.000000e+01
1651.223665	19063.596157	5.245600e-04	1.000000e+01
1652.248384	19065.776930	5.245000e-04	1.000000e+01
1653.272828	19066.140441	5.244900e-04	1.000000e+01
1654.297040	19064.686481	5.245300e-04	1.000000e+01
1655.326759	19065.776930	5.245000e-04	1.000000e+01
1656.350661	19063.596157	5.245600e-04	1.000000e+01
1657.374370	19057.783199	5.247200e-04	1.000000e+01
1658.398083	19055.967376	5.247700e-04	1.000000e+01
1659.421927	19052.699768	5.248600e-04	1.000000e+01
1660.445642	19050.159069	5.249300e-04	1.000000e+01
1661.470445	19042.541037	5.251400e-04	1.000000e+01
1662.494425	19043.266301	5.251200e-04	1.000000e+01
1663.518251	19041.815828	5.251600e-04	1.000000e+01
1664.542604	19042.178425	5.251500e-04	1.000000e+01
1665.567087	19040.365575	5.252000e-04	1.000000e+01
1666.591186	19041.453244	5.251700e-04	1.000000e+01
1667.615225	19046.167911	5.250400e-04	1.000000e+01
1668.640617	19044.716996	5.250800e-04	1.000000e+01
1669.666016	19045.079704	5.250700e-04	1.000000e+01
1670.690971	19042.903662	5.251300e-04	1.000000e+01
1671.715081	19041.453244	5.251700e-04	1.000000e+01
1672.739299	19044.354301	5.250900e-04	1.000000e+01
1673.763117	19041.815828	5.251600e-04	1.000000e+01
1674.788039	19043.628954	5.251100e-04	1.000000e+01
1675.811993	19039.640532	5.252200e-04	1.000000e+01
1676.836245	19034.929095	5.253500e-04	1.000000e+01
1677.861006	19026.961204	5.255700e-04	1.000000e+01
1678.886176	19025.151250	5.256200e-04	1.000000e+01
1679.910495	19023.703535	5.256600e-04	1.000000e+01
1680.934450	19017.914876	5.258200e-04	1.000000e+01
1681.958474	19021.894200	5.257100e-04	1.000000e+01
1682.982350	19024.427365	5.256400e-04	1.000000e+01
1684.006210	19025.875190	5.256000e-04	1.000000e+01
1685.029886	19024.427365	5.256400e-04	1.000000e+01
1686.054592	19020.446981	5.257500e-04	1.000000e+01
1687.078515	19016.829894	5.258500e-04	1.000000e+01
1688.102458	19015.745037	5.258800e-04	1.000000e+01
1689.126445	19014.298753	5.259200e-04	1.000000e+01
1690.151030	19004.180920	5.262000e-04	1.000000e+01
1691.176556	19000.209002	5.263100e-04	1.000000e+01
1692.200024	18995.517058	5.264400e-04	1.000000e+01
1693.224336	18991.909447	5.265400e-04	1.000000e+01
1694.248739	18992.270146	5.265300e-04	1.000000e+01
1695.273132	18992.630859	5.265200e-04	1.000000e+01
1696.296718	18993.713081	5.264900e-04	1.000000e+01
1697.320122	18992.270146	5.265300e-04	1.000000e+01
1698.344202	18991.188089	5.265600e-04	1.000000e+01
1699.368419	18996.599609	5.264100e-04	1.000000e+01
1700.392276	18990.466786	5.265800e-04	1.000000e+01
1701.416368	18982.175737	5.268100e-04	1.000000e+01
1702.440585	18979.293591	5.268900e-04	1.000000e+01
1703.465784	18979.293591	5.268900e-04	1.000000e+01
