Time	SourceV	Current	Voltage
1.028777	10952458.218400	1.232600e-06	1.350000e+01
7.669492	1974608.003744	6.836800e-06	1.350000e+01
8.700680	1714677.640604	7.873200e-06	1.350000e+01
9.730209	1546604.344240	8.728800e-06	1.350000e+01
10.762316	1421621.280091	9.496200e-06	1.350000e+01
11.792453	1339684.429890	1.007700e-05	1.350000e+01
12.817249	1265822.784810	1.066500e-05	1.350000e+01
13.841672	1214247.166757	1.111800e-05	1.350000e+01
14.865191	1176470.588235	1.147500e-05	1.350000e+01
15.890564	1150895.140665	1.173000e-05	1.350000e+01
16.914983	1130937.421463	1.193700e-05	1.350000e+01
17.938260	1118568.232662	1.206900e-05	1.350000e+01
18.961930	1111477.029475	1.214600e-05	1.350000e+01
19.986524	1106648.085909	1.219900e-05	1.350000e+01
21.010896	1107737.753344	1.218700e-05	1.350000e+01
22.034887	1109832.292009	1.216400e-05	1.350000e+01
23.058850	1119867.274990	1.205500e-05	1.350000e+01
24.083238	1116071.428571	1.209600e-05	1.350000e+01
25.107739	1117457.164142	1.208100e-05	1.350000e+01
26.131240	1122941.274330	1.202200e-05	1.350000e+01
27.156104	1125281.320330	1.199700e-05	1.350000e+01
28.180559	1127819.548872	1.197000e-05	1.350000e+01
29.205710	1130747.968842	1.193900e-05	1.350000e+01
30.230775	1136937.847398	1.187400e-05	1.350000e+01
31.255090	1139336.652882	1.184900e-05	1.350000e+01
32.279256	1138567.934553	1.185700e-05	1.350000e+01
33.303217	1146886.415768	1.177100e-05	1.350000e+01
34.327635	1150895.140665	1.173000e-05	1.350000e+01
35.351937	1153451.811347	1.170400e-05	1.350000e+01
36.375960	1159694.184348	1.164100e-05	1.350000e+01
37.401777	1162590.423700	1.161200e-05	1.350000e+01
38.426250	1169236.099082	1.154600e-05	1.350000e+01
39.450596	1179348.300865	1.144700e-05	1.350000e+01
40.474833	1183898.973954	1.140300e-05	1.350000e+01
41.498895	1181929.609525	1.142200e-05	1.350000e+01
42.523104	1189322.526650	1.135100e-05	1.350000e+01
43.547007	1192368.839428	1.132200e-05	1.350000e+01
44.571204	1189636.940430	1.134800e-05	1.350000e+01
45.595907	1183276.360768	1.140900e-05	1.350000e+01
46.620155	1178216.093559	1.145800e-05	1.350000e+01
47.643905	1172893.136403	1.151000e-05	1.350000e+01
48.666887	1169337.375487	1.154500e-05	1.350000e+01
49.691737	1169033.598892	1.154800e-05	1.350000e+01
50.716084	1169438.669439	1.154400e-05	1.350000e+01
51.740039	1175548.589342	1.148400e-05	1.350000e+01
52.763820	1172282.042376	1.151600e-05	1.350000e+01
53.787765	1167820.069204	1.156000e-05	1.350000e+01
54.812133	1170655.567118	1.153200e-05	1.350000e+01
55.836120	1168325.400260	1.155500e-05	1.350000e+01
56.860067	1170046.801872	1.153800e-05	1.350000e+01
57.884035	1169337.375487	1.154500e-05	1.350000e+01
58.908233	1164797.238999	1.159000e-05	1.350000e+01
59.932181	1159893.461638	1.163900e-05	1.350000e+01
60.956285	1153846.153846	1.170000e-05	1.350000e+01
61.981344	1154339.461308	1.169500e-05	1.350000e+01
63.006894	1158698.824135	1.165100e-05	1.350000e+01
64.030943	1158798.283262	1.165000e-05	1.350000e+01
65.054384	1157903.765332	1.165900e-05	1.350000e+01
66.078852	1155722.968924	1.168100e-05	1.350000e+01
67.103187	1152663.934426	1.171200e-05	1.350000e+01
68.128611	1143777.005846	1.180300e-05	1.350000e+01
69.154123	1139817.629179	1.184400e-05	1.350000e+01
70.178374	1141938.758247	1.182200e-05	1.350000e+01
71.201369	1145329.600407	1.178700e-05	1.350000e+01
72.226770	1147276.281125	1.176700e-05	1.350000e+01
73.252055	1141842.172038	1.182300e-05	1.350000e+01
74.276144	1137033.605660	1.187300e-05	1.350000e+01
75.301145	1135216.952573	1.189200e-05	1.350000e+01
76.325274	1128385.155466	1.196400e-05	1.350000e+01
77.349133	1122661.122661	1.202500e-05	1.350000e+01
78.373374	1117179.741807	1.208400e-05	1.350000e+01
79.397841	1114045.221984	1.211800e-05	1.350000e+01
80.422278	1106104.055715	1.220500e-05	1.350000e+01
81.446210	1100334.175564	1.226900e-05	1.350000e+01
82.470068	1096402.176561	1.231300e-05	1.350000e+01
83.495804	1089852.264471	1.238700e-05	1.350000e+01
84.521105	1085034.560360	1.244200e-05	1.350000e+01
85.546539	1085121.774777	1.244100e-05	1.350000e+01
86.572673	1085558.057253	1.243600e-05	1.350000e+01
87.599603	1080345.710627	1.249600e-05	1.350000e+01
88.649261	1077328.226000	1.253100e-05	1.350000e+01
89.673017	1073387.930349	1.257700e-05	1.350000e+01
90.696310	1078533.194855	1.251700e-05	1.350000e+01
91.720964	1077586.206897	1.252800e-05	1.350000e+01
92.745686	1080864.691753	1.249000e-05	1.350000e+01
93.769057	1089852.264471	1.238700e-05	1.350000e+01
94.793055	1082337.849755	1.247300e-05	1.350000e+01
95.817902	1075011.944577	1.255800e-05	1.350000e+01
96.842436	1075268.817204	1.255500e-05	1.350000e+01
97.866511	1070324.268612	1.261300e-05	1.350000e+01
98.890415	1063578.350272	1.269300e-05	1.350000e+01
99.915062	1057165.231010	1.277000e-05	1.350000e+01
100.939493	1049766.718507	1.286000e-05	1.350000e+01
101.963792	1046106.160403	1.290500e-05	1.350000e+01
102.988460	1039180.971442	1.299100e-05	1.350000e+01
104.012670	1037583.583122	1.301100e-05	1.350000e+01
105.037217	1033532.384015	1.306200e-05	1.350000e+01
106.060501	1031242.838591	1.309100e-05	1.350000e+01
107.086443	1028336.380256	1.312800e-05	1.350000e+01
108.111384	1023968.446602	1.318400e-05	1.350000e+01
109.135206	1019098.663848	1.324700e-05	1.350000e+01
110.159303	1016260.162602	1.328400e-05	1.350000e+01
111.183129	1011918.147065	1.334100e-05	1.350000e+01
112.206323	1008817.814975	1.338200e-05	1.350000e+01
113.230333	1010479.041916	1.336000e-05	1.350000e+01
114.254155	1011084.481726	1.335200e-05	1.350000e+01
115.277482	1011160.212718	1.335100e-05	1.350000e+01
116.301848	1009496.747177	1.337300e-05	1.350000e+01
117.325388	1012297.540492	1.333600e-05	1.350000e+01
118.349204	1009044.024217	1.337900e-05	1.350000e+01
119.373349	1001409.390995	1.348100e-05	1.350000e+01
120.397843	992720.052945	1.359900e-05	1.350000e+01
121.422251	985185.725753	1.370300e-05	1.350000e+01
122.446387	980036.297641	1.377500e-05	1.350000e+01
123.470245	976633.147652	1.382300e-05	1.350000e+01
124.495226	973604.500216	1.386600e-05	1.350000e+01
125.519231	972832.744830	1.387700e-05	1.350000e+01
126.543285	969409.737182	1.392600e-05	1.350000e+01
127.568161	966356.478168	1.397000e-05	1.350000e+01
128.591361	965181.954672	1.398700e-05	1.350000e+01
129.615279	962223.806130	1.403000e-05	1.350000e+01
130.639349	957039.557635	1.410600e-05	1.350000e+01
131.663376	954603.309291	1.414200e-05	1.350000e+01
132.687317	950972.104818	1.419600e-05	1.350000e+01
133.711340	949367.088608	1.422000e-05	1.350000e+01
134.734554	944981.100378	1.428600e-05	1.350000e+01
135.758497	945576.801849	1.427700e-05	1.350000e+01
136.783168	938542.825362	1.438400e-05	1.350000e+01
137.807336	937109.537693	1.440600e-05	1.350000e+01
138.830536	936654.409214	1.441300e-05	1.350000e+01
139.853695	936264.650808	1.441900e-05	1.350000e+01
140.877175	934385.382060	1.444800e-05	1.350000e+01
141.902151	932771.367374	1.447300e-05	1.350000e+01
142.926239	929944.203348	1.451700e-05	1.350000e+01
143.950773	926434.257480	1.457200e-05	1.350000e+01
144.974873	921375.921376	1.465200e-05	1.350000e+01
145.999388	919055.075226	1.468900e-05	1.350000e+01
147.024368	913520.097442	1.477800e-05	1.350000e+01
148.049358	909458.367017	1.484400e-05	1.350000e+01
149.074187	906526.994359	1.489200e-05	1.350000e+01
150.099466	901743.370516	1.497100e-05	1.350000e+01
151.124434	897785.462526	1.503700e-05	1.350000e+01
152.148450	894810.101412	1.508700e-05	1.350000e+01
153.172397	893862.146593	1.510300e-05	1.350000e+01
154.198171	892680.023805	1.512300e-05	1.350000e+01
155.223477	891442.155309	1.514400e-05	1.350000e+01
156.247327	890207.715134	1.516500e-05	1.350000e+01
157.271424	888274.772996	1.519800e-05	1.350000e+01
158.295149	882756.816844	1.529300e-05	1.350000e+01
159.319511	877306.992462	1.538800e-05	1.350000e+01
160.343481	873447.204969	1.545600e-05	1.350000e+01
161.367552	872093.023256	1.548000e-05	1.350000e+01
162.391379	870855.373500	1.550200e-05	1.350000e+01
163.415569	868725.868726	1.554000e-05	1.350000e+01
164.439449	867553.499132	1.556100e-05	1.350000e+01
165.463437	866161.940203	1.558600e-05	1.350000e+01
166.489044	864497.950820	1.561600e-05	1.350000e+01
167.513522	862344.298946	1.565500e-05	1.350000e+01
168.537311	859161.204099	1.571300e-05	1.350000e+01
169.563581	856164.383562	1.576800e-05	1.350000e+01
170.612635	854268.176928	1.580300e-05	1.350000e+01
171.636407	853188.396638	1.582300e-05	1.350000e+01
172.660754	849965.371781	1.588300e-05	1.350000e+01
173.684657	848362.973669	1.591300e-05	1.350000e+01
174.708698	845123.325404	1.597400e-05	1.350000e+01
175.733363	842065.868263	1.603200e-05	1.350000e+01
176.756770	838665.589861	1.609700e-05	1.350000e+01
177.781375	836638.572137	1.613600e-05	1.350000e+01
178.810803	832819.247378	1.621000e-05	1.350000e+01
179.834392	829442.123372	1.627600e-05	1.350000e+01
180.858657	826345.106201	1.633700e-05	1.350000e+01
181.882478	824125.511263	1.638100e-05	1.350000e+01
182.906816	821167.883212	1.644000e-05	1.350000e+01
183.931519	818529.072940	1.649300e-05	1.350000e+01
184.955676	816203.143894	1.654000e-05	1.350000e+01
185.981323	815907.167896	1.654600e-05	1.350000e+01
187.005600	814872.940182	1.656700e-05	1.350000e+01
188.030489	813547.065204	1.659400e-05	1.350000e+01
189.054583	814283.129260	1.657900e-05	1.350000e+01
190.078572	816894.590342	1.652600e-05	1.350000e+01
191.102224	816894.590342	1.652600e-05	1.350000e+01
192.126690	816203.143894	1.654000e-05	1.350000e+01
193.152577	815709.969789	1.655000e-05	1.350000e+01
194.176681	815414.351293	1.655600e-05	1.350000e+01
195.201629	816944.024206	1.652500e-05	1.350000e+01
196.226370	810810.810811	1.665000e-05	1.350000e+01
197.251505	806788.979860	1.673300e-05	1.350000e+01
198.275621	803045.624888	1.681100e-05	1.350000e+01
199.299472	799052.974253	1.689500e-05	1.350000e+01
200.324286	795146.660384	1.697800e-05	1.350000e+01
201.349562	791742.419799	1.705100e-05	1.350000e+01
202.373446	787401.574803	1.714500e-05	1.350000e+01
203.396703	783972.125436	1.722000e-05	1.350000e+01
204.420935	783153.498086	1.723800e-05	1.350000e+01
205.445528	783517.121300	1.723000e-05	1.350000e+01
206.469544	782427.263243	1.725400e-05	1.350000e+01
207.493553	781792.911744	1.726800e-05	1.350000e+01
208.518311	777291.570705	1.736800e-05	1.350000e+01
209.541719	775149.288011	1.741600e-05	1.350000e+01
210.564590	777784.179294	1.735700e-05	1.350000e+01
211.587825	784610.019761	1.720600e-05	1.350000e+01
212.612333	782200.590996	1.725900e-05	1.350000e+01
213.636581	773905.067645	1.744400e-05	1.350000e+01
214.660498	770503.966669	1.752100e-05	1.350000e+01
215.684365	766174.801362	1.762000e-05	1.350000e+01
216.709412	763963.556109	1.767100e-05	1.350000e+01
217.733815	761163.734777	1.773600e-05	1.350000e+01
218.757821	757448.241037	1.782300e-05	1.350000e+01
219.781782	754358.515869	1.789600e-05	1.350000e+01
220.805881	751503.006012	1.796400e-05	1.350000e+01
221.830595	747963.876115	1.804900e-05	1.350000e+01
222.854910	745691.559876	1.810400e-05	1.350000e+01
223.879492	744006.613392	1.814500e-05	1.350000e+01
224.905443	743637.765782	1.815400e-05	1.350000e+01
225.929578	741962.077494	1.819500e-05	1.350000e+01
226.954223	741595.253790	1.820400e-05	1.350000e+01
227.978499	740862.693447	1.822200e-05	1.350000e+01
229.001840	737866.200262	1.829600e-05	1.350000e+01
230.025684	735975.576514	1.834300e-05	1.350000e+01
231.049665	735494.415691	1.835500e-05	1.350000e+01
232.073417	733895.080185	1.839500e-05	1.350000e+01
233.097097	735734.917434	1.834900e-05	1.350000e+01
234.121901	732104.121475	1.844000e-05	1.350000e+01
235.145587	731350.560702	1.845900e-05	1.350000e+01
236.170608	727449.078565	1.855800e-05	1.350000e+01
237.195690	723666.577325	1.865500e-05	1.350000e+01
238.219908	721925.133690	1.870000e-05	1.350000e+01
239.244815	718543.751331	1.878800e-05	1.350000e+01
240.268902	715042.372881	1.888000e-05	1.350000e+01
241.293429	712288.292091	1.895300e-05	1.350000e+01
242.318414	708921.913564	1.904300e-05	1.350000e+01
243.342791	705255.459200	1.914200e-05	1.350000e+01
244.366576	702028.081123	1.923000e-05	1.350000e+01
245.390962	702905.342081	1.920600e-05	1.350000e+01
246.416123	710152.551289	1.901000e-05	1.350000e+01
247.440695	705587.205352	1.913300e-05	1.350000e+01
248.464882	700898.188048	1.926100e-05	1.350000e+01
249.488708	699554.357965	1.929800e-05	1.350000e+01
250.513061	695195.427159	1.941900e-05	1.350000e+01
251.537836	691952.844695	1.951000e-05	1.350000e+01
252.561756	694480.168733	1.943900e-05	1.350000e+01
253.585938	699590.609939	1.929700e-05	1.350000e+01
254.610509	699663.125162	1.929500e-05	1.350000e+01
255.634611	702905.342081	1.920600e-05	1.350000e+01
256.658598	700825.416602	1.926300e-05	1.350000e+01
257.682562	693374.422188	1.947000e-05	1.350000e+01
258.708085	694373.006892	1.944200e-05	1.350000e+01
259.732463	690925.840626	1.953900e-05	1.350000e+01
260.756587	686324.351805	1.967000e-05	1.350000e+01
261.779895	680889.695869	1.982700e-05	1.350000e+01
262.804184	676081.730769	1.996800e-05	1.350000e+01
263.827772	672310.756972	2.008000e-05	1.350000e+01
264.851634	669941.938365	2.015100e-05	1.350000e+01
265.875576	668283.748329	2.020100e-05	1.350000e+01
266.899284	666041.738616	2.026900e-05	1.350000e+01
267.923583	664272.007086	2.032300e-05	1.350000e+01
268.947588	662609.207814	2.037400e-05	1.350000e+01
269.971845	663553.698697	2.034500e-05	1.350000e+01
270.996504	662446.636243	2.037900e-05	1.350000e+01
272.021699	660728.269381	2.043200e-05	1.350000e+01
273.045819	658087.159988	2.051400e-05	1.350000e+01
274.069950	655912.933631	2.058200e-05	1.350000e+01
275.093880	654481.989625	2.062700e-05	1.350000e+01
276.117657	654481.989625	2.062700e-05	1.350000e+01
277.141008	649725.671383	2.077800e-05	1.350000e+01
278.164855	646149.428038	2.089300e-05	1.350000e+01
279.189297	643286.000191	2.098600e-05	1.350000e+01
280.213831	641391.106043	2.104800e-05	1.350000e+01
281.237710	637996.219282	2.116000e-05	1.350000e+01
282.261642	636252.238665	2.121800e-05	1.350000e+01
283.286173	636402.206194	2.121300e-05	1.350000e+01
284.310661	636522.231128	2.120900e-05	1.350000e+01
285.334679	634279.270814	2.128400e-05	1.350000e+01
286.358923	637755.102041	2.116800e-05	1.350000e+01
287.383269	637363.674992	2.118100e-05	1.350000e+01
288.407034	632407.364032	2.134700e-05	1.350000e+01
289.431138	628257.632167	2.148800e-05	1.350000e+01
290.455320	625724.217845	2.157500e-05	1.350000e+01
291.479962	624710.782045	2.161000e-05	1.350000e+01
292.505130	622320.564237	2.169300e-05	1.350000e+01
293.529616	618868.616485	2.181400e-05	1.350000e+01
294.553690	617114.646188	2.187600e-05	1.350000e+01
295.577009	614306.516199	2.197600e-05	1.350000e+01
296.600818	610887.370469	2.209900e-05	1.350000e+01
297.625116	607971.177663	2.220500e-05	1.350000e+01
298.649128	605951.793168	2.227900e-05	1.350000e+01
299.672988	604459.568371	2.233400e-05	1.350000e+01
300.697191	601953.003077	2.242700e-05	1.350000e+01
301.721894	599493.760824	2.251900e-05	1.350000e+01
302.746274	597556.657224	2.259200e-05	1.350000e+01
303.770124	595106.898832	2.268500e-05	1.350000e+01
304.794364	592729.188620	2.277600e-05	1.350000e+01
305.819822	590680.376285	2.285500e-05	1.350000e+01
306.843910	588825.402364	2.292700e-05	1.350000e+01
307.868130	586905.486479	2.300200e-05	1.350000e+01
308.893004	588260.926402	2.294900e-05	1.350000e+01
309.918829	585937.500000	2.304000e-05	1.350000e+01
310.942705	583935.291319	2.311900e-05	1.350000e+01
311.965854	582448.873932	2.317800e-05	1.350000e+01
312.990156	580245.852317	2.326600e-05	1.350000e+01
314.014849	578430.952483	2.333900e-05	1.350000e+01
315.038712	576356.572600	2.342300e-05	1.350000e+01
316.062061	574492.531597	2.349900e-05	1.350000e+01
317.086269	572932.139371	2.356300e-05	1.350000e+01
318.110131	572155.117610	2.359500e-05	1.350000e+01
319.134179	569163.961381	2.371900e-05	1.350000e+01
320.158161	565966.545089	2.385300e-05	1.350000e+01
321.182509	562851.782364	2.398500e-05	1.350000e+01
322.206828	561517.344647	2.404200e-05	1.350000e+01
323.231813	559075.661573	2.414700e-05	1.350000e+01
324.254962	557436.617392	2.421800e-05	1.350000e+01
325.279079	555601.284056	2.429800e-05	1.350000e+01
326.303765	552938.767151	2.441500e-05	1.350000e+01
327.327137	550975.430577	2.450200e-05	1.350000e+01
328.350947	547267.715259	2.466800e-05	1.350000e+01
329.375414	544332.889803	2.480100e-05	1.350000e+01
330.400077	542277.565776	2.489500e-05	1.350000e+01
331.423847	539740.924356	2.501200e-05	1.350000e+01
332.447238	537805.752530	2.510200e-05	1.350000e+01
333.471332	535183.349851	2.522500e-05	1.350000e+01
334.495969	533112.190499	2.532300e-05	1.350000e+01
335.535346	531768.227833	2.538700e-05	1.350000e+01
336.560678	530681.237470	2.543900e-05	1.350000e+01
337.584834	528768.947554	2.553100e-05	1.350000e+01
338.608040	526213.213798	2.565500e-05	1.350000e+01
339.632505	524129.362892	2.575700e-05	1.350000e+01
340.656191	523397.821114	2.579300e-05	1.350000e+01
341.680856	521577.869644	2.588300e-05	1.350000e+01
342.704229	520552.170895	2.593400e-05	1.350000e+01
343.728874	518055.182471	2.605900e-05	1.350000e+01
344.753187	515582.034830	2.618400e-05	1.350000e+01
345.777138	512781.555058	2.632700e-05	1.350000e+01
346.800998	510609.327130	2.643900e-05	1.350000e+01
347.825242	508034.471080	2.657300e-05	1.350000e+01
348.850196	504974.938281	2.673400e-05	1.350000e+01
349.874137	502344.273275	2.687400e-05	1.350000e+01
350.898002	500519.056800	2.697200e-05	1.350000e+01
351.922544	497365.803338	2.714300e-05	1.350000e+01
352.947722	495103.971834	2.726700e-05	1.350000e+01
353.971815	492018.368686	2.743800e-05	1.350000e+01
354.996127	489272.252827	2.759200e-05	1.350000e+01
356.020606	487259.077456	2.770600e-05	1.350000e+01
357.045030	485244.958844	2.782100e-05	1.350000e+01
358.069218	482039.562951	2.800600e-05	1.350000e+01
359.093182	479778.235838	2.813800e-05	1.350000e+01
360.117315	477301.654646	2.828400e-05	1.350000e+01
361.141222	474716.928054	2.843800e-05	1.350000e+01
362.164974	472308.714970	2.858300e-05	1.350000e+01
363.188790	470793.374019	2.867500e-05	1.350000e+01
364.213600	469140.950792	2.877600e-05	1.350000e+01
365.237136	467516.276493	2.887600e-05	1.350000e+01
366.260882	465228.478875	2.901800e-05	1.350000e+01
367.285872	462518.843360	2.918800e-05	1.350000e+01
368.311082	459637.056961	2.937100e-05	1.350000e+01
369.335130	456744.595189	2.955700e-05	1.350000e+01
370.359954	454132.606721	2.972700e-05	1.350000e+01
371.384063	451459.719761	2.990300e-05	1.350000e+01
372.408246	449101.796407	3.006000e-05	1.350000e+01
373.432325	446502.397883	3.023500e-05	1.350000e+01
374.457076	443684.885135	3.042700e-05	1.350000e+01
375.482233	441003.528028	3.061200e-05	1.350000e+01
376.506823	438212.094654	3.080700e-05	1.350000e+01
377.531719	435793.143521	3.097800e-05	1.350000e+01
378.556962	433192.144782	3.116400e-05	1.350000e+01
379.580361	430649.483221	3.134800e-05	1.350000e+01
380.604207	428068.617814	3.153700e-05	1.350000e+01
381.628569	425827.208782	3.170300e-05	1.350000e+01
382.653138	423622.442576	3.186800e-05	1.350000e+01
383.676822	420757.363254	3.208500e-05	1.350000e+01
384.700320	417465.520440	3.233800e-05	1.350000e+01
385.724857	414428.242517	3.257500e-05	1.350000e+01
386.749358	411685.777019	3.279200e-05	1.350000e+01
387.773250	408830.744072	3.302100e-05	1.350000e+01
388.797355	406210.507312	3.323400e-05	1.350000e+01
389.822362	403153.556710	3.348600e-05	1.350000e+01
390.848124	400213.447172	3.373200e-05	1.350000e+01
391.872173	396685.472496	3.403200e-05	1.350000e+01
392.896118	393494.228751	3.430800e-05	1.350000e+01
393.920761	390263.644773	3.459200e-05	1.350000e+01
394.945331	390794.615719	3.454500e-05	1.350000e+01
395.969751	388087.161502	3.478600e-05	1.350000e+01
396.993958	384199.442199	3.513800e-05	1.350000e+01
398.017995	380796.570010	3.545200e-05	1.350000e+01
399.042114	377200.335289	3.579000e-05	1.350000e+01
400.067224	374044.109498	3.609200e-05	1.350000e+01
401.091153	371256.496989	3.636300e-05	1.350000e+01
402.114493	368983.518736	3.658700e-05	1.350000e+01
403.137990	365408.038977	3.694500e-05	1.350000e+01
404.163112	361542.581682	3.734000e-05	1.350000e+01
405.187353	358023.709126	3.770700e-05	1.350000e+01
406.211557	354731.061303	3.805700e-05	1.350000e+01
407.235424	351709.045436	3.838400e-05	1.350000e+01
408.260236	348729.076255	3.871200e-05	1.350000e+01
409.285226	345967.555931	3.902100e-05	1.350000e+01
410.310005	343327.992676	3.932100e-05	1.350000e+01
411.335192	340393.343419	3.966000e-05	1.350000e+01
412.359927	337390.348137	4.001300e-05	1.350000e+01
413.384270	334290.808241	4.038400e-05	1.350000e+01
414.408083	331654.587888	4.070500e-05	1.350000e+01
415.432050	328723.093406	4.106800e-05	1.350000e+01
416.456282	326568.131788	4.133900e-05	1.350000e+01
417.479411	324339.908224	4.162300e-05	1.350000e+01
418.503348	321888.412017	4.194000e-05	1.350000e+01
419.527701	319315.010171	4.227800e-05	1.350000e+01
420.552349	317266.339216	4.255100e-05	1.350000e+01
421.576180	315206.985921	4.282900e-05	1.350000e+01
422.600204	313778.356266	4.302400e-05	1.350000e+01
423.624339	312189.256065	4.324300e-05	1.350000e+01
424.648452	310230.719735	4.351600e-05	1.350000e+01
425.672528	308557.323094	4.375200e-05	1.350000e+01
426.697249	307748.421365	4.386700e-05	1.350000e+01
427.721160	306553.431128	4.403800e-05	1.350000e+01
428.746076	304767.924869	4.429600e-05	1.350000e+01
429.769379	302304.230020	4.465700e-05	1.350000e+01
430.793267	300266.903915	4.496000e-05	1.350000e+01
431.817604	298270.033804	4.526100e-05	1.350000e+01
432.842154	296007.191878	4.560700e-05	1.350000e+01
433.865440	294322.839452	4.586800e-05	1.350000e+01
434.889361	292676.581538	4.612600e-05	1.350000e+01
435.913363	290967.088389	4.639700e-05	1.350000e+01
436.937454	289519.397800	4.662900e-05	1.350000e+01
437.961300	287656.346551	4.693100e-05	1.350000e+01
438.985291	285593.399619	4.727000e-05	1.350000e+01
440.009641	283679.001450	4.758900e-05	1.350000e+01
441.034096	281795.979711	4.790700e-05	1.350000e+01
442.058135	280106.232882	4.819600e-05	1.350000e+01
443.081477	278614.768647	4.845400e-05	1.350000e+01
444.105749	278764.351202	4.842800e-05	1.350000e+01
445.130373	277926.462717	4.857400e-05	1.350000e+01
446.154089	275926.910027	4.892600e-05	1.350000e+01
447.177396	274468.344651	4.918600e-05	1.350000e+01
448.201836	273052.729516	4.944100e-05	1.350000e+01
449.226363	271373.148130	4.974700e-05	1.350000e+01
450.250056	269106.566200	5.016600e-05	1.350000e+01
451.273548	267004.212733	5.056100e-05	1.350000e+01
452.298066	265502.389522	5.084700e-05	1.350000e+01
453.322336	263728.535428	5.118900e-05	1.350000e+01
454.346396	262197.016781	5.148800e-05	1.350000e+01
455.370322	260527.229920	5.181800e-05	1.350000e+01
456.396747	258348.483399	5.225500e-05	1.350000e+01
457.423282	256390.777529	5.265400e-05	1.350000e+01
458.449942	254452.926209	5.305500e-05	1.350000e+01
459.476018	252662.312141	5.343100e-05	1.350000e+01
460.500183	250780.205082	5.383200e-05	1.350000e+01
461.523598	249022.356674	5.421200e-05	1.350000e+01
462.549338	247506.600176	5.454400e-05	1.350000e+01
463.573588	245910.597836	5.489800e-05	1.350000e+01
464.597429	244264.312079	5.526800e-05	1.350000e+01
465.621823	242513.517883	5.566700e-05	1.350000e+01
466.645661	240607.400014	5.610800e-05	1.350000e+01
467.669447	238861.955483	5.651800e-05	1.350000e+01
468.693701	237079.184448	5.694300e-05	1.350000e+01
469.718037	235343.339783	5.736300e-05	1.350000e+01
470.742430	233483.223798	5.782000e-05	1.350000e+01
471.766367	231755.678014	5.825100e-05	1.350000e+01
472.790396	230080.954410	5.867500e-05	1.350000e+01
473.814780	228720.520466	5.902400e-05	1.350000e+01
474.838241	227368.421053	5.937500e-05	1.350000e+01
475.863463	226123.077954	5.970200e-05	1.350000e+01
476.887478	224547.163221	6.012100e-05	1.350000e+01
477.912019	223162.627699	6.049400e-05	1.350000e+01
478.935680	221711.282641	6.089000e-05	1.350000e+01
479.959572	220332.620653	6.127100e-05	1.350000e+01
480.983618	218573.926559	6.176400e-05	1.350000e+01
482.007846	217034.822031	6.220200e-05	1.350000e+01
483.032354	215910.181365	6.252600e-05	1.350000e+01
484.056327	214394.613137	6.296800e-05	1.350000e+01
485.080485	213027.835637	6.337200e-05	1.350000e+01
486.104832	211545.693870	6.381600e-05	1.350000e+01
487.128597	210431.150045	6.415400e-05	1.350000e+01
488.154298	209166.124384	6.454200e-05	1.350000e+01
489.179570	207724.265272	6.499000e-05	1.350000e+01
490.203524	206472.531506	6.538400e-05	1.350000e+01
491.229015	205764.453048	6.560900e-05	1.350000e+01
492.253754	204610.557905	6.597900e-05	1.350000e+01
493.277626	203264.273669	6.641600e-05	1.350000e+01
494.301699	202286.587650	6.673700e-05	1.350000e+01
495.326901	201664.102296	6.694300e-05	1.350000e+01
496.351789	200466.269694	6.734300e-05	1.350000e+01
497.376666	199073.937535	6.781400e-05	1.350000e+01
498.400574	197654.499934	6.830100e-05	1.350000e+01
499.425739	196560.912043	6.868100e-05	1.350000e+01
500.449567	195538.818076	6.904000e-05	1.350000e+01
501.474456	194681.587448	6.934400e-05	1.350000e+01
502.498375	193681.673410	6.970200e-05	1.350000e+01
503.522378	192661.728818	7.007100e-05	1.350000e+01
504.546431	191769.535634	7.039700e-05	1.350000e+01
505.570496	190863.977605	7.073100e-05	1.350000e+01
506.594595	190540.712199	7.085100e-05	1.350000e+01
507.618947	189782.663705	7.113400e-05	1.350000e+01
508.643767	188413.281043	7.165100e-05	1.350000e+01
509.669318	187481.772605	7.200700e-05	1.350000e+01
510.692815	186330.260034	7.245200e-05	1.350000e+01
511.717707	185007.537344	7.297000e-05	1.350000e+01
512.743346	184267.638508	7.326300e-05	1.350000e+01
513.768516	182627.399521	7.392100e-05	1.350000e+01
514.792659	181441.857965	7.440400e-05	1.350000e+01
515.817638	180278.831259	7.488400e-05	1.350000e+01
516.841795	179059.341592	7.539400e-05	1.350000e+01
517.867411	178104.963192	7.579800e-05	1.350000e+01
518.893402	177244.439776	7.616600e-05	1.350000e+01
519.916841	176738.583997	7.638400e-05	1.350000e+01
520.940640	176509.812638	7.648300e-05	1.350000e+01
521.964593	175868.268154	7.676200e-05	1.350000e+01
522.988646	174148.606811	7.752000e-05	1.350000e+01
524.012715	172791.153093	7.812900e-05	1.350000e+01
525.036778	171987.667847	7.849400e-05	1.350000e+01
526.061385	170896.892208	7.899500e-05	1.350000e+01
527.085497	169798.505773	7.950600e-05	1.350000e+01
528.109584	168648.810714	8.004800e-05	1.350000e+01
529.133881	167622.737093	8.053800e-05	1.350000e+01
530.159445	166646.093075	8.101000e-05	1.350000e+01
531.185631	165666.531679	8.148900e-05	1.350000e+01
532.209623	164837.177499	8.189900e-05	1.350000e+01
533.233406	163954.335681	8.234000e-05	1.350000e+01
534.258242	163114.397564	8.276400e-05	1.350000e+01
535.283707	162210.874136	8.322500e-05	1.350000e+01
536.307620	161382.871898	8.365200e-05	1.350000e+01
537.331590	160685.591859	8.401500e-05	1.350000e+01
538.355453	159871.155691	8.444300e-05	1.350000e+01
539.379786	159057.437408	8.487500e-05	1.350000e+01
540.403405	158348.483960	8.525500e-05	1.350000e+01
541.428517	158011.166122	8.543700e-05	1.350000e+01
542.452955	157216.224714	8.586900e-05	1.350000e+01
543.476786	157002.302700	8.598600e-05	1.350000e+01
544.500781	156036.894057	8.651800e-05	1.350000e+01
545.524793	155409.994589	8.686700e-05	1.350000e+01
546.549376	154731.340546	8.724800e-05	1.350000e+01
547.573755	154067.378800	8.762400e-05	1.350000e+01
548.597538	153094.203967	8.818100e-05	1.350000e+01
549.621467	152176.118494	8.871300e-05	1.350000e+01
550.646346	151267.283688	8.924600e-05	1.350000e+01
551.670717	150352.493067	8.978900e-05	1.350000e+01
552.694855	149374.287706	9.037700e-05	1.350000e+01
553.718763	148459.322146	9.093400e-05	1.350000e+01
554.743169	147671.709382	9.141900e-05	1.350000e+01
555.765954	146911.591869	9.189200e-05	1.350000e+01
556.788922	146095.990477	9.240500e-05	1.350000e+01
557.812653	145333.189794	9.289000e-05	1.350000e+01
558.838314	144638.724608	9.333600e-05	1.350000e+01
559.862699	143906.364925	9.381100e-05	1.350000e+01
560.886588	143185.940201	9.428300e-05	1.350000e+01
561.910850	142505.779401	9.473300e-05	1.350000e+01
562.935138	141818.640222	9.519200e-05	1.350000e+01
563.959032	141099.741840	9.567700e-05	1.350000e+01
564.982737	140469.897821	9.610600e-05	1.350000e+01
566.006773	139883.326944	9.650900e-05	1.350000e+01
567.031027	139126.491745	9.703400e-05	1.350000e+01
568.054725	138512.681606	9.746400e-05	1.350000e+01
569.077973	137807.131264	9.796300e-05	1.350000e+01
570.101911	137131.015988	9.844600e-05	1.350000e+01
571.126843	136453.226866	9.893500e-05	1.350000e+01
572.150542	135790.299543	9.941800e-05	1.350000e+01
573.172924	135166.254493	9.987700e-05	1.350000e+01
574.197885	134596.211366	1.003000e-04	1.350000e+01
575.223415	133915.286182	1.008100e-04	1.350000e+01
576.247897	133307.001086	1.012700e-04	1.350000e+01
577.271533	132704.217045	1.017300e-04	1.350000e+01
578.296569	131900.341964	1.023500e-04	1.350000e+01
579.321430	131297.412955	1.028200e-04	1.350000e+01
580.345955	130649.375786	1.033300e-04	1.350000e+01
581.370853	130070.334329	1.037900e-04	1.350000e+01
582.394801	129521.251079	1.042300e-04	1.350000e+01
583.418700	128915.202445	1.047200e-04	1.350000e+01
584.442930	128363.601788	1.051700e-04	1.350000e+01
585.466918	127816.701382	1.056200e-04	1.350000e+01
586.490888	127202.487515	1.061300e-04	1.350000e+01
587.515038	126665.415650	1.065800e-04	1.350000e+01
588.538807	126085.738302	1.070700e-04	1.350000e+01
589.562891	125499.674630	1.075700e-04	1.350000e+01
590.587957	124930.594114	1.080600e-04	1.350000e+01
591.612036	124389.569704	1.085300e-04	1.350000e+01
592.638250	123898.678414	1.089600e-04	1.350000e+01
593.662953	123683.005039	1.091500e-04	1.350000e+01
594.686978	123163.944896	1.096100e-04	1.350000e+01
595.710917	122471.196589	1.102300e-04	1.350000e+01
596.735921	121962.236878	1.106900e-04	1.350000e+01
597.760898	121566.861774	1.110500e-04	1.350000e+01
598.784824	120989.424628	1.115800e-04	1.350000e+01
599.808110	120428.189117	1.121000e-04	1.350000e+01
600.834077	120021.337127	1.124800e-04	1.350000e+01
601.857854	119321.194980	1.131400e-04	1.350000e+01
602.881748	118577.075099	1.138500e-04	1.350000e+01
603.905569	117903.930131	1.145000e-04	1.350000e+01
604.930037	117319.892240	1.150700e-04	1.350000e+01
605.954893	116751.708034	1.156300e-04	1.350000e+01
606.979059	116189.000775	1.161900e-04	1.350000e+01
608.002963	115701.062736	1.166800e-04	1.350000e+01
609.027365	115256.552548	1.171300e-04	1.350000e+01
610.051974	114708.131532	1.176900e-04	1.350000e+01
611.076144	114174.560217	1.182400e-04	1.350000e+01
612.100559	113626.799091	1.188100e-04	1.350000e+01
613.125676	113027.461487	1.194400e-04	1.350000e+01
614.150893	112500.000000	1.200000e-04	1.350000e+01
615.175849	112023.898432	1.205100e-04	1.350000e+01
616.199850	111551.809618	1.210200e-04	1.350000e+01
617.223139	111074.543360	1.215400e-04	1.350000e+01
618.247173	110592.283116	1.220700e-04	1.350000e+01
619.271721	110114.192496	1.226000e-04	1.350000e+01
620.294969	109773.946983	1.229800e-04	1.350000e+01
621.319834	109258.659760	1.235600e-04	1.350000e+01
622.345227	108721.913506	1.241700e-04	1.350000e+01
623.370657	108242.463117	1.247200e-04	1.350000e+01
624.393958	107784.431138	1.252500e-04	1.350000e+01
625.418059	107287.610268	1.258300e-04	1.350000e+01
626.442804	106846.062525	1.263500e-04	1.350000e+01
627.467066	106374.596171	1.269100e-04	1.350000e+01
628.491561	105965.463108	1.274000e-04	1.350000e+01
629.515966	105518.211662	1.279400e-04	1.350000e+01
630.540721	105066.542143	1.284900e-04	1.350000e+01
631.565637	104562.001394	1.291100e-04	1.350000e+01
632.589859	104182.744251	1.295800e-04	1.350000e+01
633.613160	103734.439834	1.301400e-04	1.350000e+01
634.638259	103266.274000	1.307300e-04	1.350000e+01
635.661986	102833.638026	1.312800e-04	1.350000e+01
636.685605	102567.998784	1.316200e-04	1.350000e+01
637.709190	102148.910412	1.321600e-04	1.350000e+01
638.733156	101879.103464	1.325100e-04	1.350000e+01
639.757824	101557.210562	1.329300e-04	1.350000e+01
640.781764	101070.599686	1.335700e-04	1.350000e+01
641.805047	100506.253722	1.343200e-04	1.350000e+01
642.830502	100074.128984	1.349000e-04	1.350000e+01
643.854079	99594.245666	1.355500e-04	1.350000e+01
644.877869	99257.407544	1.360100e-04	1.350000e+01
645.902493	98778.078583	1.366700e-04	1.350000e+01
646.927578	98267.578978	1.373800e-04	1.350000e+01
647.951957	97882.830626	1.379200e-04	1.350000e+01
648.976776	97494.042031	1.384700e-04	1.350000e+01
650.001064	97101.345033	1.390300e-04	1.350000e+01
651.025822	96725.657376	1.395700e-04	1.350000e+01
652.049853	96373.500857	1.400800e-04	1.350000e+01
653.074153	95948.827292	1.407000e-04	1.350000e+01
654.097972	95500.848896	1.413600e-04	1.350000e+01
655.122142	95365.922577	1.415600e-04	1.350000e+01
656.145938	94943.385611	1.421900e-04	1.350000e+01
657.170221	94504.725236	1.428500e-04	1.350000e+01
658.194216	94050.438902	1.435400e-04	1.350000e+01
659.218309	93736.980975	1.440200e-04	1.350000e+01
660.242143	93548.610630	1.443100e-04	1.350000e+01
661.266779	93206.296603	1.448400e-04	1.350000e+01
662.290894	92962.401873	1.452200e-04	1.350000e+01
663.315204	92624.356775	1.457500e-04	1.350000e+01
664.340964	92408.789103	1.460900e-04	1.350000e+01
665.385246	92112.445415	1.465600e-04	1.350000e+01
666.409846	91836.734694	1.470000e-04	1.350000e+01
667.434282	91401.489506	1.477000e-04	1.350000e+01
668.457739	91136.164180	1.481300e-04	1.350000e+01
669.482273	90622.272941	1.489700e-04	1.350000e+01
670.506626	90294.963548	1.495100e-04	1.350000e+01
671.530006	89874.176153	1.502100e-04	1.350000e+01
672.554037	89415.816664	1.509800e-04	1.350000e+01
673.577725	88915.234143	1.518300e-04	1.350000e+01
674.601586	88536.201469	1.524800e-04	1.350000e+01
675.625881	88166.144201	1.531200e-04	1.350000e+01
676.649855	87764.920036	1.538200e-04	1.350000e+01
677.673298	87367.331090	1.545200e-04	1.350000e+01
678.697794	86950.921036	1.552600e-04	1.350000e+01
679.722321	86527.368286	1.560200e-04	1.350000e+01
680.745925	86173.879740	1.566600e-04	1.350000e+01
681.770112	85779.641632	1.573800e-04	1.350000e+01
682.794865	85535.069378	1.578300e-04	1.350000e+01
683.819196	85189.625797	1.584700e-04	1.350000e+01
684.844753	84825.636192	1.591500e-04	1.350000e+01
685.869153	84475.314436	1.598100e-04	1.350000e+01
686.893090	84096.430574	1.605300e-04	1.350000e+01
687.918876	83726.122550	1.612400e-04	1.350000e+01
688.945010	83410.565338	1.618500e-04	1.350000e+01
689.969157	83071.810965	1.625100e-04	1.350000e+01
690.993092	82827.167311	1.629900e-04	1.350000e+01
692.017377	82508.250825	1.636200e-04	1.350000e+01
693.041914	82216.808770	1.642000e-04	1.350000e+01
694.066362	82056.892779	1.645200e-04	1.350000e+01
695.090424	81852.907294	1.649300e-04	1.350000e+01
696.114458	81649.933470	1.653400e-04	1.350000e+01
697.139080	81398.854386	1.658500e-04	1.350000e+01
698.163264	80978.945474	1.667100e-04	1.350000e+01
699.187273	80568.154691	1.675600e-04	1.350000e+01
700.211830	80252.050886	1.682200e-04	1.350000e+01
701.236130	80056.929372	1.686300e-04	1.350000e+01
702.260065	79843.860894	1.690800e-04	1.350000e+01
703.283457	79407.093700	1.700100e-04	1.350000e+01
704.307078	79044.440541	1.707900e-04	1.350000e+01
705.331191	78685.084805	1.715700e-04	1.350000e+01
706.355086	78292.640492	1.724300e-04	1.350000e+01
707.378408	77971.583689	1.731400e-04	1.350000e+01
708.402491	77666.551605	1.738200e-04	1.350000e+01
709.426298	77368.330563	1.744900e-04	1.350000e+01
710.450400	77067.991094	1.751700e-04	1.350000e+01
711.475067	76769.974410	1.758500e-04	1.350000e+01
712.499259	76495.920218	1.764800e-04	1.350000e+01
713.523887	76198.001919	1.771700e-04	1.350000e+01
714.548251	75898.127846	1.778700e-04	1.350000e+01
715.573401	75630.252101	1.785000e-04	1.350000e+01
716.597817	75355.847056	1.791500e-04	1.350000e+01
717.622268	75083.426029	1.798000e-04	1.350000e+01
718.646219	74829.554903	1.804100e-04	1.350000e+01
719.670049	74548.567011	1.810900e-04	1.350000e+01
720.693794	74265.595775	1.817800e-04	1.350000e+01
721.718336	73976.656255	1.824900e-04	1.350000e+01
722.742035	73698.001965	1.831800e-04	1.350000e+01
723.765178	73421.439060	1.838700e-04	1.350000e+01
724.789155	73289.902280	1.842000e-04	1.350000e+01
725.813177	73115.251300	1.846400e-04	1.350000e+01
726.837044	72862.694301	1.852800e-04	1.350000e+01
727.861517	72557.239600	1.860600e-04	1.350000e+01
728.885908	72254.335260	1.868400e-04	1.350000e+01
729.910367	72015.363277	1.874600e-04	1.350000e+01
730.934296	71816.150654	1.879800e-04	1.350000e+01
731.958487	71526.968316	1.887400e-04	1.350000e+01
732.983753	71221.313638	1.895500e-04	1.350000e+01
734.007985	70936.892439	1.903100e-04	1.350000e+01
735.032246	70854.983467	1.905300e-04	1.350000e+01
736.056999	70673.227934	1.910200e-04	1.350000e+01
737.080311	70360.139678	1.918700e-04	1.350000e+01
738.104198	70334.479525	1.919400e-04	1.350000e+01
739.128156	70166.320166	1.924000e-04	1.350000e+01
740.152174	69807.125498	1.933900e-04	1.350000e+01
741.176459	69440.872383	1.944100e-04	1.350000e+01
742.200392	69081.977280	1.954200e-04	1.350000e+01
743.225172	68747.772063	1.963700e-04	1.350000e+01
744.249176	68458.417850	1.972000e-04	1.350000e+01
745.273727	68147.400303	1.981000e-04	1.350000e+01
746.298166	67893.783947	1.988400e-04	1.350000e+01
747.322550	67625.106447	1.996300e-04	1.350000e+01
748.346966	67382.081358	2.003500e-04	1.350000e+01
749.370530	67107.421584	2.011700e-04	1.350000e+01
750.396080	66844.919786	2.019600e-04	1.350000e+01
751.421066	66574.612881	2.027800e-04	1.350000e+01
752.444375	66335.806594	2.035100e-04	1.350000e+01
753.468278	66046.966732	2.044000e-04	1.350000e+01
754.494111	65821.550463	2.051000e-04	1.350000e+01
755.522364	65575.363093	2.058700e-04	1.350000e+01
756.546405	65359.477124	2.065500e-04	1.350000e+01
757.570179	65138.721351	2.072500e-04	1.350000e+01
758.594732	64938.188465	2.078900e-04	1.350000e+01
759.619398	64707.856013	2.086300e-04	1.350000e+01
760.643408	64494.553793	2.093200e-04	1.350000e+01
761.667422	64267.352185	2.100600e-04	1.350000e+01
762.691374	64032.632927	2.108300e-04	1.350000e+01
763.715442	63814.701016	2.115500e-04	1.350000e+01
764.739492	63604.240283	2.122500e-04	1.350000e+01
765.763357	63386.233449	2.129800e-04	1.350000e+01
766.787850	63175.628247	2.136900e-04	1.350000e+01
767.812213	62937.062937	2.145000e-04	1.350000e+01
768.835544	62726.512406	2.152200e-04	1.350000e+01
769.858584	62500.000000	2.160000e-04	1.350000e+01
770.882716	62260.757275	2.168300e-04	1.350000e+01
771.907307	62034.739454	2.176200e-04	1.350000e+01
772.930386	61850.002291	2.182700e-04	1.350000e+01
773.954245	61725.572676	2.187100e-04	1.350000e+01
774.978840	61523.036959	2.194300e-04	1.350000e+01
776.003321	61332.969879	2.201100e-04	1.350000e+01
777.026599	61091.501493	2.209800e-04	1.350000e+01
778.050436	60860.156884	2.218200e-04	1.350000e+01
779.074908	60627.834913	2.226700e-04	1.350000e+01
780.099236	60394.577909	2.235300e-04	1.350000e+01
781.123567	60171.153503	2.243600e-04	1.350000e+01
782.147576	59949.376082	2.251900e-04	1.350000e+01
783.172275	59747.731799	2.259500e-04	1.350000e+01
784.196702	59552.693105	2.266900e-04	1.350000e+01
785.221291	59301.559411	2.276500e-04	1.350000e+01
786.245499	59099.067548	2.284300e-04	1.350000e+01
787.270258	58882.540236	2.292700e-04	1.350000e+01
788.293661	58685.446009	2.300400e-04	1.350000e+01
789.317569	58484.599056	2.308300e-04	1.350000e+01
790.341435	58290.155440	2.316000e-04	1.350000e+01
791.365219	58074.507442	2.324600e-04	1.350000e+01
792.389132	57870.370370	2.332800e-04	1.350000e+01
793.413340	57643.040137	2.342000e-04	1.350000e+01
794.437162	57429.701791	2.350700e-04	1.350000e+01
795.460919	57215.511761	2.359500e-04	1.350000e+01
796.485342	57017.358618	2.367700e-04	1.350000e+01
797.509649	56813.399545	2.376200e-04	1.350000e+01
798.533770	56620.391729	2.384300e-04	1.350000e+01
799.558342	56421.615748	2.392700e-04	1.350000e+01
800.584368	56228.914157	2.400900e-04	1.350000e+01
801.609546	56072.437282	2.407600e-04	1.350000e+01
802.634377	55912.197142	2.414500e-04	1.350000e+01
803.658339	55734.456279	2.422200e-04	1.350000e+01
804.682401	55612.770340	2.427500e-04	1.350000e+01
805.706510	55386.887667	2.437400e-04	1.350000e+01
806.730340	55259.926320	2.443000e-04	1.350000e+01
807.754227	55131.294156	2.448700e-04	1.350000e+01
808.778780	54980.858516	2.455400e-04	1.350000e+01
809.803237	54771.178189	2.464800e-04	1.350000e+01
810.826712	54538.843777	2.475300e-04	1.350000e+01
811.850746	54367.524465	2.483100e-04	1.350000e+01
812.875640	54140.765992	2.493500e-04	1.350000e+01
813.899620	53922.351813	2.503600e-04	1.350000e+01
814.923513	53712.103127	2.513400e-04	1.350000e+01
815.949475	53509.849776	2.522900e-04	1.350000e+01
816.975069	53290.174871	2.533300e-04	1.350000e+01
817.998630	53103.611046	2.542200e-04	1.350000e+01
819.023321	52916.274694	2.551200e-04	1.350000e+01
820.048388	52713.783678	2.561000e-04	1.350000e+01
821.072368	52516.922119	2.570600e-04	1.350000e+01
822.097341	52337.752966	2.579400e-04	1.350000e+01
823.121826	52147.713226	2.588800e-04	1.350000e+01
824.145767	51981.055793	2.597100e-04	1.350000e+01
825.169619	51809.494570	2.605700e-04	1.350000e+01
826.193504	51652.892562	2.613600e-04	1.350000e+01
827.218336	51520.818227	2.620300e-04	1.350000e+01
828.242536	51365.953885	2.628200e-04	1.350000e+01
829.267327	51186.774854	2.637400e-04	1.350000e+01
830.294377	51051.278173	2.644400e-04	1.350000e+01
831.323140	50895.381715	2.652500e-04	1.350000e+01
832.348875	50698.512844	2.662800e-04	1.350000e+01
833.372750	50510.719497	2.672700e-04	1.350000e+01
834.397649	50328.064420	2.682400e-04	1.350000e+01
835.422586	50159.768150	2.691400e-04	1.350000e+01
836.446809	49972.237646	2.701500e-04	1.350000e+01
837.470862	49789.776499	2.711400e-04	1.350000e+01
838.494583	49617.759483	2.720800e-04	1.350000e+01
839.519410	49443.305010	2.730400e-04	1.350000e+01
840.543426	49277.266754	2.739600e-04	1.350000e+01
841.566759	49110.553312	2.748900e-04	1.350000e+01
842.590639	48939.641109	2.758500e-04	1.350000e+01
843.616200	48771.676301	2.768000e-04	1.350000e+01
844.640877	48608.360638	2.777300e-04	1.350000e+01
845.664473	48449.612403	2.786400e-04	1.350000e+01
846.688680	48286.715788	2.795800e-04	1.350000e+01
847.713168	48133.490213	2.804700e-04	1.350000e+01
848.741742	47969.299648	2.814300e-04	1.350000e+01
849.765688	47790.994053	2.824800e-04	1.350000e+01
850.789708	47635.850388	2.834000e-04	1.350000e+01
851.813603	47475.031650	2.843600e-04	1.350000e+01
852.838590	47325.247143	2.852600e-04	1.350000e+01
853.862895	47156.629873	2.862800e-04	1.350000e+01
854.886862	47003.934403	2.872100e-04	1.350000e+01
855.910753	46861.982783	2.880800e-04	1.350000e+01
856.935343	46717.652351	2.889700e-04	1.350000e+01
857.959679	46561.357522	2.899400e-04	1.350000e+01
858.983829	46391.752577	2.910000e-04	1.350000e+01
860.007377	46239.210851	2.919600e-04	1.350000e+01
861.031561	46087.668988	2.929200e-04	1.350000e+01
862.055719	45921.491258	2.939800e-04	1.350000e+01
863.079630	45758.058503	2.950300e-04	1.350000e+01
864.104543	45606.567346	2.960100e-04	1.350000e+01
865.129090	45468.323734	2.969100e-04	1.350000e+01
866.154394	45323.306251	2.978600e-04	1.350000e+01
867.178721	45214.012995	2.985800e-04	1.350000e+01
868.202920	45072.115385	2.995200e-04	1.350000e+01
869.227245	44893.751455	3.007100e-04	1.350000e+01
870.251775	44724.200762	3.018500e-04	1.350000e+01
871.275518	44569.164741	3.029000e-04	1.350000e+01
872.299893	44438.592449	3.037900e-04	1.350000e+01
873.323633	44266.649179	3.049700e-04	1.350000e+01
874.347591	44106.116048	3.060800e-04	1.350000e+01
875.369972	43976.806307	3.069800e-04	1.350000e+01
876.392885	43831.168831	3.080000e-04	1.350000e+01
877.417996	43678.012165	3.090800e-04	1.350000e+01
878.442820	43542.768675	3.100400e-04	1.350000e+01
879.465942	43386.039337	3.111600e-04	1.350000e+01
880.489700	43241.511851	3.122000e-04	1.350000e+01
881.514135	43088.315087	3.133100e-04	1.350000e+01
882.538766	42938.931298	3.144000e-04	1.350000e+01
883.562706	42785.155136	3.155300e-04	1.350000e+01
884.586627	42639.209122	3.166100e-04	1.350000e+01
885.611222	42507.635631	3.175900e-04	1.350000e+01
886.636384	42354.269938	3.187400e-04	1.350000e+01
887.660524	42202.006940	3.198900e-04	1.350000e+01
888.685600	42054.764649	3.210100e-04	1.350000e+01
889.709745	41921.560103	3.220300e-04	1.350000e+01
890.733544	41776.264892	3.231500e-04	1.350000e+01
891.757867	41644.815992	3.241700e-04	1.350000e+01
892.781847	41510.362216	3.252200e-04	1.350000e+01
893.806541	41376.773838	3.262700e-04	1.350000e+01
894.832914	41254.125413	3.272400e-04	1.350000e+01
895.857592	41118.421053	3.283200e-04	1.350000e+01
896.881691	40991.073055	3.293400e-04	1.350000e+01
897.905462	40862.037654	3.303800e-04	1.350000e+01
898.930843	40722.753461	3.315100e-04	1.350000e+01
899.955584	40584.415584	3.326400e-04	1.350000e+01
900.979669	40462.774248	3.336400e-04	1.350000e+01
902.004017	40316.559654	3.348500e-04	1.350000e+01
903.028342	40177.375673	3.360100e-04	1.350000e+01
904.052771	40030.838572	3.372400e-04	1.350000e+01
905.076738	39895.974939	3.383800e-04	1.350000e+01
906.100725	39758.503902	3.395500e-04	1.350000e+01
907.124569	39631.282292	3.406400e-04	1.350000e+01
908.148902	39489.849646	3.418600e-04	1.350000e+01
909.172740	39347.129117	3.431000e-04	1.350000e+01
910.196830	39209.991287	3.443000e-04	1.350000e+01
911.221151	39069.282862	3.455400e-04	1.350000e+01
912.245174	38932.948810	3.467500e-04	1.350000e+01
913.269048	38803.138743	3.479100e-04	1.350000e+01
914.293589	38657.579749	3.492200e-04	1.350000e+01
915.317955	38517.504066	3.504900e-04	1.350000e+01
916.342572	38383.895823	3.517100e-04	1.350000e+01
917.366611	38255.547054	3.528900e-04	1.350000e+01
918.390774	38122.670281	3.541200e-04	1.350000e+01
919.415258	38008.896897	3.551800e-04	1.350000e+01
920.439950	37869.224943	3.564900e-04	1.350000e+01
921.464828	37744.289429	3.576700e-04	1.350000e+01
922.488944	37623.320885	3.588200e-04	1.350000e+01
923.513550	37500.000000	3.600000e-04	1.350000e+01
924.536902	37350.597610	3.614400e-04	1.350000e+01
925.561803	37223.922574	3.626700e-04	1.350000e+01
926.585666	37088.931015	3.639900e-04	1.350000e+01
927.609785	36952.891906	3.653300e-04	1.350000e+01
928.633702	36833.919948	3.665100e-04	1.350000e+01
929.657560	36699.741743	3.678500e-04	1.350000e+01
930.681952	36568.518569	3.691700e-04	1.350000e+01
931.706117	36445.116354	3.704200e-04	1.350000e+01
932.730569	36319.612591	3.717000e-04	1.350000e+01
933.754865	36201.764501	3.729100e-04	1.350000e+01
934.779673	36070.216688	3.742700e-04	1.350000e+01
935.803619	35943.448974	3.755900e-04	1.350000e+01
936.828034	35823.271859	3.768500e-04	1.350000e+01
937.853799	35702.951444	3.781200e-04	1.350000e+01
938.877807	35580.623056	3.794200e-04	1.350000e+01
939.902182	35459.130069	3.807200e-04	1.350000e+01
940.928036	35330.140535	3.821100e-04	1.350000e+01
941.953777	35211.267606	3.834000e-04	1.350000e+01
942.977638	35097.753744	3.846400e-04	1.350000e+01
944.002088	34967.751962	3.860700e-04	1.350000e+01
945.026415	34836.911643	3.875200e-04	1.350000e+01
946.050042	34717.757490	3.888500e-04	1.350000e+01
947.072961	34608.285480	3.900800e-04	1.350000e+01
948.096798	34484.520282	3.914800e-04	1.350000e+01
949.121052	34392.275750	3.925300e-04	1.350000e+01
950.145112	34265.698766	3.939800e-04	1.350000e+01
951.168947	34128.830013	3.955600e-04	1.350000e+01
952.193108	33995.618343	3.971100e-04	1.350000e+01
953.217505	33861.743754	3.986800e-04	1.350000e+01
954.242146	33731.447704	4.002200e-04	1.350000e+01
955.265965	33604.659846	4.017300e-04	1.350000e+01
956.289997	33474.670832	4.032900e-04	1.350000e+01
957.314262	33378.662381	4.044500e-04	1.350000e+01
958.337949	33258.604124	4.059100e-04	1.350000e+01
959.361639	33131.273468	4.074700e-04	1.350000e+01
960.385127	33002.493522	4.090600e-04	1.350000e+01
961.409465	32881.917381	4.105600e-04	1.350000e+01
962.433861	32747.913837	4.122400e-04	1.350000e+01
963.457669	32636.286716	4.136500e-04	1.350000e+01
964.481187	32508.970068	4.152700e-04	1.350000e+01
965.505982	32393.521296	4.167500e-04	1.350000e+01
966.530095	32271.944923	4.183200e-04	1.350000e+01
967.554942	32158.170557	4.198000e-04	1.350000e+01
968.578915	32037.590773	4.213800e-04	1.350000e+01
969.602960	31917.157245	4.229700e-04	1.350000e+01
970.627166	31797.625777	4.245600e-04	1.350000e+01
971.653039	31673.040377	4.262300e-04	1.350000e+01
972.677161	31556.802244	4.278000e-04	1.350000e+01
973.701540	31426.775613	4.295700e-04	1.350000e+01
974.726029	31311.608489	4.311500e-04	1.350000e+01
975.750186	31201.608616	4.326700e-04	1.350000e+01
976.774241	31088.798821	4.342400e-04	1.350000e+01
977.798749	30973.248291	4.358600e-04	1.350000e+01
978.822036	30901.641221	4.368700e-04	1.350000e+01
979.845898	30792.390858	4.384200e-04	1.350000e+01
980.869946	30692.979265	4.398400e-04	1.350000e+01
981.894358	30615.716068	4.409500e-04	1.350000e+01
982.918093	30485.739449	4.428300e-04	1.350000e+01
983.942150	30356.861775	4.447100e-04	1.350000e+01
984.967862	30241.258036	4.464100e-04	1.350000e+01
985.994326	30125.186888	4.481300e-04	1.350000e+01
987.019855	29998.000133	4.500300e-04	1.350000e+01
988.044273	29869.239109	4.519700e-04	1.350000e+01
989.068198	29747.476973	4.538200e-04	1.350000e+01
990.092895	29624.103048	4.557100e-04	1.350000e+01
991.117175	29506.261884	4.575300e-04	1.350000e+01
992.141081	29388.074972	4.593700e-04	1.350000e+01
993.164877	29274.004684	4.611600e-04	1.350000e+01
994.188090	29155.148583	4.630400e-04	1.350000e+01
995.212549	29036.629170	4.649300e-04	1.350000e+01
996.237173	28924.026224	4.667400e-04	1.350000e+01
997.261006	28802.457810	4.687100e-04	1.350000e+01
998.285974	28690.440770	4.705400e-04	1.350000e+01
999.309724	28579.291657	4.723700e-04	1.350000e+01
1000.334294	28467.799755	4.742200e-04	1.350000e+01
1001.357938	28360.748724	4.760100e-04	1.350000e+01
1002.382082	28268.699221	4.775600e-04	1.350000e+01
1003.406485	28200.789622	4.787100e-04	1.350000e+01
1004.431144	28079.955072	4.807700e-04	1.350000e+01
1005.455129	27971.738185	4.826300e-04	1.350000e+01
1006.479150	27866.652905	4.844500e-04	1.350000e+01
1007.503525	27757.787602	4.863500e-04	1.350000e+01
1008.528092	27633.356532	4.885400e-04	1.350000e+01
1009.552059	27511.157303	4.907100e-04	1.350000e+01
1010.575376	27390.034085	4.928800e-04	1.350000e+01
1011.598587	27281.545550	4.948400e-04	1.350000e+01
1012.622215	27161.884834	4.970200e-04	1.350000e+01
1013.646303	27048.687638	4.991000e-04	1.350000e+01
1014.670104	26938.580038	5.011400e-04	1.350000e+01
1015.694332	26825.100346	5.032600e-04	1.350000e+01
1016.719203	26754.924888	5.045800e-04	1.350000e+01
1017.743365	26657.714940	5.064200e-04	1.350000e+01
1018.767371	26568.527120	5.081200e-04	1.350000e+01
1019.792585	26453.989654	5.103200e-04	1.350000e+01
1020.817099	26323.486400	5.128500e-04	1.350000e+01
1021.841141	26195.280969	5.153600e-04	1.350000e+01
1022.865170	26078.389708	5.176700e-04	1.350000e+01
1023.889757	25958.543245	5.200600e-04	1.350000e+01
1024.913171	25848.204028	5.222800e-04	1.350000e+01
1025.937139	25742.234426	5.244300e-04	1.350000e+01
1026.961827	25630.802529	5.267100e-04	1.350000e+01
1027.987112	25527.569775	5.288400e-04	1.350000e+01
1029.011971	25426.601876	5.309400e-04	1.350000e+01
1030.036228	25309.336333	5.334000e-04	1.350000e+01
1031.060099	25221.858944	5.352500e-04	1.350000e+01
1032.084293	25120.485291	5.374100e-04	1.350000e+01
1033.109464	25015.287120	5.396700e-04	1.350000e+01
1034.134048	24912.805182	5.418900e-04	1.350000e+01
1035.158152	24802.954307	5.442900e-04	1.350000e+01
1036.183128	24703.105272	5.464900e-04	1.350000e+01
1037.207800	24604.505358	5.486800e-04	1.350000e+01
1038.232459	24486.686498	5.513200e-04	1.350000e+01
1039.256391	24374.390640	5.538600e-04	1.350000e+01
1040.280377	24258.324199	5.565100e-04	1.350000e+01
1041.304626	24149.836318	5.590100e-04	1.350000e+01
1042.329054	24049.595611	5.613400e-04	1.350000e+01
1043.352427	23942.537909	5.638500e-04	1.350000e+01
1044.376212	23836.008263	5.663700e-04	1.350000e+01
1045.400760	23729.588160	5.689100e-04	1.350000e+01
1046.425112	23621.220605	5.715200e-04	1.350000e+01
1047.448896	23515.476667	5.740900e-04	1.350000e+01
1048.472244	23412.705295	5.766100e-04	1.350000e+01
1049.496994	23308.815912	5.791800e-04	1.350000e+01
1050.520991	23207.041188	5.817200e-04	1.350000e+01
1051.545446	23106.942352	5.842400e-04	1.350000e+01
1052.570191	23009.664059	5.867100e-04	1.350000e+01
1053.594589	22908.924299	5.892900e-04	1.350000e+01
1054.619345	22813.688213	5.917500e-04	1.350000e+01
1055.643333	22720.770150	5.941700e-04	1.350000e+01
1056.667349	22624.434389	5.967000e-04	1.350000e+01
1057.691917	22522.146778	5.994100e-04	1.350000e+01
1058.715211	22429.720210	6.018800e-04	1.350000e+01
1059.738956	22332.875647	6.044900e-04	1.350000e+01
1060.763044	22244.558322	6.068900e-04	1.350000e+01
1061.786765	22147.849198	6.095400e-04	1.350000e+01
1062.810435	22052.337548	6.121800e-04	1.350000e+01
1063.833924	21942.299878	6.152500e-04	1.350000e+01
1064.858530	21834.414272	6.182900e-04	1.350000e+01
1065.882229	21733.180933	6.211700e-04	1.350000e+01
1066.906337	21627.336954	6.242100e-04	1.350000e+01
1067.930287	21532.817609	6.269500e-04	1.350000e+01
1068.954365	21445.251068	6.295100e-04	1.350000e+01
1069.978637	21366.506814	6.318300e-04	1.350000e+01
1071.002486	21290.017347	6.341000e-04	1.350000e+01
1072.026486	21212.406901	6.364200e-04	1.350000e+01
1073.050446	21147.610320	6.383700e-04	1.350000e+01
1074.075307	21091.113611	6.400800e-04	1.350000e+01
1075.100181	21006.441976	6.426600e-04	1.350000e+01
1076.124224	20927.961307	6.450700e-04	1.350000e+01
1077.148228	20858.440716	6.472200e-04	1.350000e+01
1078.172371	20787.459772	6.494300e-04	1.350000e+01
1079.196328	20719.821963	6.515500e-04	1.350000e+01
1080.220557	20655.466814	6.535800e-04	1.350000e+01
1081.244349	20588.997850	6.556900e-04	1.350000e+01
1082.268520	20527.012027	6.576700e-04	1.350000e+01
1083.293248	20463.226824	6.597200e-04	1.350000e+01
1084.318089	20403.536613	6.616500e-04	1.350000e+01
1085.341596	20342.660820	6.636300e-04	1.350000e+01
1086.365760	20284.585218	6.655300e-04	1.350000e+01
1087.390182	20224.416114	6.675100e-04	1.350000e+01
1088.414429	20163.097052	6.695400e-04	1.350000e+01
1089.438477	20108.736129	6.713500e-04	1.350000e+01
1090.463169	20057.051168	6.730800e-04	1.350000e+01
1091.488671	20003.556188	6.748800e-04	1.350000e+01
1092.513137	19952.999601	6.765900e-04	1.350000e+01
1093.536584	19907.393754	6.781400e-04	1.350000e+01
1094.561237	19859.950571	6.797600e-04	1.350000e+01
1095.585196	19812.442214	6.813900e-04	1.350000e+01
1096.609107	19770.660340	6.828300e-04	1.350000e+01
1097.632405	19725.306838	6.844000e-04	1.350000e+01
1098.656609	19687.048838	6.857300e-04	1.350000e+01
1099.680461	19660.671376	6.866500e-04	1.350000e+01
1100.704168	19630.938359	6.876900e-04	1.350000e+01
1101.727509	19613.540607	6.883000e-04	1.350000e+01
1102.752665	19564.366767	6.900300e-04	1.350000e+01
1103.777308	19516.849547	6.917100e-04	1.350000e+01
1104.801405	19461.423135	6.936800e-04	1.350000e+01
1105.826316	19413.566488	6.953900e-04	1.350000e+01
1106.850552	19356.781326	6.974300e-04	1.350000e+01
1107.874603	19314.686315	6.989500e-04	1.350000e+01
1108.898658	19267.547741	7.006600e-04	1.350000e+01
1109.922495	19227.208637	7.021300e-04	1.350000e+01
1110.946272	19188.401677	7.035500e-04	1.350000e+01
1111.970248	19145.134300	7.051400e-04	1.350000e+01
1112.994412	19107.468897	7.065300e-04	1.350000e+01
1114.018426	19069.412662	7.079400e-04	1.350000e+01
1115.042335	19032.849288	7.093000e-04	1.350000e+01
1116.066292	18998.029834	7.106000e-04	1.350000e+01
1117.090408	18959.875286	7.120300e-04	1.350000e+01
1118.114533	18926.914072	7.132700e-04	1.350000e+01
1119.138552	18889.572956	7.146800e-04	1.350000e+01
1120.163400	18855.802000	7.159600e-04	1.350000e+01
1121.187677	18818.478352	7.173800e-04	1.350000e+01
1122.212528	18785.222292	7.186500e-04	1.350000e+01
1123.236555	18750.520848	7.199800e-04	1.350000e+01
1124.260674	18714.909545	7.213500e-04	1.350000e+01
1125.285377	18678.916346	7.227400e-04	1.350000e+01
1126.309405	18644.348691	7.240800e-04	1.350000e+01
1127.332813	18613.757635	7.252700e-04	1.350000e+01
1128.358850	18582.243634	7.265000e-04	1.350000e+01
1129.383575	18555.935838	7.275300e-04	1.350000e+01
1130.408168	18526.905183	7.286700e-04	1.350000e+01
1131.432390	18501.007277	7.296900e-04	1.350000e+01
1132.456574	18468.862865	7.309600e-04	1.350000e+01
1133.481281	18434.564125	7.323200e-04	1.350000e+01
1134.504617	18407.417507	7.334000e-04	1.350000e+01
1135.528731	18375.347090	7.346800e-04	1.350000e+01
1136.552988	18344.634534	7.359100e-04	1.350000e+01
1137.577470	18311.291963	7.372500e-04	1.350000e+01
1138.601583	18280.050372	7.385100e-04	1.350000e+01
1139.625759	18253.356589	7.395900e-04	1.350000e+01
1140.650297	18226.740654	7.406700e-04	1.350000e+01
1141.674482	18204.865419	7.415600e-04	1.350000e+01
1142.698701	18181.083593	7.425300e-04	1.350000e+01
1143.722625	18155.410312	7.435800e-04	1.350000e+01
1144.746842	18133.949440	7.444600e-04	1.350000e+01
1145.770432	18106.466020	7.455900e-04	1.350000e+01
1146.794722	18085.362913	7.464600e-04	1.350000e+01
1147.818852	18065.759364	7.472700e-04	1.350000e+01
1148.845625	18041.857108	7.482600e-04	1.350000e+01
1149.873574	18020.904249	7.491300e-04	1.350000e+01
1150.898990	17998.560115	7.500600e-04	1.350000e+01
1151.924427	17979.623094	7.508500e-04	1.350000e+01
1152.948665	17960.964836	7.516300e-04	1.350000e+01
1153.973558	17931.620753	7.528600e-04	1.350000e+01
1154.998413	17909.497340	7.537900e-04	1.350000e+01
1156.023560	17887.665461	7.547100e-04	1.350000e+01
1157.048614	17865.650310	7.556400e-04	1.350000e+01
1158.072652	17853.600476	7.561500e-04	1.350000e+01
1159.096719	17841.095311	7.566800e-04	1.350000e+01
1160.121555	17818.018636	7.576600e-04	1.350000e+01
1161.146564	17805.328409	7.582000e-04	1.350000e+01
1162.170400	17793.594306	7.587000e-04	1.350000e+01
1163.195595	17777.426619	7.593900e-04	1.350000e+01
1164.220365	17766.196849	7.598700e-04	1.350000e+01
1165.244644	17743.779819	7.608300e-04	1.350000e+01
1166.268583	17735.621009	7.611800e-04	1.350000e+01
1167.293004	17715.140540	7.620600e-04	1.350000e+01
1168.317459	17701.900004	7.626300e-04	1.350000e+01
1169.341533	17689.142797	7.631800e-04	1.350000e+01
1170.365420	17682.655280	7.634600e-04	1.350000e+01
1171.390275	17667.844523	7.641000e-04	1.350000e+01
1172.414892	17665.301422	7.642100e-04	1.350000e+01
1173.438665	17657.445556	7.645500e-04	1.350000e+01
1174.462795	17648.904461	7.649200e-04	1.350000e+01
1175.486897	17637.836425	7.654000e-04	1.350000e+01
1176.511679	17618.730668	7.662300e-04	1.350000e+01
1177.535572	17616.891336	7.663100e-04	1.350000e+01
1178.559718	17624.481057	7.659800e-04	1.350000e+01
1179.584545	17613.443624	7.664600e-04	1.350000e+01
1180.608650	17600.354615	7.670300e-04	1.350000e+01
1181.632875	17587.055927	7.676100e-04	1.350000e+01
1182.655793	17576.751816	7.680600e-04	1.350000e+01
1183.679477	17571.489932	7.682900e-04	1.350000e+01
1184.704484	17562.346329	7.686900e-04	1.350000e+01
1185.729479	17556.179775	7.689600e-04	1.350000e+01
1186.752958	17547.052095	7.693600e-04	1.350000e+01
1187.777161	17541.352113	7.696100e-04	1.350000e+01
1188.801668	17536.339192	7.698300e-04	1.350000e+01
1189.825638	17530.873817	7.700700e-04	1.350000e+01
1190.849623	17525.866881	7.702900e-04	1.350000e+01
1191.873793	17518.361839	7.706200e-04	1.350000e+01
1192.897708	17504.959739	7.712100e-04	1.350000e+01
1193.922732	17492.031408	7.717800e-04	1.350000e+01
1194.946646	17483.649550	7.721500e-04	1.350000e+01
1195.969939	17476.859344	7.724500e-04	1.350000e+01
1196.993910	17472.335469	7.726500e-04	1.350000e+01
1198.018950	17468.265983	7.728300e-04	1.350000e+01
1199.042843	17461.713576	7.731200e-04	1.350000e+01
1200.066605	17458.100559	7.732800e-04	1.350000e+01
1201.090934	17452.458211	7.735300e-04	1.350000e+01
1202.114919	17449.525631	7.736600e-04	1.350000e+01
1203.138835	17445.241326	7.738500e-04	1.350000e+01
1204.163221	17444.114227	7.739000e-04	1.350000e+01
1205.186818	17438.255658	7.741600e-04	1.350000e+01
1206.211712	17453.586389	7.734800e-04	1.350000e+01
1207.235702	17461.939439	7.731100e-04	1.350000e+01
1208.259753	17449.976733	7.736400e-04	1.350000e+01
1209.283952	17434.427182	7.743300e-04	1.350000e+01
1210.309466	17423.851316	7.748000e-04	1.350000e+01
1211.333956	17411.042470	7.753700e-04	1.350000e+01
1212.357923	17403.411069	7.757100e-04	1.350000e+01
1213.382745	17385.705087	7.765000e-04	1.350000e+01
1214.407400	17378.767009	7.768100e-04	1.350000e+01
1215.431864	17376.530100	7.769100e-04	1.350000e+01
1216.455715	17367.141369	7.773300e-04	1.350000e+01
1217.480185	17363.567377	7.774900e-04	1.350000e+01
1218.503913	17358.655540	7.777100e-04	1.350000e+01
1219.527729	17352.185090	7.780000e-04	1.350000e+01
1220.552688	17341.708736	7.784700e-04	1.350000e+01
1221.577300	17336.586619	7.787000e-04	1.350000e+01
1222.602493	17338.145204	7.786300e-04	1.350000e+01
1223.626617	17334.137980	7.788100e-04	1.350000e+01
1224.649925	17326.129086	7.791700e-04	1.350000e+01
1225.675332	17320.793934	7.794100e-04	1.350000e+01
1226.699773	17316.794725	7.795900e-04	1.350000e+01
1227.723752	17314.129612	7.797100e-04	1.350000e+01
1228.747872	17310.799374	7.798600e-04	1.350000e+01
1229.773715	17309.467638	7.799200e-04	1.350000e+01
1230.799022	17305.917342	7.800800e-04	1.350000e+01
1231.824780	17304.808173	7.801300e-04	1.350000e+01
1232.848847	17297.934498	7.804400e-04	1.350000e+01
1233.873129	17297.934498	7.804400e-04	1.350000e+01
1234.897534	17298.377797	7.804200e-04	1.350000e+01
1235.922842	17289.073306	7.808400e-04	1.350000e+01
1236.946646	17285.752698	7.809900e-04	1.350000e+01
1237.973172	17292.395189	7.806900e-04	1.350000e+01
1239.001484	17296.161533	7.805200e-04	1.350000e+01
1240.027187	17297.934498	7.804400e-04	1.350000e+01
1241.052582	17291.066282	7.807500e-04	1.350000e+01
1242.076736	17312.575342	7.797800e-04	1.350000e+01
1243.100749	17321.682898	7.793700e-04	1.350000e+01
1244.124866	17312.575342	7.797800e-04	1.350000e+01
1245.148889	17296.826353	7.804900e-04	1.350000e+01
1246.172811	17276.461781	7.814100e-04	1.350000e+01
1247.196871	17263.427110	7.820000e-04	1.350000e+01
1248.221072	17254.380696	7.824100e-04	1.350000e+01
1249.245727	17249.750837	7.826200e-04	1.350000e+01
1250.272492	17241.819714	7.829800e-04	1.350000e+01
1251.296716	17235.216015	7.832800e-04	1.350000e+01
1252.320838	17229.277008	7.835500e-04	1.350000e+01
1253.347249	17229.057124	7.835600e-04	1.350000e+01
1254.372008	17227.518089	7.836300e-04	1.350000e+01
1255.396188	17222.023779	7.838800e-04	1.350000e+01
1256.419791	17222.023779	7.838800e-04	1.350000e+01
1257.444637	17217.850447	7.840700e-04	1.350000e+01
1258.469659	17214.337631	7.842300e-04	1.350000e+01
1259.494991	17206.877653	7.845700e-04	1.350000e+01
1260.519648	17198.547678	7.849500e-04	1.350000e+01
1261.545687	17193.290796	7.851900e-04	1.350000e+01
1262.570161	17185.849045	7.855300e-04	1.350000e+01
1263.596862	17190.006876	7.853400e-04	1.350000e+01
1264.622905	17194.385715	7.851400e-04	1.350000e+01
1265.647778	17187.380643	7.854600e-04	1.350000e+01
1266.672828	17188.912515	7.853900e-04	1.350000e+01
1267.696758	17176.228100	7.859700e-04	1.350000e+01
1268.720611	17168.582765	7.863200e-04	1.350000e+01
1269.743930	17168.364427	7.863300e-04	1.350000e+01
1270.768328	17164.871772	7.864900e-04	1.350000e+01
1271.792706	17166.399634	7.864200e-04	1.350000e+01
1272.816657	17163.125977	7.865700e-04	1.350000e+01
1273.840088	17159.199237	7.867500e-04	1.350000e+01
1274.865317	17153.966378	7.869900e-04	1.350000e+01
1275.889216	17156.582409	7.868700e-04	1.350000e+01
1276.912955	17157.890723	7.868100e-04	1.350000e+01
1277.936782	17154.838300	7.869500e-04	1.350000e+01
1278.961947	17162.253213	7.866100e-04	1.350000e+01
1279.985752	17166.399634	7.864200e-04	1.350000e+01
1281.009673	17160.289818	7.867000e-04	1.350000e+01
1282.032944	17154.620311	7.869600e-04	1.350000e+01
1283.057189	17160.944233	7.866700e-04	1.350000e+01
1284.080989	17169.892911	7.862600e-04	1.350000e+01
1285.104274	17168.582765	7.863200e-04	1.350000e+01
1286.127769	17156.582409	7.868700e-04	1.350000e+01
1287.152098	17150.043828	7.871700e-04	1.350000e+01
1288.176721	17151.569051	7.871000e-04	1.350000e+01
1289.199838	17160.944233	7.866700e-04	1.350000e+01
1290.223941	17142.639459	7.875100e-04	1.350000e+01
1291.248690	17133.284260	7.879400e-04	1.350000e+01
1292.273936	17125.894352	7.882800e-04	1.350000e+01
1293.297830	17125.894352	7.882800e-04	1.350000e+01
1294.321918	17123.504864	7.883900e-04	1.350000e+01
1295.346489	17123.722063	7.883800e-04	1.350000e+01
1296.371056	17121.116043	7.885000e-04	1.350000e+01
1297.394881	17114.821435	7.887900e-04	1.350000e+01
1298.418796	17109.398763	7.890400e-04	1.350000e+01
1299.443278	17106.146809	7.891900e-04	1.350000e+01
1300.468109	17102.896090	7.893400e-04	1.350000e+01
1301.492936	17098.130604	7.895600e-04	1.350000e+01
1302.516943	17095.532368	7.896800e-04	1.350000e+01
1303.540797	17093.584208	7.897700e-04	1.350000e+01
1304.564702	17092.285682	7.898300e-04	1.350000e+01
1305.588874	17086.012251	7.901200e-04	1.350000e+01
1306.613009	17084.498665	7.901900e-04	1.350000e+01
1307.637103	17081.688430	7.903200e-04	1.350000e+01
1308.661101	17079.743424	7.904100e-04	1.350000e+01
1309.685303	17078.230948	7.904800e-04	1.350000e+01
1310.709199	17080.823928	7.903600e-04	1.350000e+01
1311.733180	17086.661013	7.900900e-04	1.350000e+01
1312.757178	17082.553019	7.902800e-04	1.350000e+01
1313.781513	17078.663057	7.904600e-04	1.350000e+01
1314.805702	17088.607595	7.900000e-04	1.350000e+01
1315.829288	17115.472387	7.887600e-04	1.350000e+01
1316.853198	17115.689382	7.887500e-04	1.350000e+01
1317.877246	17104.629653	7.892600e-04	1.350000e+01
1318.901124	17095.965352	7.896600e-04	1.350000e+01
1319.924753	17095.532368	7.896800e-04	1.350000e+01
1320.949777	17108.965098	7.890600e-04	1.350000e+01
1321.973989	17094.233545	7.897400e-04	1.350000e+01
1322.997759	17082.553019	7.902800e-04	1.350000e+01
1324.022048	17072.399621	7.907500e-04	1.350000e+01
1325.046146	17073.263270	7.907100e-04	1.350000e+01
1326.069543	17081.688430	7.903200e-04	1.350000e+01
1327.093368	17077.798861	7.905000e-04	1.350000e+01
1328.117627	17067.219560	7.909900e-04	1.350000e+01
1329.162322	17061.180128	7.912700e-04	1.350000e+01
1330.185846	17054.283152	7.915900e-04	1.350000e+01
1331.210695	17045.884997	7.919800e-04	1.350000e+01
1332.235935	17039.215439	7.922900e-04	1.350000e+01
1333.259858	17037.065082	7.923900e-04	1.350000e+01
1334.284230	17033.195806	7.925700e-04	1.350000e+01
1335.308794	17041.581459	7.921800e-04	1.350000e+01
1336.333183	17054.929506	7.915600e-04	1.350000e+01
1337.356912	17046.961221	7.919300e-04	1.350000e+01
1338.380083	17038.785324	7.923100e-04	1.350000e+01
1339.404778	17039.860652	7.922600e-04	1.350000e+01
1340.429318	17035.130224	7.924800e-04	1.350000e+01
1341.452995	17039.860652	7.922600e-04	1.350000e+01
1342.477044	17037.495110	7.923700e-04	1.350000e+01
1343.501608	17040.505914	7.922300e-04	1.350000e+01
1344.526296	17043.302613	7.921000e-04	1.350000e+01
1345.550195	17037.280093	7.923800e-04	1.350000e+01
1346.574176	17031.261827	7.926600e-04	1.350000e+01
1347.599815	17026.536172	7.928800e-04	1.350000e+01
1348.624300	17029.113477	7.927600e-04	1.350000e+01
1349.648039	17022.457034	7.930700e-04	1.350000e+01
1350.671307	17014.304619	7.934500e-04	1.350000e+01
1351.695782	17005.731561	7.938500e-04	1.350000e+01
1352.720148	17005.088930	7.938800e-04	1.350000e+01
1353.744019	17004.874731	7.938900e-04	1.350000e+01
1354.768167	17003.803814	7.939400e-04	1.350000e+01
1355.792639	16999.521495	7.941400e-04	1.350000e+01
1356.817892	16999.093382	7.941600e-04	1.350000e+01
1357.842012	16994.385559	7.943800e-04	1.350000e+01
1358.866051	16995.027381	7.943500e-04	1.350000e+01
1359.890349	16995.241332	7.943400e-04	1.350000e+01
1360.914281	16987.970001	7.946800e-04	1.350000e+01
1361.938076	16985.832557	7.947800e-04	1.350000e+01
1362.962106	16987.114959	7.947200e-04	1.350000e+01
1363.987702	16990.321809	7.945700e-04	1.350000e+01
1365.013676	16991.391029	7.945200e-04	1.350000e+01
1366.038799	16995.027381	7.943500e-04	1.350000e+01
1367.063014	16993.957704	7.944000e-04	1.350000e+01
1368.086893	16992.460382	7.944700e-04	1.350000e+01
1369.110339	16999.093382	7.941600e-04	1.350000e+01
1370.135121	17007.231223	7.937800e-04	1.350000e+01
1371.158924	16997.809171	7.942200e-04	1.350000e+01
1372.182265	17003.161329	7.939700e-04	1.350000e+01
1373.206704	16998.451252	7.941900e-04	1.350000e+01
1374.231028	16995.241332	7.943400e-04	1.350000e+01
1375.254443	16998.879333	7.941700e-04	1.350000e+01
1376.278348	17002.733032	7.939900e-04	1.350000e+01
1377.302892	17011.731794	7.935700e-04	1.350000e+01
1378.327402	17029.757925	7.927300e-04	1.350000e+01
1379.351424	17033.625639	7.925500e-04	1.350000e+01
1380.375365	17013.875761	7.934700e-04	1.350000e+01
1381.400732	17003.803814	7.939400e-04	1.350000e+01
1382.425186	17006.160009	7.938300e-04	1.350000e+01
1383.449022	17014.733499	7.934300e-04	1.350000e+01
1384.472847	17014.733499	7.934300e-04	1.350000e+01
1385.497968	17016.878222	7.933300e-04	1.350000e+01
1386.522318	17011.517427	7.935800e-04	1.350000e+01
1387.546981	16993.957704	7.944000e-04	1.350000e+01
1388.572875	16982.627401	7.949300e-04	1.350000e+01
1389.597374	16975.366857	7.952700e-04	1.350000e+01
1390.621871	16976.220716	7.952300e-04	1.350000e+01
1391.649215	16969.818863	7.955300e-04	1.350000e+01
1392.676712	16967.899248	7.956200e-04	1.350000e+01
1393.704234	16963.634993	7.958200e-04	1.350000e+01
1394.729978	16969.605551	7.955400e-04	1.350000e+01
1395.755621	16983.481991	7.948900e-04	1.350000e+01
1396.780126	16993.743785	7.944100e-04	1.350000e+01
1397.804154	16989.038924	7.946300e-04	1.350000e+01
1398.828414	17009.159748	7.936900e-04	1.350000e+01
1399.852968	16986.473734	7.947500e-04	1.350000e+01
1400.877683	16978.569273	7.951200e-04	1.350000e+01
1401.901496	16971.525552	7.954500e-04	1.350000e+01
1402.925205	16983.695652	7.948800e-04	1.350000e+01
1403.949695	16977.074661	7.951900e-04	1.350000e+01
1404.973365	16987.756232	7.946900e-04	1.350000e+01
1405.997359	16990.963325	7.945400e-04	1.350000e+01
1407.021192	16989.038924	7.946300e-04	1.350000e+01
1408.046058	16985.191429	7.948100e-04	1.350000e+01
1409.070451	16970.885503	7.954800e-04	1.350000e+01
1410.094359	16963.634993	7.958200e-04	1.350000e+01
1411.118170	16963.634993	7.958200e-04	1.350000e+01
1412.143045	16953.409519	7.963000e-04	1.350000e+01
1413.167207	16947.237600	7.965900e-04	1.350000e+01
1414.192245	16943.196365	7.967800e-04	1.350000e+01
1415.216235	16938.944516	7.969800e-04	1.350000e+01
1416.240353	16941.920586	7.968400e-04	1.350000e+01
1417.265714	16939.794715	7.969400e-04	1.350000e+01
1418.291049	16937.244373	7.970600e-04	1.350000e+01
1419.314368	16935.757028	7.971300e-04	1.350000e+01
1420.338419	16929.173355	7.974400e-04	1.350000e+01
1421.362803	16924.079832	7.976800e-04	1.350000e+01
1422.388182	16916.233319	7.980500e-04	1.350000e+01
1423.411401	16929.810261	7.974100e-04	1.350000e+01
1424.434980	16935.757028	7.971300e-04	1.350000e+01
1425.459646	16942.771084	7.968000e-04	1.350000e+01
1426.484748	16948.088632	7.965500e-04	1.350000e+01
1427.509167	16944.685017	7.967100e-04	1.350000e+01
1428.532810	16943.196365	7.967800e-04	1.350000e+01
1429.557356	16950.429411	7.964400e-04	1.350000e+01
1430.582199	16952.983725	7.963200e-04	1.350000e+01
1431.606188	16972.592406	7.954000e-04	1.350000e+01
1432.630740	16977.288161	7.951800e-04	1.350000e+01
1433.654159	16969.818863	7.955300e-04	1.350000e+01
1434.678506	16973.659395	7.953500e-04	1.350000e+01
1435.703088	16962.569264	7.958700e-04	1.350000e+01
1436.726704	16948.726962	7.965200e-04	1.350000e+01
1437.750579	16938.094402	7.970200e-04	1.350000e+01
1438.774418	16928.748777	7.974600e-04	1.350000e+01
1439.798101	16921.110025	7.978200e-04	1.350000e+01
1440.822832	16916.233319	7.980500e-04	1.350000e+01
1441.846811	16914.749662	7.981200e-04	1.350000e+01
1442.871288	16917.081240	7.980100e-04	1.350000e+01
1443.896251	16913.266265	7.981900e-04	1.350000e+01
1444.919712	16919.625512	7.978900e-04	1.350000e+01
1445.943639	16909.241213	7.983800e-04	1.350000e+01
1446.968595	16913.901975	7.981600e-04	1.350000e+01
1447.992443	16911.994989	7.982500e-04	1.350000e+01
1449.016380	16912.842485	7.982100e-04	1.350000e+01
1450.040347	16921.110025	7.978200e-04	1.350000e+01
1451.064649	16930.447215	7.973800e-04	1.350000e+01
1452.088379	16936.181957	7.971100e-04	1.350000e+01
1453.112606	16932.995510	7.972600e-04	1.350000e+01
1454.136437	16937.244373	7.970600e-04	1.350000e+01
1455.160784	16943.196365	7.967800e-04	1.350000e+01
1456.184616	16934.482369	7.971900e-04	1.350000e+01
1457.208611	16926.838443	7.975500e-04	1.350000e+01
1458.232976	16934.694799	7.971800e-04	1.350000e+01
1459.257525	16933.632703	7.972300e-04	1.350000e+01
1460.281442	16947.875866	7.965600e-04	1.350000e+01
1461.305560	16944.472337	7.967200e-04	1.350000e+01
1462.330092	16955.751768	7.961900e-04	1.350000e+01
1463.354643	16956.177701	7.961700e-04	1.350000e+01
1464.378636	16942.345825	7.968200e-04	1.350000e+01
1465.402732	16942.558452	7.968100e-04	1.350000e+01
1466.427012	16934.057526	7.972100e-04	1.350000e+01
1467.450701	16926.201760	7.975800e-04	1.350000e+01
1468.474362	16924.504175	7.976600e-04	1.350000e+01
1469.497938	16914.325808	7.981400e-04	1.350000e+01
1470.523116	16904.794701	7.985900e-04	1.350000e+01
1471.546438	16893.160147	7.991400e-04	1.350000e+01
1472.569739	16889.778556	7.993000e-04	1.350000e+01
1473.594585	16887.032010	7.994300e-04	1.350000e+01
1474.619062	16884.075190	7.995700e-04	1.350000e+01
1475.643426	16880.908318	7.997200e-04	1.350000e+01
1476.667552	16878.375675	7.998400e-04	1.350000e+01
1477.691580	16879.008765	7.998100e-04	1.350000e+01
1478.716047	16883.441721	7.996000e-04	1.350000e+01
1479.739782	16892.737374	7.991600e-04	1.350000e+01
1480.763681	16905.853182	7.985400e-04	1.350000e+01
1481.788356	16904.583020	7.986000e-04	1.350000e+01
1482.812365	16909.453011	7.983700e-04	1.350000e+01
1483.836627	16911.147578	7.982900e-04	1.350000e+01
1484.860742	16895.908687	7.990100e-04	1.350000e+01
1485.884780	16909.029422	7.983900e-04	1.350000e+01
1486.908533	16918.565306	7.979400e-04	1.350000e+01
1487.931948	16913.901975	7.981600e-04	1.350000e+01
1488.954756	16922.382671	7.977600e-04	1.350000e+01
1489.979232	16921.958435	7.977800e-04	1.350000e+01
1491.004008	16921.746324	7.977900e-04	1.350000e+01
1492.028398	16906.276612	7.985200e-04	1.350000e+01
1493.052323	16890.623827	7.992600e-04	1.350000e+01
1494.075848	16888.510809	7.993600e-04	1.350000e+01
1495.100328	16879.641902	7.997800e-04	1.350000e+01
1496.124811	16875.210940	7.999900e-04	1.350000e+01
1497.148931	16872.258258	8.001300e-04	1.350000e+01
1498.172810	16869.306609	8.002700e-04	1.350000e+01
1499.197199	16866.566717	8.004000e-04	1.350000e+01
1500.222960	16864.459713	8.005000e-04	1.350000e+01
1501.250242	16864.249041	8.005100e-04	1.350000e+01
1502.277331	16862.353235	8.006000e-04	1.350000e+01
1503.302727	16863.406408	8.005500e-04	1.350000e+01
1504.328660	16885.553471	7.995000e-04	1.350000e+01
1505.354610	16888.088268	7.993800e-04	1.350000e+01
1506.381555	16909.664813	7.983600e-04	1.350000e+01
1507.408498	16916.657269	7.980300e-04	1.350000e+01
1508.432716	16900.138957	7.988100e-04	1.350000e+01
1509.456602	16906.700063	7.985000e-04	1.350000e+01
1510.480879	16907.335279	7.984700e-04	1.350000e+01
1511.505780	16906.911796	7.984900e-04	1.350000e+01
1512.530608	16894.640019	7.990700e-04	1.350000e+01
1513.554726	16889.567252	7.993100e-04	1.350000e+01
1514.579246	16883.441721	7.996000e-04	1.350000e+01
1515.604261	16875.210940	7.999900e-04	1.350000e+01
1516.628868	16877.953642	7.998600e-04	1.350000e+01
1517.652789	16874.578136	8.000200e-04	1.350000e+01
1518.676950	16872.258258	8.001300e-04	1.350000e+01
1519.701704	16876.054753	7.999500e-04	1.350000e+01
1520.725747	16881.752701	7.996800e-04	1.350000e+01
1521.749556	16870.571475	8.002100e-04	1.350000e+01
1522.773816	16866.988181	8.003800e-04	1.350000e+01
1523.798714	16881.119406	7.997100e-04	1.350000e+01
1524.822634	16869.517407	8.002600e-04	1.350000e+01
1525.846511	16869.728210	8.002500e-04	1.350000e+01
1526.870336	16872.047392	8.001400e-04	1.350000e+01
1527.894455	16879.008765	7.998100e-04	1.350000e+01
1528.918454	16891.891892	7.992000e-04	1.350000e+01
1529.943499	16906.064894	7.985300e-04	1.350000e+01
1530.968059	16907.123535	7.984800e-04	1.350000e+01
1531.991937	16900.350526	7.988000e-04	1.350000e+01
1533.015929	16881.541597	7.996900e-04	1.350000e+01
1534.040404	16878.797729	7.998200e-04	1.350000e+01
1535.064051	16873.101776	8.000900e-04	1.350000e+01
1536.087786	16875.632836	7.999700e-04	1.350000e+01
1537.111110	16885.975884	7.994800e-04	1.350000e+01
1538.134853	16877.320632	7.998900e-04	1.350000e+01
1539.159898	16868.252699	8.003200e-04	1.350000e+01
1540.183770	16861.510791	8.006400e-04	1.350000e+01
1541.206848	16861.932003	8.006200e-04	1.350000e+01
1542.230707	16859.826156	8.007200e-04	1.350000e+01
1543.255281	16849.304810	8.012200e-04	1.350000e+01
1544.279500	16840.056882	8.016600e-04	1.350000e+01
1545.304266	16830.399441	8.021200e-04	1.350000e+01
1546.328957	16834.596967	8.019200e-04	1.350000e+01
1547.353380	16845.520339	8.014000e-04	1.350000e+01
1548.377504	16849.304810	8.012200e-04	1.350000e+01
1549.402541	16845.099948	8.014200e-04	1.350000e+01
