Time	SourceV	Current	Voltage
1.028602	6324950.665385	1.976300e-06	1.250000e+01
2.071961	5642831.347057	2.215200e-06	1.250000e+01
3.099499	5233848.344010	2.388300e-06	1.250000e+01
4.126044	4798464.491363	2.605000e-06	1.250000e+01
5.153747	4381813.720335	2.852700e-06	1.250000e+01
6.183285	4047141.099527	3.088600e-06	1.250000e+01
7.207583	3763813.194424	3.321100e-06	1.250000e+01
8.231891	3532270.826269	3.538800e-06	1.250000e+01
9.256593	3340459.647247	3.742000e-06	1.250000e+01
10.280404	3181795.041491	3.928600e-06	1.250000e+01
11.304526	3053696.193873	4.093400e-06	1.250000e+01
12.328468	2949574.081503	4.237900e-06	1.250000e+01
13.351673	2867235.526195	4.359600e-06	1.250000e+01
14.393196	2798048.081658	4.467400e-06	1.250000e+01
15.417207	2747373.510924	4.549800e-06	1.250000e+01
16.440844	2704164.413196	4.622500e-06	1.250000e+01
17.465757	2670883.100788	4.680100e-06	1.250000e+01
18.490397	2641198.470218	4.732700e-06	1.250000e+01
19.513902	2623845.507976	4.764000e-06	1.250000e+01
20.537892	2608840.839838	4.791400e-06	1.250000e+01
21.561835	2597996.425157	4.811400e-06	1.250000e+01
22.585861	2591210.613599	4.824000e-06	1.250000e+01
23.610546	2588366.844056	4.829300e-06	1.250000e+01
24.634151	2584727.362958	4.836100e-06	1.250000e+01
25.657861	2579659.897639	4.845600e-06	1.250000e+01
26.682485	2581417.921236	4.842300e-06	1.250000e+01
27.707498	2578808.384222	4.847200e-06	1.250000e+01
28.730720	2579287.291336	4.846300e-06	1.250000e+01
29.755853	2575779.430856	4.852900e-06	1.250000e+01
30.779894	2572651.683543	4.858800e-06	1.250000e+01
31.803870	2568053.415511	4.867500e-06	1.250000e+01
32.827789	2565049.659361	4.873200e-06	1.250000e+01
33.852019	2559482.370285	4.883800e-06	1.250000e+01
34.876905	2557806.425210	4.887000e-06	1.250000e+01
35.900903	2558120.497708	4.886400e-06	1.250000e+01
36.924968	2552166.278737	4.897800e-06	1.250000e+01
37.950046	2543907.849482	4.913700e-06	1.250000e+01
38.974778	2536937.814580	4.927200e-06	1.250000e+01
39.998688	2523213.564796	4.954000e-06	1.250000e+01
41.022743	2509788.173878	4.980500e-06	1.250000e+01
42.047804	2491578.464789	5.016900e-06	1.250000e+01
43.072803	2479273.275418	5.041800e-06	1.250000e+01
44.096842	2466553.534078	5.067800e-06	1.250000e+01
45.120833	2452567.347499	5.096700e-06	1.250000e+01
46.144990	2440405.302513	5.122100e-06	1.250000e+01
47.168745	2424265.932276	5.156200e-06	1.250000e+01
48.192602	2410846.882293	5.184900e-06	1.250000e+01
49.216630	2396656.185290	5.215600e-06	1.250000e+01
50.240599	2383040.378236	5.245400e-06	1.250000e+01
51.264932	2368994.598692	5.276500e-06	1.250000e+01
52.288784	2356534.198024	5.304400e-06	1.250000e+01
53.312873	2341350.116131	5.338800e-06	1.250000e+01
54.336934	2326490.349718	5.372900e-06	1.250000e+01
55.360859	2310621.464749	5.409800e-06	1.250000e+01
56.384908	2294504.203532	5.447800e-06	1.250000e+01
57.408892	2278153.419964	5.486900e-06	1.250000e+01
58.433814	2261829.367593	5.526500e-06	1.250000e+01
59.457878	2244447.237534	5.569300e-06	1.250000e+01
60.481724	2229356.161940	5.607000e-06	1.250000e+01
61.505575	2213603.924277	5.646900e-06	1.250000e+01
62.529545	2197956.779378	5.687100e-06	1.250000e+01
63.554642	2182796.074460	5.726600e-06	1.250000e+01
64.577987	2168632.893824	5.764000e-06	1.250000e+01
65.601656	2150574.633542	5.812400e-06	1.250000e+01
66.627244	2134963.876411	5.854900e-06	1.250000e+01
67.651563	2118572.251788	5.900200e-06	1.250000e+01
68.675600	2107144.061225	5.932200e-06	1.250000e+01
69.700186	2093942.642723	5.969600e-06	1.250000e+01
70.725208	2078725.491826	6.013300e-06	1.250000e+01
71.749552	2064716.473134	6.054100e-06	1.250000e+01
72.774831	2054603.132859	6.083900e-06	1.250000e+01
73.798993	2043351.750744	6.117400e-06	1.250000e+01
74.823078	2034041.722264	6.145400e-06	1.250000e+01
75.846987	2021737.724009	6.182800e-06	1.250000e+01
76.871462	2008968.033301	6.222100e-06	1.250000e+01
77.894670	1996231.115654	6.261800e-06	1.250000e+01
78.918730	1979853.015712	6.313600e-06	1.250000e+01
79.943502	1964389.546305	6.363300e-06	1.250000e+01
80.967814	1948223.999003	6.416100e-06	1.250000e+01
81.991523	1931456.472697	6.471800e-06	1.250000e+01
83.015667	1916208.054206	6.523300e-06	1.250000e+01
84.041925	1903369.725762	6.567300e-06	1.250000e+01
85.066556	1888930.865130	6.617500e-06	1.250000e+01
86.090722	1877976.592900	6.656100e-06	1.250000e+01
87.114983	1866730.384397	6.696200e-06	1.250000e+01
88.139850	1854599.406528	6.740000e-06	1.250000e+01
89.164550	1842951.080707	6.782600e-06	1.250000e+01
90.188510	1830134.258649	6.830100e-06	1.250000e+01
91.212084	1818393.413052	6.874200e-06	1.250000e+01
92.236308	1811410.436622	6.900700e-06	1.250000e+01
93.259889	1808135.161720	6.913200e-06	1.250000e+01
94.283741	1797655.856763	6.953500e-06	1.250000e+01
95.307615	1786965.161327	6.995100e-06	1.250000e+01
96.331522	1775265.579731	7.041200e-06	1.250000e+01
97.354961	1760538.583964	7.100100e-06	1.250000e+01
98.378741	1750406.094214	7.141200e-06	1.250000e+01
99.402670	1739880.852959	7.184400e-06	1.250000e+01
100.427430	1732501.732502	7.215000e-06	1.250000e+01
101.452772	1724780.262994	7.247300e-06	1.250000e+01
102.476969	1712774.557762	7.298100e-06	1.250000e+01
103.500998	1701953.843012	7.344500e-06	1.250000e+01
104.525116	1692505.585268	7.385500e-06	1.250000e+01
105.549827	1682481.997443	7.429500e-06	1.250000e+01
106.573821	1673763.423583	7.468200e-06	1.250000e+01
107.598025	1661151.643211	7.524900e-06	1.250000e+01
108.622078	1646730.252411	7.590800e-06	1.250000e+01
109.646690	1636104.239473	7.640100e-06	1.250000e+01
110.670874	1625276.296970	7.691000e-06	1.250000e+01
111.694775	1616072.813777	7.734800e-06	1.250000e+01
112.719156	1608192.777285	7.772700e-06	1.250000e+01
113.743039	1600532.657268	7.809900e-06	1.250000e+01
114.766966	1592356.687898	7.850000e-06	1.250000e+01
115.790741	1586858.274514	7.877200e-06	1.250000e+01
116.814909	1584685.598377	7.888000e-06	1.250000e+01
117.838755	1570845.114672	7.957500e-06	1.250000e+01
118.862669	1558778.416531	8.019100e-06	1.250000e+01
119.886723	1551426.691986	8.057100e-06	1.250000e+01
120.910619	1540642.139644	8.113500e-06	1.250000e+01
121.935012	1532031.719185	8.159100e-06	1.250000e+01
122.957991	1527239.849964	8.184700e-06	1.250000e+01
123.982010	1519036.566248	8.228900e-06	1.250000e+01
125.006150	1511889.499020	8.267800e-06	1.250000e+01
126.030859	1510081.302777	8.277700e-06	1.250000e+01
127.055731	1510300.247689	8.276500e-06	1.250000e+01
128.079546	1503325.355687	8.314900e-06	1.250000e+01
129.103577	1486325.802616	8.410000e-06	1.250000e+01
130.127887	1475657.553006	8.470800e-06	1.250000e+01
131.151731	1472511.161635	8.488900e-06	1.250000e+01
132.175708	1463665.956301	8.540200e-06	1.250000e+01
133.200090	1453353.176449	8.600800e-06	1.250000e+01
134.224487	1444068.344867	8.656100e-06	1.250000e+01
135.248593	1435642.995785	8.706900e-06	1.250000e+01
136.271914	1428098.116053	8.752900e-06	1.250000e+01
137.295976	1418037.436188	8.815000e-06	1.250000e+01
138.319963	1409451.216075	8.868700e-06	1.250000e+01
139.343935	1405789.603905	8.891800e-06	1.250000e+01
140.368838	1398272.853372	8.939600e-06	1.250000e+01
141.393363	1391749.707733	8.981500e-06	1.250000e+01
142.417780	1385747.860405	9.020400e-06	1.250000e+01
143.441557	1377820.398355	9.072300e-06	1.250000e+01
144.464494	1367555.030414	9.140400e-06	1.250000e+01
145.488162	1360218.505501	9.189700e-06	1.250000e+01
146.511858	1352433.297990	9.242600e-06	1.250000e+01
147.535757	1345445.934601	9.290600e-06	1.250000e+01
148.559786	1338071.891927	9.341800e-06	1.250000e+01
149.584255	1331671.407417	9.386700e-06	1.250000e+01
150.609903	1325345.915284	9.431500e-06	1.250000e+01
151.633875	1319219.444239	9.475300e-06	1.250000e+01
152.657958	1311881.447897	9.528300e-06	1.250000e+01
153.682540	1306110.507398	9.570400e-06	1.250000e+01
154.707825	1300052.002080	9.615000e-06	1.250000e+01
155.731928	1295605.306799	9.648000e-06	1.250000e+01
156.755940	1288885.680996	9.698300e-06	1.250000e+01
157.780418	1280475.312436	9.762000e-06	1.250000e+01
158.804888	1272679.142316	9.821800e-06	1.250000e+01
159.829100	1267003.182712	9.865800e-06	1.250000e+01
160.852928	1261364.897729	9.909900e-06	1.250000e+01
161.877596	1255158.702266	9.958900e-06	1.250000e+01
162.901516	1253007.217322	9.976000e-06	1.250000e+01
163.924980	1247380.500948	1.002100e-05	1.250000e+01
164.948804	1241680.739048	1.006700e-05	1.250000e+01
165.972740	1234811.814679	1.012300e-05	1.250000e+01
166.997017	1228501.228501	1.017500e-05	1.250000e+01
168.020857	1222972.311907	1.022100e-05	1.250000e+01
169.044917	1216426.625146	1.027600e-05	1.250000e+01
170.069359	1212650.368646	1.030800e-05	1.250000e+01
171.093974	1207846.168712	1.034900e-05	1.250000e+01
172.117968	1203659.123736	1.038500e-05	1.250000e+01
173.141949	1199270.843327	1.042300e-05	1.250000e+01
174.166355	1194001.337281	1.046900e-05	1.250000e+01
175.189927	1192634.290621	1.048100e-05	1.250000e+01
176.214079	1187761.307488	1.052400e-05	1.250000e+01
177.237953	1180470.299367	1.058900e-05	1.250000e+01
178.262249	1174812.030075	1.064000e-05	1.250000e+01
179.286759	1169754.819390	1.068600e-05	1.250000e+01
180.309862	1162358.192301	1.075400e-05	1.250000e+01
181.333524	1156657.721847	1.080700e-05	1.250000e+01
182.358758	1150271.464066	1.086700e-05	1.250000e+01
183.382700	1144688.644689	1.092000e-05	1.250000e+01
184.406640	1138537.207396	1.097900e-05	1.250000e+01
185.429937	1133786.848073	1.102500e-05	1.250000e+01
186.454436	1129177.958446	1.107000e-05	1.250000e+01
187.478685	1125923.257071	1.110200e-05	1.250000e+01
188.502811	1122284.072544	1.113800e-05	1.250000e+01
189.526896	1117268.501966	1.118800e-05	1.250000e+01
190.551127	1110716.189799	1.125400e-05	1.250000e+01
191.575041	1104533.003446	1.131700e-05	1.250000e+01
192.599679	1098128.788544	1.138300e-05	1.250000e+01
193.623844	1094570.928196	1.142000e-05	1.250000e+01
194.648143	1089134.791322	1.147700e-05	1.250000e+01
195.672907	1084410.514444	1.152700e-05	1.250000e+01
196.697038	1079727.045003	1.157700e-05	1.250000e+01
197.720918	1074252.320385	1.163600e-05	1.250000e+01
198.744851	1067919.692439	1.170500e-05	1.250000e+01
199.768714	1062925.170068	1.176000e-05	1.250000e+01
200.792675	1058604.336043	1.180800e-05	1.250000e+01
201.817042	1055119.439521	1.184700e-05	1.250000e+01
202.841526	1049450.088154	1.191100e-05	1.250000e+01
203.866184	1044888.405918	1.196300e-05	1.250000e+01
204.890980	1040193.059832	1.201700e-05	1.250000e+01
205.915274	1036398.308598	1.206100e-05	1.250000e+01
206.939095	1031778.786628	1.211500e-05	1.250000e+01
207.964119	1027538.018907	1.216500e-05	1.250000e+01
208.989041	1023080.700606	1.221800e-05	1.250000e+01
210.013022	1017749.552190	1.228200e-05	1.250000e+01
211.036884	1012965.964344	1.234000e-05	1.250000e+01
212.061486	1007414.571244	1.240800e-05	1.250000e+01
213.085956	1002727.418579	1.246600e-05	1.250000e+01
214.109809	996810.207337	1.254000e-05	1.250000e+01
215.133940	992299.753910	1.259700e-05	1.250000e+01
216.158121	987049.905243	1.266400e-05	1.250000e+01
217.182103	985571.237089	1.268300e-05	1.250000e+01
218.205581	985415.845487	1.268500e-05	1.250000e+01
219.230133	986348.930798	1.267300e-05	1.250000e+01
220.254349	980007.840063	1.275500e-05	1.250000e+01
221.278909	972535.594803	1.285300e-05	1.250000e+01
222.302891	969518.343287	1.289300e-05	1.250000e+01
223.327145	963020.030817	1.298000e-05	1.250000e+01
224.351510	956608.249790	1.306700e-05	1.250000e+01
225.375937	951873.286628	1.313200e-05	1.250000e+01
226.399824	948118.932039	1.318400e-05	1.250000e+01
227.424030	942898.091574	1.325700e-05	1.250000e+01
228.447787	938227.126023	1.332300e-05	1.250000e+01
229.471935	933184.023890	1.339500e-05	1.250000e+01
230.495829	927988.121752	1.347000e-05	1.250000e+01
231.519989	924624.602411	1.351900e-05	1.250000e+01
232.544623	920606.864045	1.357800e-05	1.250000e+01
233.568051	916220.772557	1.364300e-05	1.250000e+01
234.591098	913809.488998	1.367900e-05	1.250000e+01
235.616814	907243.431558	1.377800e-05	1.250000e+01
236.641416	902006.061481	1.385800e-05	1.250000e+01
237.667213	897021.887334	1.393500e-05	1.250000e+01
238.691635	892729.610056	1.400200e-05	1.250000e+01
239.715018	890567.113138	1.403600e-05	1.250000e+01
240.739439	887405.934971	1.408600e-05	1.250000e+01
241.763800	881523.272214	1.418000e-05	1.250000e+01
242.788727	876639.315520	1.425900e-05	1.250000e+01
243.813025	871687.587169	1.434000e-05	1.250000e+01
244.837737	867754.251996	1.440500e-05	1.250000e+01
245.877730	863498.203924	1.447600e-05	1.250000e+01
246.901828	859047.488145	1.455100e-05	1.250000e+01
247.925721	854876.213924	1.462200e-05	1.250000e+01
248.949776	850166.632660	1.470300e-05	1.250000e+01
249.973677	845737.483085	1.478000e-05	1.250000e+01
250.996991	841297.617445	1.485800e-05	1.250000e+01
252.020827	836792.073905	1.493800e-05	1.250000e+01
253.045752	833000.133280	1.500600e-05	1.250000e+01
254.069624	827979.068689	1.509700e-05	1.250000e+01
255.093448	823180.770497	1.518500e-05	1.250000e+01
256.118627	819242.364661	1.525800e-05	1.250000e+01
257.143630	815022.494621	1.533700e-05	1.250000e+01
258.167867	810110.174984	1.543000e-05	1.250000e+01
259.192026	805931.656995	1.551000e-05	1.250000e+01
260.217372	802053.256336	1.558500e-05	1.250000e+01
261.242014	798517.950684	1.565400e-05	1.250000e+01
262.265863	794306.411641	1.573700e-05	1.250000e+01
263.290007	792242.362784	1.577800e-05	1.250000e+01
264.314539	789390.590464	1.583500e-05	1.250000e+01
265.338709	786856.351504	1.588600e-05	1.250000e+01
266.362867	782815.631263	1.596800e-05	1.250000e+01
267.386931	778670.653460	1.605300e-05	1.250000e+01
268.411665	772940.885481	1.617200e-05	1.250000e+01
269.435137	767153.553455	1.629400e-05	1.250000e+01
270.458139	763498.656242	1.637200e-05	1.250000e+01
271.481745	759140.046156	1.646600e-05	1.250000e+01
272.507326	754193.314830	1.657400e-05	1.250000e+01
273.531778	750255.086729	1.666100e-05	1.250000e+01
274.555912	745823.389021	1.676000e-05	1.250000e+01
275.580075	741311.825406	1.686200e-05	1.250000e+01
276.605258	736507.188310	1.697200e-05	1.250000e+01
277.629739	732064.421669	1.707500e-05	1.250000e+01
278.653806	727674.933054	1.717800e-05	1.250000e+01
279.677674	723254.064688	1.728300e-05	1.250000e+01
280.701025	718432.093798	1.739900e-05	1.250000e+01
281.725103	714653.250243	1.749100e-05	1.250000e+01
282.748737	711278.024354	1.757400e-05	1.250000e+01
283.771868	707293.611724	1.767300e-05	1.250000e+01
284.795723	703274.445820	1.777400e-05	1.250000e+01
285.820826	698714.365567	1.789000e-05	1.250000e+01
286.844716	694714.611238	1.799300e-05	1.250000e+01
287.868660	690455.148034	1.810400e-05	1.250000e+01
288.892754	686926.416442	1.819700e-05	1.250000e+01
289.917117	683060.109290	1.830000e-05	1.250000e+01
290.941014	679163.270850	1.840500e-05	1.250000e+01
291.965052	675055.354539	1.851700e-05	1.250000e+01
292.989217	671285.108211	1.862100e-05	1.250000e+01
294.013183	667022.411953	1.874000e-05	1.250000e+01
295.037102	663587.620109	1.883700e-05	1.250000e+01
296.061080	659839.527027	1.894400e-05	1.250000e+01
297.085353	656236.875262	1.904800e-05	1.250000e+01
298.109194	652298.700621	1.916300e-05	1.250000e+01
299.132960	648373.878313	1.927900e-05	1.250000e+01
300.156060	644197.072769	1.940400e-05	1.250000e+01
301.179414	639942.661138	1.953300e-05	1.250000e+01
302.204717	635485.510930	1.967000e-05	1.250000e+01
303.227914	631026.301176	1.980900e-05	1.250000e+01
304.252818	627415.549867	1.992300e-05	1.250000e+01
305.277882	623006.379585	2.006400e-05	1.250000e+01
306.302891	617955.309472	2.022800e-05	1.250000e+01
307.326778	614220.431428	2.035100e-05	1.250000e+01
308.350776	609429.086831	2.051100e-05	1.250000e+01
309.375088	605620.155039	2.064000e-05	1.250000e+01
310.399098	601337.374320	2.078700e-05	1.250000e+01
311.422979	597200.324877	2.093100e-05	1.250000e+01
312.447612	592697.961119	2.109000e-05	1.250000e+01
313.472650	588346.041608	2.124600e-05	1.250000e+01
314.496741	583975.706611	2.140500e-05	1.250000e+01
315.520671	580315.691736	2.154000e-05	1.250000e+01
316.543953	576541.672432	2.168100e-05	1.250000e+01
317.567857	572475.383559	2.183500e-05	1.250000e+01
318.591781	568491.904675	2.198800e-05	1.250000e+01
319.615708	564512.487016	2.214300e-05	1.250000e+01
320.639628	560487.848623	2.230200e-05	1.250000e+01
321.663971	556025.087852	2.248100e-05	1.250000e+01
322.688050	551511.140525	2.266500e-05	1.250000e+01
323.712054	547213.588408	2.284300e-05	1.250000e+01
324.736097	542417.010197	2.304500e-05	1.250000e+01
325.760733	538537.762268	2.321100e-05	1.250000e+01
326.785743	534622.129079	2.338100e-05	1.250000e+01
327.807949	530200.203597	2.357600e-05	1.250000e+01
328.831906	525983.589312	2.376500e-05	1.250000e+01
329.856758	521398.181363	2.397400e-05	1.250000e+01
330.880805	516657.022402	2.419400e-05	1.250000e+01
331.904787	513115.225155	2.436100e-05	1.250000e+01
332.928791	508895.493222	2.456300e-05	1.250000e+01
333.952824	504703.839787	2.476700e-05	1.250000e+01
334.976936	500540.583831	2.497300e-05	1.250000e+01
336.000160	496346.886912	2.518400e-05	1.250000e+01
337.024676	492009.761474	2.540600e-05	1.250000e+01
338.048697	487804.878049	2.562500e-05	1.250000e+01
339.073933	484045.848823	2.582400e-05	1.250000e+01
340.098116	479423.158056	2.607300e-05	1.250000e+01
341.122127	475267.100110	2.630100e-05	1.250000e+01
342.146001	470632.530120	2.656000e-05	1.250000e+01
343.170677	465844.296202	2.683300e-05	1.250000e+01
344.195027	460863.473805	2.712300e-05	1.250000e+01
345.219040	456988.264541	2.735300e-05	1.250000e+01
346.244171	451850.780798	2.766400e-05	1.250000e+01
347.267920	446635.938114	2.798700e-05	1.250000e+01
348.291839	441774.165047	2.829500e-05	1.250000e+01
349.315815	436940.715884	2.860800e-05	1.250000e+01
350.340275	431272.426166	2.898400e-05	1.250000e+01
351.363777	426097.627488	2.933600e-05	1.250000e+01
352.387738	421570.941958	2.965100e-05	1.250000e+01
353.411050	416833.400027	2.998800e-05	1.250000e+01
354.435619	411658.159065	3.036500e-05	1.250000e+01
355.460195	407073.305761	3.070700e-05	1.250000e+01
356.483130	402382.102044	3.106500e-05	1.250000e+01
357.507625	398101.850377	3.139900e-05	1.250000e+01
358.531746	394570.707071	3.168000e-05	1.250000e+01
359.556193	391126.130355	3.195900e-05	1.250000e+01
360.580816	388355.547271	3.218700e-05	1.250000e+01
361.605057	385564.466379	3.242000e-05	1.250000e+01
362.629451	382649.156641	3.266700e-05	1.250000e+01
363.653004	379662.252460	3.292400e-05	1.250000e+01
364.676192	377164.926679	3.314200e-05	1.250000e+01
365.700610	374823.832799	3.334900e-05	1.250000e+01
366.725196	373156.606365	3.349800e-05	1.250000e+01
367.748994	371393.766527	3.365700e-05	1.250000e+01
368.772906	368318.698804	3.393800e-05	1.250000e+01
369.797116	364537.766113	3.429000e-05	1.250000e+01
370.820111	361250.794752	3.460200e-05	1.250000e+01
371.843830	357500.357500	3.496500e-05	1.250000e+01
372.867261	353646.805862	3.534600e-05	1.250000e+01
373.891788	350120.441432	3.570200e-05	1.250000e+01
374.915956	346538.770758	3.607100e-05	1.250000e+01
375.940075	343180.320668	3.642400e-05	1.250000e+01
376.963992	339443.312967	3.682500e-05	1.250000e+01
377.987959	335786.815666	3.722600e-05	1.250000e+01
379.012501	332058.229731	3.764400e-05	1.250000e+01
380.036985	328342.526924	3.807000e-05	1.250000e+01
381.060876	324844.074844	3.848000e-05	1.250000e+01
382.085052	321874.597657	3.883500e-05	1.250000e+01
383.108904	318975.196489	3.918800e-05	1.250000e+01
384.133130	316399.625383	3.950700e-05	1.250000e+01
385.156822	313463.901497	3.987700e-05	1.250000e+01
386.180822	310806.106718	4.021800e-05	1.250000e+01
387.205196	308056.288045	4.057700e-05	1.250000e+01
388.229837	305481.561133	4.091900e-05	1.250000e+01
389.253993	302810.077519	4.128000e-05	1.250000e+01
390.278029	299731.440629	4.170400e-05	1.250000e+01
391.301919	296278.739038	4.219000e-05	1.250000e+01
392.326098	293337.713843	4.261300e-05	1.250000e+01
393.350103	291029.312472	4.295100e-05	1.250000e+01
394.374217	288596.957034	4.331300e-05	1.250000e+01
395.399265	286172.161172	4.368000e-05	1.250000e+01
396.423054	283485.281444	4.409400e-05	1.250000e+01
397.446999	280652.910932	4.453900e-05	1.250000e+01
398.470992	278006.360786	4.496300e-05	1.250000e+01
399.495511	275573.192240	4.536000e-05	1.250000e+01
400.520696	273188.215753	4.575600e-05	1.250000e+01
401.544972	270586.197939	4.619600e-05	1.250000e+01
402.568956	268010.291595	4.664000e-05	1.250000e+01
403.593286	265607.071523	4.706200e-05	1.250000e+01
404.617982	263401.888065	4.745600e-05	1.250000e+01
405.641963	260954.886119	4.790100e-05	1.250000e+01
406.665881	258788.455965	4.830200e-05	1.250000e+01
407.690536	256747.319558	4.868600e-05	1.250000e+01
408.715056	254727.746984	4.907200e-05	1.250000e+01
409.740062	252606.903241	4.948400e-05	1.250000e+01
410.764222	250465.866512	4.990700e-05	1.250000e+01
411.787821	248449.674034	5.031200e-05	1.250000e+01
412.813813	246261.746685	5.075900e-05	1.250000e+01
413.838011	244097.717198	5.120900e-05	1.250000e+01
414.861860	242332.596642	5.158200e-05	1.250000e+01
415.885819	240398.484528	5.199700e-05	1.250000e+01
416.910268	238454.054673	5.242100e-05	1.250000e+01
417.935014	236509.498221	5.285200e-05	1.250000e+01
418.958957	234552.380238	5.329300e-05	1.250000e+01
419.982946	232597.086024	5.374100e-05	1.250000e+01
421.007418	230691.150687	5.418500e-05	1.250000e+01
422.032185	228941.922013	5.459900e-05	1.250000e+01
423.057853	227144.700260	5.503100e-05	1.250000e+01
424.081927	225468.975469	5.544000e-05	1.250000e+01
425.106505	223994.265747	5.580500e-05	1.250000e+01
426.131113	222483.269258	5.618400e-05	1.250000e+01
427.154863	220633.659871	5.665500e-05	1.250000e+01
428.178848	218806.889791	5.712800e-05	1.250000e+01
429.203124	216882.102889	5.763500e-05	1.250000e+01
430.227050	215090.768304	5.811500e-05	1.250000e+01
431.250881	213394.335661	5.857700e-05	1.250000e+01
432.274739	211566.778938	5.908300e-05	1.250000e+01
433.298331	209868.873928	5.956100e-05	1.250000e+01
434.321990	208295.145890	6.001100e-05	1.250000e+01
435.345918	206731.166791	6.046500e-05	1.250000e+01
436.369958	205170.291342	6.092500e-05	1.250000e+01
437.393627	203762.266488	6.134600e-05	1.250000e+01
438.418713	202291.558778	6.179200e-05	1.250000e+01
439.443342	200690.374890	6.228500e-05	1.250000e+01
440.467430	199041.416538	6.280100e-05	1.250000e+01
441.491630	197484.833165	6.329600e-05	1.250000e+01
442.515883	196053.828539	6.375800e-05	1.250000e+01
443.539996	194779.898714	6.417500e-05	1.250000e+01
444.564006	193378.712871	6.464000e-05	1.250000e+01
445.588090	191876.707703	6.514600e-05	1.250000e+01
446.612097	190464.581206	6.562900e-05	1.250000e+01
447.635829	189015.907579	6.613200e-05	1.250000e+01
448.659963	187532.818243	6.665500e-05	1.250000e+01
449.684765	186061.742729	6.718200e-05	1.250000e+01
450.708956	184589.030981	6.771800e-05	1.250000e+01
451.732892	183287.144973	6.819900e-05	1.250000e+01
452.756835	181998.194578	6.868200e-05	1.250000e+01
453.781458	180630.617612	6.920200e-05	1.250000e+01
454.804955	179414.677556	6.967100e-05	1.250000e+01
455.829908	178245.493954	7.012800e-05	1.250000e+01
456.854019	177103.995466	7.058000e-05	1.250000e+01
457.878248	175949.776896	7.104300e-05	1.250000e+01
458.902053	174923.033865	7.146000e-05	1.250000e+01
459.926304	173835.648824	7.190700e-05	1.250000e+01
460.950186	172716.344493	7.237300e-05	1.250000e+01
461.974759	171540.710041	7.286900e-05	1.250000e+01
462.998995	170401.875784	7.335600e-05	1.250000e+01
464.022185	169300.990072	7.383300e-05	1.250000e+01
465.045153	168375.112811	7.423900e-05	1.250000e+01
466.068165	167434.633519	7.465600e-05	1.250000e+01
467.093663	166433.659543	7.510500e-05	1.250000e+01
468.117168	165442.392959	7.555500e-05	1.250000e+01
469.140992	164527.805199	7.597500e-05	1.250000e+01
470.164950	163586.871172	7.641200e-05	1.250000e+01
471.188976	162665.105082	7.684500e-05	1.250000e+01
472.213001	161699.265239	7.730400e-05	1.250000e+01
473.236958	160792.384873	7.774000e-05	1.250000e+01
474.261429	159887.439243	7.818000e-05	1.250000e+01
475.285988	158986.556097	7.862300e-05	1.250000e+01
476.310078	158085.771016	7.907100e-05	1.250000e+01
477.334148	157100.305403	7.956700e-05	1.250000e+01
478.358534	156212.899436	8.001900e-05	1.250000e+01
479.382937	155406.917473	8.043400e-05	1.250000e+01
480.405786	154528.933998	8.089100e-05	1.250000e+01
481.429896	153649.482509	8.135400e-05	1.250000e+01
482.454589	152733.315413	8.184200e-05	1.250000e+01
483.478763	151837.230489	8.232500e-05	1.250000e+01
484.502210	150982.594726	8.279100e-05	1.250000e+01
485.526051	150049.216143	8.330600e-05	1.250000e+01
486.550528	149194.944082	8.378300e-05	1.250000e+01
487.574951	148336.260502	8.426800e-05	1.250000e+01
488.598687	147438.694991	8.478100e-05	1.250000e+01
489.622168	146577.703772	8.527900e-05	1.250000e+01
490.647436	145808.302908	8.572900e-05	1.250000e+01
491.671070	145021.695246	8.619400e-05	1.250000e+01
492.695234	144185.295407	8.669400e-05	1.250000e+01
493.719688	143391.378163	8.717400e-05	1.250000e+01
494.743654	142615.918218	8.764800e-05	1.250000e+01
495.768084	141789.267120	8.815900e-05	1.250000e+01
496.792033	141037.357975	8.862900e-05	1.250000e+01
497.815909	140343.786139	8.906700e-05	1.250000e+01
498.840222	139574.354050	8.955800e-05	1.250000e+01
499.864102	138862.659275	9.001700e-05	1.250000e+01
500.887834	138184.149725	9.045900e-05	1.250000e+01
501.911001	137483.501980	9.092000e-05	1.250000e+01
502.935513	136777.949206	9.138900e-05	1.250000e+01
503.959668	136018.890303	9.189900e-05	1.250000e+01
504.983079	135209.683177	9.244900e-05	1.250000e+01
506.007113	134567.768328	9.289000e-05	1.250000e+01
507.031614	133982.164294	9.329600e-05	1.250000e+01
508.056128	133326.222601	9.375500e-05	1.250000e+01
509.080121	132595.044128	9.427200e-05	1.250000e+01
510.103915	131887.146806	9.477800e-05	1.250000e+01
511.128548	131144.101138	9.531500e-05	1.250000e+01
512.153079	130379.456370	9.587400e-05	1.250000e+01
513.177068	129646.531696	9.641600e-05	1.250000e+01
514.200987	128986.987793	9.690900e-05	1.250000e+01
515.225278	128277.489866	9.744500e-05	1.250000e+01
516.249033	127552.321962	9.799900e-05	1.250000e+01
517.272842	126877.791311	9.852000e-05	1.250000e+01
518.296914	126187.423657	9.905900e-05	1.250000e+01
519.321608	125539.821231	9.957000e-05	1.250000e+01
520.345927	124975.004999	1.000200e-04	1.250000e+01
521.369209	124328.625423	1.005400e-04	1.250000e+01
522.393015	123701.138050	1.010500e-04	1.250000e+01
523.417632	123055.719630	1.015800e-04	1.250000e+01
524.442069	122440.983446	1.020900e-04	1.250000e+01
525.465817	121820.485333	1.026100e-04	1.250000e+01
526.489874	121217.998448	1.031200e-04	1.250000e+01
527.514463	120586.532896	1.036600e-04	1.250000e+01
528.538966	119973.126020	1.041900e-04	1.250000e+01
529.564881	119365.928189	1.047200e-04	1.250000e+01
530.588925	118764.845606	1.052500e-04	1.250000e+01
531.613065	118158.616126	1.057900e-04	1.250000e+01
532.636899	117602.784834	1.062900e-04	1.250000e+01
533.660911	117063.120435	1.067800e-04	1.250000e+01
534.684807	116484.950144	1.073100e-04	1.250000e+01
535.708183	115923.212464	1.078300e-04	1.250000e+01
536.732098	115356.220007	1.083600e-04	1.250000e+01
537.757068	114794.746992	1.088900e-04	1.250000e+01
538.781093	114249.154556	1.094100e-04	1.250000e+01
539.805173	113698.380935	1.099400e-04	1.250000e+01
540.829159	113152.892188	1.104700e-04	1.250000e+01
541.853254	112612.612613	1.110000e-04	1.250000e+01
542.876815	112057.373375	1.115500e-04	1.250000e+01
543.900851	111507.582516	1.121000e-04	1.250000e+01
544.925910	110953.310847	1.126600e-04	1.250000e+01
545.949899	110453.300345	1.131700e-04	1.250000e+01
546.974034	109928.766160	1.137100e-04	1.250000e+01
547.998043	109447.508975	1.142100e-04	1.250000e+01
549.022057	108903.990242	1.147800e-04	1.250000e+01
550.046733	108403.434221	1.153100e-04	1.250000e+01
551.069994	107926.092212	1.158200e-04	1.250000e+01
552.094274	107499.140007	1.162800e-04	1.250000e+01
553.118061	107093.899931	1.167200e-04	1.250000e+01
554.141739	106682.597935	1.171700e-04	1.250000e+01
555.165122	106392.033365	1.174900e-04	1.250000e+01
556.189281	106013.060809	1.179100e-04	1.250000e+01
557.213742	105458.533705	1.185300e-04	1.250000e+01
558.238913	105006.720430	1.190400e-04	1.250000e+01
559.264060	104436.460857	1.196900e-04	1.250000e+01
560.288113	103880.993933	1.203300e-04	1.250000e+01
561.312381	103374.131657	1.209200e-04	1.250000e+01
562.337001	102880.658436	1.215000e-04	1.250000e+01
563.360983	102383.487591	1.220900e-04	1.250000e+01
564.384935	101907.712376	1.226600e-04	1.250000e+01
565.410141	101452.804156	1.232100e-04	1.250000e+01
566.435101	100952.996285	1.238200e-04	1.250000e+01
567.459090	100441.944556	1.244500e-04	1.250000e+01
568.482894	99960.015994	1.250500e-04	1.250000e+01
569.506435	99490.608087	1.256400e-04	1.250000e+01
570.531153	99033.433687	1.262200e-04	1.250000e+01
571.555802	98564.895127	1.268200e-04	1.250000e+01
572.579088	98100.769110	1.274200e-04	1.250000e+01
573.603908	97648.621201	1.280100e-04	1.250000e+01
574.628241	97170.398010	1.286400e-04	1.250000e+01
575.652273	96696.836080	1.292700e-04	1.250000e+01
576.676850	96235.276003	1.298900e-04	1.250000e+01
577.700807	95844.195676	1.304200e-04	1.250000e+01
578.725261	95412.563926	1.310100e-04	1.250000e+01
579.749111	95049.806098	1.315100e-04	1.250000e+01
580.774020	94696.969697	1.320000e-04	1.250000e+01
581.797681	94296.922148	1.325600e-04	1.250000e+01
582.822287	93857.936627	1.331800e-04	1.250000e+01
583.846004	93471.921035	1.337300e-04	1.250000e+01
584.870241	93089.067620	1.342800e-04	1.250000e+01
585.894295	92674.970344	1.348800e-04	1.250000e+01
586.918825	92264.540892	1.354800e-04	1.250000e+01
587.941979	91844.232182	1.361000e-04	1.250000e+01
588.965886	91454.492245	1.366800e-04	1.250000e+01
589.990420	91028.255170	1.373200e-04	1.250000e+01
591.014912	90605.972746	1.379600e-04	1.250000e+01
592.038990	90187.590188	1.386000e-04	1.250000e+01
593.063808	89792.399971	1.392100e-04	1.250000e+01
594.088580	89387.871854	1.398400e-04	1.250000e+01
595.112857	88993.307703	1.404600e-04	1.250000e+01
596.137800	88577.097506	1.411200e-04	1.250000e+01
597.161202	88189.643008	1.417400e-04	1.250000e+01
598.185255	87793.229386	1.423800e-04	1.250000e+01
599.209050	87418.700608	1.429900e-04	1.250000e+01
600.232944	87029.172179	1.436300e-04	1.250000e+01
601.256857	86667.128891	1.442300e-04	1.250000e+01
602.281015	86290.211238	1.448600e-04	1.250000e+01
603.305022	85928.370111	1.454700e-04	1.250000e+01
604.328772	85551.981384	1.461100e-04	1.250000e+01
605.352028	85190.485927	1.467300e-04	1.250000e+01
606.376512	84837.790145	1.473400e-04	1.250000e+01
607.400996	84505.137912	1.479200e-04	1.250000e+01
608.425107	84158.082542	1.485300e-04	1.250000e+01
609.449236	83830.728992	1.491100e-04	1.250000e+01
610.474275	83489.179802	1.497200e-04	1.250000e+01
611.498283	83172.533103	1.502900e-04	1.250000e+01
612.522164	82825.337927	1.509200e-04	1.250000e+01
613.546151	82475.587226	1.515600e-04	1.250000e+01
614.570741	82144.969442	1.521700e-04	1.250000e+01
615.594938	81816.991753	1.527800e-04	1.250000e+01
616.618845	81433.224756	1.535000e-04	1.250000e+01
617.642057	81089.847551	1.541500e-04	1.250000e+01
618.666396	80765.006138	1.547700e-04	1.250000e+01
619.690146	80432.404607	1.554100e-04	1.250000e+01
620.714110	80102.531240	1.560500e-04	1.250000e+01
621.738114	79790.629388	1.566600e-04	1.250000e+01
622.762425	79481.147072	1.572700e-04	1.250000e+01
623.786338	79148.990059	1.579300e-04	1.250000e+01
624.810270	78839.482813	1.585500e-04	1.250000e+01
625.835219	78517.587940	1.592000e-04	1.250000e+01
626.860152	78203.203203	1.598400e-04	1.250000e+01
627.884176	77871.916272	1.605200e-04	1.250000e+01
628.908852	77572.297381	1.611400e-04	1.250000e+01
629.932229	77255.871446	1.618000e-04	1.250000e+01
630.956347	76970.443350	1.624000e-04	1.250000e+01
631.980065	76663.600123	1.630500e-04	1.250000e+01
633.004906	76363.858513	1.636900e-04	1.250000e+01
634.028840	76043.314272	1.643800e-04	1.250000e+01
635.052391	75734.625871	1.650500e-04	1.250000e+01
636.076124	75432.985336	1.657100e-04	1.250000e+01
637.100208	75169.883938	1.662900e-04	1.250000e+01
638.124856	74890.659637	1.669100e-04	1.250000e+01
639.148901	74622.410602	1.675100e-04	1.250000e+01
640.173164	74333.967650	1.681600e-04	1.250000e+01
641.198243	74056.519936	1.687900e-04	1.250000e+01
642.222327	73785.490821	1.694100e-04	1.250000e+01
643.247119	73486.184597	1.701000e-04	1.250000e+01
644.271462	73210.729765	1.707400e-04	1.250000e+01
645.296202	72933.076609	1.713900e-04	1.250000e+01
646.320161	72644.853839	1.720700e-04	1.250000e+01
647.344128	72358.900145	1.727500e-04	1.250000e+01
648.369352	72091.816137	1.733900e-04	1.250000e+01
649.393884	71801.941524	1.740900e-04	1.250000e+01
650.417397	71526.665141	1.747600e-04	1.250000e+01
651.441362	71253.491421	1.754300e-04	1.250000e+01
652.465886	70990.458882	1.760800e-04	1.250000e+01
653.490847	70737.366306	1.767100e-04	1.250000e+01
654.514277	70458.260526	1.774100e-04	1.250000e+01
655.538039	70145.903479	1.782000e-04	1.250000e+01
656.562559	69883.155364	1.788700e-04	1.250000e+01
657.586938	69622.368274	1.795400e-04	1.250000e+01
658.610989	69344.280484	1.802600e-04	1.250000e+01
659.635060	69034.075220	1.810700e-04	1.250000e+01
660.659276	68741.750990	1.818400e-04	1.250000e+01
661.683936	68466.889412	1.825700e-04	1.250000e+01
662.708304	68212.824011	1.832500e-04	1.250000e+01
663.732875	67953.248165	1.839500e-04	1.250000e+01
664.756727	67695.640401	1.846500e-04	1.250000e+01
665.781113	67454.535643	1.853100e-04	1.250000e+01
666.805008	67207.914404	1.859900e-04	1.250000e+01
667.829123	66937.988647	1.867400e-04	1.250000e+01
668.853644	66709.360657	1.873800e-04	1.250000e+01
669.878078	66478.753390	1.880300e-04	1.250000e+01
670.902126	66242.713302	1.887000e-04	1.250000e+01
671.925969	66001.372829	1.893900e-04	1.250000e+01
672.950348	65758.325004	1.900900e-04	1.250000e+01
673.974963	65520.494811	1.907800e-04	1.250000e+01
674.999108	65291.198746	1.914500e-04	1.250000e+01
676.022837	65049.958368	1.921600e-04	1.250000e+01
677.046796	64803.774172	1.928900e-04	1.250000e+01
678.070994	64552.778352	1.936400e-04	1.250000e+01
679.095157	64307.027472	1.943800e-04	1.250000e+01
680.119139	64059.857531	1.951300e-04	1.250000e+01
681.143379	63817.838362	1.958700e-04	1.250000e+01
682.168053	63580.874873	1.966000e-04	1.250000e+01
683.192119	63358.507780	1.972900e-04	1.250000e+01
684.216135	63124.936875	1.980200e-04	1.250000e+01
685.240302	62880.426581	1.987900e-04	1.250000e+01
686.264127	62647.220969	1.995300e-04	1.250000e+01
687.287261	62400.159744	2.003200e-04	1.250000e+01
688.311077	62182.867376	2.010200e-04	1.250000e+01
689.335533	61951.727214	2.017700e-04	1.250000e+01
690.359271	61743.640405	2.024500e-04	1.250000e+01
691.382965	61515.748031	2.032000e-04	1.250000e+01
692.408046	61304.561059	2.039000e-04	1.250000e+01
693.432506	61073.923877	2.046700e-04	1.250000e+01
694.457249	60850.939539	2.054200e-04	1.250000e+01
695.481143	60626.636919	2.061800e-04	1.250000e+01
696.506086	60427.342164	2.068600e-04	1.250000e+01
697.530249	60214.846573	2.075900e-04	1.250000e+01
698.554320	59995.200384	2.083500e-04	1.250000e+01
699.578200	59765.718384	2.091500e-04	1.250000e+01
700.602107	59540.821187	2.099400e-04	1.250000e+01
701.626317	59317.610212	2.107300e-04	1.250000e+01
702.650151	59112.834579	2.114600e-04	1.250000e+01
703.674181	58903.915932	2.122100e-04	1.250000e+01
704.697375	58690.956897	2.129800e-04	1.250000e+01
705.721794	58476.796407	2.137600e-04	1.250000e+01
706.745946	58280.492354	2.144800e-04	1.250000e+01
707.770044	58074.707303	2.152400e-04	1.250000e+01
708.794240	57873.049678	2.159900e-04	1.250000e+01
709.818741	57654.167243	2.168100e-04	1.250000e+01
710.843882	57458.055619	2.175500e-04	1.250000e+01
711.869006	57268.520640	2.182700e-04	1.250000e+01
712.893338	57090.659968	2.189500e-04	1.250000e+01
713.917740	56924.267954	2.195900e-04	1.250000e+01
714.942596	56763.998002	2.202100e-04	1.250000e+01
715.967890	56573.885494	2.209500e-04	1.250000e+01
716.991100	56364.702169	2.217700e-04	1.250000e+01
718.015226	56159.583071	2.225800e-04	1.250000e+01
719.039688	55940.926382	2.234500e-04	1.250000e+01
720.064287	55756.278157	2.241900e-04	1.250000e+01
721.088113	55558.024801	2.249900e-04	1.250000e+01
722.112832	55356.272973	2.258100e-04	1.250000e+01
723.136831	55158.414968	2.266200e-04	1.250000e+01
724.161797	54966.800053	2.274100e-04	1.250000e+01
725.186278	54766.912022	2.282400e-04	1.250000e+01
726.210299	54570.854798	2.290600e-04	1.250000e+01
727.235252	54376.196276	2.298800e-04	1.250000e+01
728.259149	54175.876566	2.307300e-04	1.250000e+01
729.282878	53993.348020	2.315100e-04	1.250000e+01
730.307378	53814.361977	2.322800e-04	1.250000e+01
731.331657	53625.053625	2.331000e-04	1.250000e+01
732.356195	53446.211733	2.338800e-04	1.250000e+01
733.380946	53266.288831	2.346700e-04	1.250000e+01
734.405914	53101.104503	2.354000e-04	1.250000e+01
735.429135	52925.734609	2.361800e-04	1.250000e+01
736.453103	52760.425460	2.369200e-04	1.250000e+01
737.478073	52589.507341	2.376900e-04	1.250000e+01
738.501941	52428.487543	2.384200e-04	1.250000e+01
739.525397	52264.079943	2.391700e-04	1.250000e+01
740.549232	52087.673973	2.399800e-04	1.250000e+01
741.572881	51921.079958	2.407500e-04	1.250000e+01
742.597168	51753.405374	2.415300e-04	1.250000e+01
743.621746	51569.784232	2.423900e-04	1.250000e+01
744.646145	51408.595517	2.431500e-04	1.250000e+01
745.670849	51242.108715	2.439400e-04	1.250000e+01
746.694399	51076.696768	2.447300e-04	1.250000e+01
747.718520	50914.423038	2.455100e-04	1.250000e+01
748.742366	50753.177149	2.462900e-04	1.250000e+01
749.767061	50599.093264	2.470400e-04	1.250000e+01
750.791377	50443.906376	2.478000e-04	1.250000e+01
751.815232	50299.786729	2.485100e-04	1.250000e+01
752.839299	50118.279139	2.494100e-04	1.250000e+01
753.863128	49934.087005	2.503300e-04	1.250000e+01
754.887881	49745.304043	2.512800e-04	1.250000e+01
755.911112	49569.734703	2.521700e-04	1.250000e+01
756.935086	49399.304458	2.530400e-04	1.250000e+01
757.959059	49231.981095	2.539000e-04	1.250000e+01
758.983357	49071.565972	2.547300e-04	1.250000e+01
760.008101	48975.433922	2.552300e-04	1.250000e+01
761.032136	48862.481432	2.558200e-04	1.250000e+01
762.057170	48672.221790	2.568200e-04	1.250000e+01
763.081125	48506.014746	2.577000e-04	1.250000e+01
764.105207	48333.462223	2.586200e-04	1.250000e+01
765.129820	48156.566629	2.595700e-04	1.250000e+01
766.154262	47975.436576	2.605500e-04	1.250000e+01
767.178197	47781.048125	2.616100e-04	1.250000e+01
768.201356	47613.606064	2.625300e-04	1.250000e+01
769.224821	47461.745833	2.633700e-04	1.250000e+01
770.249100	47310.851217	2.642100e-04	1.250000e+01
771.273191	47160.913035	2.650500e-04	1.250000e+01
772.297039	47011.922223	2.658900e-04	1.250000e+01
773.320838	46848.062364	2.668200e-04	1.250000e+01
774.344991	46687.084485	2.677400e-04	1.250000e+01
775.368972	46532.405167	2.686300e-04	1.250000e+01
776.393886	46371.865262	2.695600e-04	1.250000e+01
777.418403	46215.846489	2.704700e-04	1.250000e+01
778.443378	46071.060003	2.713200e-04	1.250000e+01
779.467611	45906.937456	2.722900e-04	1.250000e+01
780.492275	45755.701160	2.731900e-04	1.250000e+01
781.516768	45610.450266	2.740600e-04	1.250000e+01
782.541849	45452.892622	2.750100e-04	1.250000e+01
783.565919	45312.839846	2.758600e-04	1.250000e+01
784.589880	45185.078080	2.766400e-04	1.250000e+01
785.613590	45053.162732	2.774500e-04	1.250000e+01
786.637867	44918.786833	2.782800e-04	1.250000e+01
787.661122	44749.937350	2.793300e-04	1.250000e+01
788.685048	44596.667737	2.802900e-04	1.250000e+01
789.709691	44423.910726	2.813800e-04	1.250000e+01
790.734110	44282.272921	2.822800e-04	1.250000e+01
791.758010	44144.653200	2.831600e-04	1.250000e+01
792.782049	44009.435623	2.840300e-04	1.250000e+01
793.806875	43855.032804	2.850300e-04	1.250000e+01
794.831959	43706.293706	2.860000e-04	1.250000e+01
795.855281	43564.632489	2.869300e-04	1.250000e+01
796.879203	43404.284871	2.879900e-04	1.250000e+01
797.903311	43246.609466	2.890400e-04	1.250000e+01
798.928126	43103.448276	2.900000e-04	1.250000e+01
799.952278	42973.047305	2.908800e-04	1.250000e+01
800.976218	42853.714560	2.916900e-04	1.250000e+01
802.000607	42727.738848	2.925500e-04	1.250000e+01
803.025072	42590.888957	2.934900e-04	1.250000e+01
804.048878	42456.354867	2.944200e-04	1.250000e+01
805.072255	42312.639632	2.954200e-04	1.250000e+01
806.096130	42186.972663	2.963000e-04	1.250000e+01
807.120131	42050.730001	2.972600e-04	1.250000e+01
808.144063	41916.770061	2.982100e-04	1.250000e+01
809.168018	41780.867705	2.991800e-04	1.250000e+01
810.193449	41644.456290	3.001600e-04	1.250000e+01
811.217518	41507.554375	3.011500e-04	1.250000e+01
812.241263	41363.335539	3.022000e-04	1.250000e+01
813.265255	41218.756183	3.032600e-04	1.250000e+01
814.289565	41084.634347	3.042500e-04	1.250000e+01
815.314180	40950.040950	3.052500e-04	1.250000e+01
816.338264	40810.996115	3.062900e-04	1.250000e+01
817.362277	40674.215801	3.073200e-04	1.250000e+01
818.387455	40542.293721	3.083200e-04	1.250000e+01
819.412059	40421.678955	3.092400e-04	1.250000e+01
820.435341	40297.881943	3.101900e-04	1.250000e+01
821.458275	40183.881441	3.110700e-04	1.250000e+01
822.483362	40061.534517	3.120200e-04	1.250000e+01
823.507092	39932.274862	3.130300e-04	1.250000e+01
824.530957	39796.243235	3.141000e-04	1.250000e+01
825.555294	39674.982543	3.150600e-04	1.250000e+01
826.579761	39549.452636	3.160600e-04	1.250000e+01
827.605145	39433.420613	3.169900e-04	1.250000e+01
828.629860	39308.176101	3.180000e-04	1.250000e+01
829.654805	39180.040120	3.190400e-04	1.250000e+01
830.678908	39066.162453	3.199700e-04	1.250000e+01
831.704825	38939.596897	3.210100e-04	1.250000e+01
832.729843	38825.904644	3.219500e-04	1.250000e+01
833.753917	38718.870028	3.228400e-04	1.250000e+01
834.778191	38605.268847	3.237900e-04	1.250000e+01
835.802178	38479.298138	3.248500e-04	1.250000e+01
836.826142	38360.031916	3.258600e-04	1.250000e+01
837.849911	38239.163021	3.268900e-04	1.250000e+01
838.873199	38122.541096	3.278900e-04	1.250000e+01
839.898178	37998.540856	3.289600e-04	1.250000e+01
840.922179	37877.640072	3.300100e-04	1.250000e+01
841.946137	37758.646730	3.310500e-04	1.250000e+01
842.969994	37649.468390	3.320100e-04	1.250000e+01
843.994696	37537.537538	3.330000e-04	1.250000e+01
845.019026	37424.029221	3.340100e-04	1.250000e+01
846.043433	37322.345635	3.349200e-04	1.250000e+01
847.067511	37210.133063	3.359300e-04	1.250000e+01
848.091416	37128.345264	3.366700e-04	1.250000e+01
849.115268	37000.858420	3.378300e-04	1.250000e+01
850.140202	36876.419742	3.389700e-04	1.250000e+01
851.164404	36761.462224	3.400300e-04	1.250000e+01
852.188076	36670.871593	3.408700e-04	1.250000e+01
853.212089	36579.655859	3.417200e-04	1.250000e+01
854.236125	36451.650531	3.429200e-04	1.250000e+01
855.259970	36308.711186	3.442700e-04	1.250000e+01
856.284292	36181.544518	3.454800e-04	1.250000e+01
857.309207	36066.708985	3.465800e-04	1.250000e+01
858.333190	35951.566050	3.476900e-04	1.250000e+01
859.355885	35833.046669	3.488400e-04	1.250000e+01
860.380091	35716.326647	3.499800e-04	1.250000e+01
861.405056	35602.392481	3.511000e-04	1.250000e+01
862.429110	35483.138413	3.522800e-04	1.250000e+01
863.453410	35369.683937	3.534100e-04	1.250000e+01
864.478639	35262.920334	3.544800e-04	1.250000e+01
865.502445	35156.799325	3.555500e-04	1.250000e+01
866.526078	35045.418863	3.566800e-04	1.250000e+01
867.550095	34943.531253	3.577200e-04	1.250000e+01
868.574057	34837.379114	3.588100e-04	1.250000e+01
869.598132	34724.151342	3.599800e-04	1.250000e+01
870.621963	34610.698859	3.611600e-04	1.250000e+01
871.646033	34500.841821	3.623100e-04	1.250000e+01
872.670423	34412.509636	3.632400e-04	1.250000e+01
873.694131	34326.513799	3.641500e-04	1.250000e+01
874.717840	34225.008899	3.652300e-04	1.250000e+01
875.742108	34116.651655	3.663900e-04	1.250000e+01
876.766213	34008.978370	3.675500e-04	1.250000e+01
877.791289	33896.466632	3.687700e-04	1.250000e+01
878.815110	33789.263124	3.699400e-04	1.250000e+01
879.839235	33686.366454	3.710700e-04	1.250000e+01
880.863653	33579.583613	3.722500e-04	1.250000e+01
881.887331	33481.544972	3.733400e-04	1.250000e+01
882.911282	33375.163538	3.745300e-04	1.250000e+01
883.935598	33272.112646	3.756900e-04	1.250000e+01
884.959823	33167.055827	3.768800e-04	1.250000e+01
885.984123	33068.783069	3.780000e-04	1.250000e+01
887.008023	32967.612617	3.791600e-04	1.250000e+01
888.031424	32867.923536	3.803100e-04	1.250000e+01
889.054539	32761.964669	3.815400e-04	1.250000e+01
890.079391	32648.157338	3.828700e-04	1.250000e+01
891.102379	32549.540400	3.840300e-04	1.250000e+01
892.126154	32449.832559	3.852100e-04	1.250000e+01
893.150578	32348.222142	3.864200e-04	1.250000e+01
894.174334	32250.574060	3.875900e-04	1.250000e+01
895.198283	32155.995164	3.887300e-04	1.250000e+01
896.222361	32054.569699	3.899600e-04	1.250000e+01
897.246760	31960.318069	3.911100e-04	1.250000e+01
898.271358	31869.868951	3.922200e-04	1.250000e+01
899.295172	31767.008056	3.934900e-04	1.250000e+01
900.319098	31668.017835	3.947200e-04	1.250000e+01
901.343574	31572.034754	3.959200e-04	1.250000e+01
902.367918	31474.254060	3.971500e-04	1.250000e+01
903.392008	31375.502008	3.984000e-04	1.250000e+01
904.417234	31280.498486	3.996100e-04	1.250000e+01
905.442272	31183.734564	4.008500e-04	1.250000e+01
906.466107	31086.794330	4.021000e-04	1.250000e+01
907.490084	30995.065586	4.032900e-04	1.250000e+01
908.513470	30900.820726	4.045200e-04	1.250000e+01
909.537548	30805.628804	4.057700e-04	1.250000e+01
910.561984	30716.304214	4.069500e-04	1.250000e+01
911.586344	30628.997084	4.081100e-04	1.250000e+01
912.611170	30539.946250	4.093000e-04	1.250000e+01
913.635655	30448.444693	4.105300e-04	1.250000e+01
914.659202	30354.541039	4.118000e-04	1.250000e+01
915.683208	30269.275475	4.129600e-04	1.250000e+01
916.707065	30172.829970	4.142800e-04	1.250000e+01
917.731428	30082.787832	4.155200e-04	1.250000e+01
918.755241	29981.771083	4.169200e-04	1.250000e+01
919.779116	29896.438736	4.181100e-04	1.250000e+01
920.803002	29807.325448	4.193600e-04	1.250000e+01
921.826804	29718.741827	4.206100e-04	1.250000e+01
922.851917	29620.151181	4.220100e-04	1.250000e+01
923.875236	29524.304407	4.233800e-04	1.250000e+01
924.898992	29426.304762	4.247900e-04	1.250000e+01
925.922721	29339.968078	4.260400e-04	1.250000e+01
926.946975	29254.136535	4.272900e-04	1.250000e+01
927.971928	29152.479127	4.287800e-04	1.250000e+01
928.995359	29058.279285	4.301700e-04	1.250000e+01
930.019934	28968.042456	4.315100e-04	1.250000e+01
931.044351	28888.375318	4.327000e-04	1.250000e+01
932.068090	28797.862047	4.340600e-04	1.250000e+01
933.093042	28701.322557	4.355200e-04	1.250000e+01
934.117833	28608.046871	4.369400e-04	1.250000e+01
935.141314	28523.834516	4.382300e-04	1.250000e+01
936.165291	28440.116491	4.395200e-04	1.250000e+01
937.189188	28358.175095	4.407900e-04	1.250000e+01
938.213497	28269.030711	4.421800e-04	1.250000e+01
939.237273	28186.799558	4.434700e-04	1.250000e+01
940.261193	28098.096073	4.448700e-04	1.250000e+01
941.285026	28016.854940	4.461600e-04	1.250000e+01
942.309113	27949.824475	4.472300e-04	1.250000e+01
943.333312	27883.113986	4.483000e-04	1.250000e+01
944.357960	27795.690556	4.497100e-04	1.250000e+01
945.381264	27703.286718	4.512100e-04	1.250000e+01
946.405513	27617.595723	4.526100e-04	1.250000e+01
947.429938	27519.704108	4.542200e-04	1.250000e+01
948.454111	27445.986299	4.554400e-04	1.250000e+01
949.478164	27359.481702	4.568800e-04	1.250000e+01
950.502499	27273.520684	4.583200e-04	1.250000e+01
951.526947	27188.689505	4.597500e-04	1.250000e+01
952.551282	27103.796700	4.611900e-04	1.250000e+01
953.575189	27023.521273	4.625600e-04	1.250000e+01
954.599128	26940.816415	4.639800e-04	1.250000e+01
955.623212	26851.115932	4.655300e-04	1.250000e+01
956.647040	26763.729793	4.670500e-04	1.250000e+01
957.670201	26682.035519	4.684800e-04	1.250000e+01
958.695165	26596.310560	4.699900e-04	1.250000e+01
959.718895	26521.259442	4.713200e-04	1.250000e+01
960.743237	26441.595803	4.727400e-04	1.250000e+01
961.767396	26356.294937	4.742700e-04	1.250000e+01
962.792467	26277.065377	4.757000e-04	1.250000e+01
963.816320	26197.212617	4.771500e-04	1.250000e+01
964.840933	26116.752330	4.786200e-04	1.250000e+01
965.864399	26032.446842	4.801700e-04	1.250000e+01
966.888235	25945.990825	4.817700e-04	1.250000e+01
967.912288	25860.642171	4.833600e-04	1.250000e+01
968.936091	25784.892116	4.847800e-04	1.250000e+01
969.959390	25707.469562	4.862400e-04	1.250000e+01
970.984385	25624.205650	4.878200e-04	1.250000e+01
972.008230	25551.921504	4.892000e-04	1.250000e+01
973.032317	25480.563426	4.905700e-04	1.250000e+01
974.055358	25399.792738	4.921300e-04	1.250000e+01
975.079601	25317.481214	4.937300e-04	1.250000e+01
976.104204	25240.797205	4.952300e-04	1.250000e+01
977.128271	25164.576329	4.967300e-04	1.250000e+01
978.152329	25089.317972	4.982200e-04	1.250000e+01
979.176716	25015.009005	4.997000e-04	1.250000e+01
980.200937	24939.148478	5.012200e-04	1.250000e+01
981.225290	24862.757578	5.027600e-04	1.250000e+01
982.252270	24786.833234	5.043000e-04	1.250000e+01
983.276255	24709.905707	5.058700e-04	1.250000e+01
984.301004	24630.056551	5.075100e-04	1.250000e+01
985.326427	24544.936870	5.092700e-04	1.250000e+01
986.350418	24466.627520	5.109000e-04	1.250000e+01
987.374214	24384.058678	5.126300e-04	1.250000e+01
988.398727	24305.825620	5.142800e-04	1.250000e+01
989.423205	24230.910888	5.158700e-04	1.250000e+01
990.447258	24153.655897	5.175200e-04	1.250000e+01
991.471070	24074.573399	5.192200e-04	1.250000e+01
992.494654	24000.153601	5.208300e-04	1.250000e+01
993.518141	23923.444976	5.225000e-04	1.250000e+01
994.542231	23846.315267	5.241900e-04	1.250000e+01
995.566321	23764.258555	5.260000e-04	1.250000e+01
996.591058	23685.008337	5.277600e-04	1.250000e+01
997.615887	23605.393360	5.295400e-04	1.250000e+01
998.640052	23528.968866	5.312600e-04	1.250000e+01
999.664342	23454.797913	5.329400e-04	1.250000e+01
1000.689882	23381.967826	5.346000e-04	1.250000e+01
1001.717053	23310.458004	5.362400e-04	1.250000e+01
1002.744887	23235.064501	5.379800e-04	1.250000e+01
1003.770828	23164.449057	5.396200e-04	1.250000e+01
1004.797975	23092.128355	5.413100e-04	1.250000e+01
1005.823098	23021.529735	5.429700e-04	1.250000e+01
1006.848013	22949.675951	5.446700e-04	1.250000e+01
1007.873774	22872.827081	5.465000e-04	1.250000e+01
1008.912008	22798.570074	5.482800e-04	1.250000e+01
1009.940952	22716.534002	5.502600e-04	1.250000e+01
1010.966539	22650.261837	5.518700e-04	1.250000e+01
1012.000585	22594.172511	5.532400e-04	1.250000e+01
1013.026193	22529.829494	5.548200e-04	1.250000e+01
1014.050362	22450.922284	5.567700e-04	1.250000e+01
1015.075086	22370.163571	5.587800e-04	1.250000e+01
1016.099140	22291.971324	5.607400e-04	1.250000e+01
1017.124362	22212.350067	5.627500e-04	1.250000e+01
1018.148346	22134.079399	5.647400e-04	1.250000e+01
1019.173122	22056.747600	5.667200e-04	1.250000e+01
1020.206948	21983.433285	5.686100e-04	1.250000e+01
1021.233774	21916.751411	5.703400e-04	1.250000e+01
1022.268347	21850.854805	5.720600e-04	1.250000e+01
1023.300143	21786.492375	5.737500e-04	1.250000e+01
1024.326798	21716.092493	5.756100e-04	1.250000e+01
1025.361447	21650.645189	5.773500e-04	1.250000e+01
1026.387669	21580.746521	5.792200e-04	1.250000e+01
1027.411925	21511.667929	5.810800e-04	1.250000e+01
1028.439311	21440.455567	5.830100e-04	1.250000e+01
1029.465267	21367.156117	5.850100e-04	1.250000e+01
1030.522535	21294.356144	5.870100e-04	1.250000e+01
1031.550898	21221.329983	5.890300e-04	1.250000e+01
1032.575158	21154.171603	5.909000e-04	1.250000e+01
1033.600380	21086.725485	5.927900e-04	1.250000e+01
1034.664955	21020.061547	5.946700e-04	1.250000e+01
1035.738374	20950.305874	5.966500e-04	1.250000e+01
1036.773865	20883.453622	5.985600e-04	1.250000e+01
1037.812828	20817.720043	6.004500e-04	1.250000e+01
1038.839189	20755.155581	6.022600e-04	1.250000e+01
1039.864195	20690.225937	6.041500e-04	1.250000e+01
1040.890573	20624.340021	6.060800e-04	1.250000e+01
1041.915944	20558.534259	6.080200e-04	1.250000e+01
1042.941087	20494.491081	6.099200e-04	1.250000e+01
1043.965042	20432.849483	6.117600e-04	1.250000e+01
1044.988976	20362.949207	6.138600e-04	1.250000e+01
1046.013111	20291.219583	6.160300e-04	1.250000e+01
1047.038396	20219.339394	6.182200e-04	1.250000e+01
1048.062225	20153.813908	6.202300e-04	1.250000e+01
1049.086233	20088.066082	6.222600e-04	1.250000e+01
1050.111357	20024.028835	6.242500e-04	1.250000e+01
1051.137399	19959.761122	6.262600e-04	1.250000e+01
1052.162416	19909.213984	6.278500e-04	1.250000e+01
1053.186399	19857.344835	6.294900e-04	1.250000e+01
1054.210127	19803.548796	6.312000e-04	1.250000e+01
1055.234251	19743.804394	6.331100e-04	1.250000e+01
1056.257969	19691.241336	6.348000e-04	1.250000e+01
1057.282015	19643.586762	6.363400e-04	1.250000e+01
1058.306489	19600.156801	6.377500e-04	1.250000e+01
1059.330988	19556.918455	6.391600e-04	1.250000e+01
1060.355143	19507.170836	6.407900e-04	1.250000e+01
1061.378960	19459.190186	6.423700e-04	1.250000e+01
1062.402387	19415.062982	6.438300e-04	1.250000e+01
1063.426976	19369.034337	6.453600e-04	1.250000e+01
1064.451300	19321.729990	6.469400e-04	1.250000e+01
1065.475517	19272.575895	6.485900e-04	1.250000e+01
1066.499371	19222.488774	6.502800e-04	1.250000e+01
1067.524198	19177.661859	6.518000e-04	1.250000e+01
1068.548526	19127.188150	6.535200e-04	1.250000e+01
1069.573486	19083.095431	6.550300e-04	1.250000e+01
1070.598078	19041.235700	6.564700e-04	1.250000e+01
1071.622667	18996.960486	6.580000e-04	1.250000e+01
1072.647023	18958.352292	6.593400e-04	1.250000e+01
1073.670119	18922.764843	6.605800e-04	1.250000e+01
1074.694330	18889.308651	6.617500e-04	1.250000e+01
1075.719264	18856.539448	6.629000e-04	1.250000e+01
1076.743936	18825.301205	6.640000e-04	1.250000e+01
1077.767923	18796.144535	6.650300e-04	1.250000e+01
1078.792313	18772.714985	6.658600e-04	1.250000e+01
1079.817268	18747.375367	6.667600e-04	1.250000e+01
1080.842316	18725.189124	6.675500e-04	1.250000e+01
1081.866441	18702.215839	6.683700e-04	1.250000e+01
1082.890493	18683.207533	6.690500e-04	1.250000e+01
1083.915579	18667.025074	6.696300e-04	1.250000e+01
1084.940262	18652.818814	6.701400e-04	1.250000e+01
1085.964461	18637.522551	6.706900e-04	1.250000e+01
1086.988483	18626.968871	6.710700e-04	1.250000e+01
1088.012240	18618.090826	6.713900e-04	1.250000e+01
1089.035943	18607.005165	6.717900e-04	1.250000e+01
1090.060321	18595.656055	6.722000e-04	1.250000e+01
1091.084156	18584.044483	6.726200e-04	1.250000e+01
1092.108480	18576.311488	6.729000e-04	1.250000e+01
1093.132256	18571.067762	6.730900e-04	1.250000e+01
1094.157382	18566.654289	6.732500e-04	1.250000e+01
1095.181502	18557.558122	6.735800e-04	1.250000e+01
1096.205362	18551.498961	6.738000e-04	1.250000e+01
1097.229260	18541.042452	6.741800e-04	1.250000e+01
1098.253436	18528.949631	6.746200e-04	1.250000e+01
1099.277351	18518.518519	6.750000e-04	1.250000e+01
1100.301290	18506.181064	6.754500e-04	1.250000e+01
1101.326373	18496.870330	6.757900e-04	1.250000e+01
1102.351051	18485.928511	6.761900e-04	1.250000e+01
1103.375391	18476.911252	6.765200e-04	1.250000e+01
1104.399342	18471.996453	6.767000e-04	1.250000e+01
1105.423212	18462.992777	6.770300e-04	1.250000e+01
1106.448206	18452.635774	6.774100e-04	1.250000e+01
1107.471981	18445.556097	6.776700e-04	1.250000e+01
1108.495248	18437.937901	6.779500e-04	1.250000e+01
1109.519088	18437.393985	6.779700e-04	1.250000e+01
1110.543108	18433.315637	6.781200e-04	1.250000e+01
1111.567126	18434.403020	6.780800e-04	1.250000e+01
1112.591192	18429.510807	6.782600e-04	1.250000e+01
1113.616539	18420.005600	6.786100e-04	1.250000e+01
1114.641947	18410.510192	6.789600e-04	1.250000e+01
1115.667465	18401.566341	6.792900e-04	1.250000e+01
1116.692069	18392.901811	6.796100e-04	1.250000e+01
1117.716062	18378.298905	6.801500e-04	1.250000e+01
1118.741136	18378.028699	6.801600e-04	1.250000e+01
1119.765250	18379.920305	6.800900e-04	1.250000e+01
1120.788653	18379.920305	6.800900e-04	1.250000e+01
1121.812941	18383.704684	6.799500e-04	1.250000e+01
1122.837127	18365.607828	6.806200e-04	1.250000e+01
1123.861073	18364.798355	6.806500e-04	1.250000e+01
1124.884353	18345.930873	6.813500e-04	1.250000e+01
1125.908457	18335.166850	6.817500e-04	1.250000e+01
1126.932085	18326.296036	6.820800e-04	1.250000e+01
1127.955206	18316.360173	6.824500e-04	1.250000e+01
1128.978549	18304.826617	6.828800e-04	1.250000e+01
1130.003419	18299.199227	6.830900e-04	1.250000e+01
1131.028262	18288.489956	6.834900e-04	1.250000e+01
1132.052379	18283.942311	6.836600e-04	1.250000e+01
1133.077042	18279.664239	6.838200e-04	1.250000e+01
1134.100818	18275.655365	6.839700e-04	1.250000e+01
1135.125251	18272.449531	6.840900e-04	1.250000e+01
1136.150053	18269.778863	6.841900e-04	1.250000e+01
1137.173474	18262.038336	6.844800e-04	1.250000e+01
1138.198091	18253.771229	6.847900e-04	1.250000e+01
1139.222380	18246.044258	6.850800e-04	1.250000e+01
1140.246156	18234.865062	6.855000e-04	1.250000e+01
1141.270438	18227.685667	6.857700e-04	1.250000e+01
1142.294248	18221.839969	6.859900e-04	1.250000e+01
1143.318529	18213.078447	6.863200e-04	1.250000e+01
1144.342022	18205.651034	6.866000e-04	1.250000e+01
1145.365253	18197.699811	6.869000e-04	1.250000e+01
1146.389995	18191.873326	6.871200e-04	1.250000e+01
1147.414532	18186.579759	6.873200e-04	1.250000e+01
1148.439465	18181.289272	6.875200e-04	1.250000e+01
1149.464316	18179.438328	6.875900e-04	1.250000e+01
1150.488806	18175.737571	6.877300e-04	1.250000e+01
1151.513276	18170.453389	6.879300e-04	1.250000e+01
1152.537369	18180.495964	6.875500e-04	1.250000e+01
1153.561570	18169.132824	6.879800e-04	1.250000e+01
1154.585474	18157.520119	6.884200e-04	1.250000e+01
1155.609529	18151.982923	6.886300e-04	1.250000e+01
1156.633188	18145.922248	6.888600e-04	1.250000e+01
1157.657027	18141.445220	6.890300e-04	1.250000e+01
1158.681707	18128.553196	6.895200e-04	1.250000e+01
1159.705332	18119.093176	6.898800e-04	1.250000e+01
1160.729030	18115.416944	6.900200e-04	1.250000e+01
1161.753078	18110.692553	6.902000e-04	1.250000e+01
1162.777634	18107.282025	6.903300e-04	1.250000e+01
1163.801442	18118.567908	6.899000e-04	1.250000e+01
1164.825178	18108.593614	6.902800e-04	1.250000e+01
1165.849075	18099.940632	6.906100e-04	1.250000e+01
1166.872941	18096.534152	6.907400e-04	1.250000e+01
1167.897451	18089.201470	6.910200e-04	1.250000e+01
1168.921173	18084.229105	6.912100e-04	1.250000e+01
1169.945251	18075.599387	6.915400e-04	1.250000e+01
1170.969576	18064.366952	6.919700e-04	1.250000e+01
1171.994267	18058.364634	6.922000e-04	1.250000e+01
1173.018148	18052.887740	6.924100e-04	1.250000e+01
1174.042296	18048.977706	6.925600e-04	1.250000e+01
1175.066564	18042.464745	6.928100e-04	1.250000e+01
1176.091279	18040.641958	6.928800e-04	1.250000e+01
1177.115094	18036.216723	6.930500e-04	1.250000e+01
1178.138285	18040.381590	6.928900e-04	1.250000e+01
1179.162815	18034.395199	6.931200e-04	1.250000e+01
1180.188265	18039.079863	6.929400e-04	1.250000e+01
1181.212539	18038.038616	6.929800e-04	1.250000e+01
1182.236439	18032.053779	6.932100e-04	1.250000e+01
1183.263921	18026.072912	6.934400e-04	1.250000e+01
1184.288151	18021.914648	6.936000e-04	1.250000e+01
1185.313024	18019.836236	6.936800e-04	1.250000e+01
1186.336448	18017.498595	6.937700e-04	1.250000e+01
1187.360344	18014.382683	6.938900e-04	1.250000e+01
1188.385524	18010.748815	6.940300e-04	1.250000e+01
1189.409351	18008.672977	6.941100e-04	1.250000e+01
1190.433260	18004.782070	6.942600e-04	1.250000e+01
1191.457657	17995.709823	6.946100e-04	1.250000e+01
1192.482198	17991.824515	6.947600e-04	1.250000e+01
1193.505402	17985.093954	6.950200e-04	1.250000e+01
1194.528961	17981.471891	6.951600e-04	1.250000e+01
1195.553206	17975.266034	6.954000e-04	1.250000e+01
1196.577953	17969.322772	6.956300e-04	1.250000e+01
1197.602215	17961.060421	6.959500e-04	1.250000e+01
1198.626334	17956.674137	6.961200e-04	1.250000e+01
1199.650419	17954.610744	6.962000e-04	1.250000e+01
1200.674753	17949.454337	6.964000e-04	1.250000e+01
1201.699100	17945.588974	6.965500e-04	1.250000e+01
1202.722490	17944.558492	6.965900e-04	1.250000e+01
1203.746993	17942.240340	6.966800e-04	1.250000e+01
1204.770863	17940.180263	6.967600e-04	1.250000e+01
1205.795080	17943.012991	6.966500e-04	1.250000e+01
1206.819250	17945.331343	6.965600e-04	1.250000e+01
1207.843101	17944.043295	6.966100e-04	1.250000e+01
1208.868499	17939.407856	6.967900e-04	1.250000e+01
1209.893173	17935.032140	6.969600e-04	1.250000e+01
1210.917189	17929.629789	6.971700e-04	1.250000e+01
1211.941091	17922.174748	6.974600e-04	1.250000e+01
1212.964860	17914.212420	6.977700e-04	1.250000e+01
1213.988970	17908.052893	6.980100e-04	1.250000e+01
1215.012484	17900.872130	6.982900e-04	1.250000e+01
1216.036441	17899.846777	6.983300e-04	1.250000e+01
1217.061090	17898.308968	6.983900e-04	1.250000e+01
1218.085475	17895.490336	6.985000e-04	1.250000e+01
1219.109986	17894.721773	6.985300e-04	1.250000e+01
1220.134130	17893.184844	6.985900e-04	1.250000e+01
1221.158621	17887.551695	6.988100e-04	1.250000e+01
1222.183453	17886.015997	6.988700e-04	1.250000e+01
1223.207312	17885.760073	6.988800e-04	1.250000e+01
1224.231054	17889.599702	6.987300e-04	1.250000e+01
1225.254922	17891.904271	6.986400e-04	1.250000e+01
1226.279103	17886.015997	6.988700e-04	1.250000e+01
1227.302629	17876.551685	6.992400e-04	1.250000e+01
1228.327334	17865.820541	6.996600e-04	1.250000e+01
1229.354524	17860.970208	6.998500e-04	1.250000e+01
1230.380046	17858.418458	6.999500e-04	1.250000e+01
1231.406114	17857.397963	6.999900e-04	1.250000e+01
1232.429522	17853.572143	7.001400e-04	1.250000e+01
1233.453502	17848.728457	7.003300e-04	1.250000e+01
1234.478517	17843.377966	7.005400e-04	1.250000e+01
1235.503364	17839.558150	7.006900e-04	1.250000e+01
1236.528174	17837.521583	7.007700e-04	1.250000e+01
1237.552466	17839.812753	7.006800e-04	1.250000e+01
1238.576815	17837.776129	7.007600e-04	1.250000e+01
1239.601158	17836.248965	7.008200e-04	1.250000e+01
1240.625168	17835.485482	7.008500e-04	1.250000e+01
1241.662791	17835.994464	7.008300e-04	1.250000e+01
1242.691143	17835.231002	7.008600e-04	1.250000e+01
1243.722294	17830.905953	7.010300e-04	1.250000e+01
1244.749223	17825.057753	7.012600e-04	1.250000e+01
1245.773801	17829.125660	7.011000e-04	1.250000e+01
1246.798649	17833.704274	7.009200e-04	1.250000e+01
1247.823056	17838.539808	7.007300e-04	1.250000e+01
1248.850152	17837.521583	7.007700e-04	1.250000e+01
1249.879208	17829.379965	7.010900e-04	1.250000e+01
1250.904111	17830.905953	7.010300e-04	1.250000e+01
1251.929360	17819.721442	7.014700e-04	1.250000e+01
1252.954271	17808.804673	7.019000e-04	1.250000e+01
1253.979075	17802.463861	7.021500e-04	1.250000e+01
1255.003322	17797.141067	7.023600e-04	1.250000e+01
1256.027528	17795.620854	7.024200e-04	1.250000e+01
1257.051479	17792.834470	7.025300e-04	1.250000e+01
1258.075299	17790.048958	7.026400e-04	1.250000e+01
1259.099427	17787.264319	7.027500e-04	1.250000e+01
1260.123803	17782.456540	7.029400e-04	1.250000e+01
1261.147441	17778.662760	7.030900e-04	1.250000e+01
1262.170314	17775.881684	7.032000e-04	1.250000e+01
1263.196762	17772.090709	7.033500e-04	1.250000e+01
1264.221438	17769.564290	7.034500e-04	1.250000e+01
1265.248805	17767.796225	7.035200e-04	1.250000e+01
1266.273294	17765.523514	7.036100e-04	1.250000e+01
1267.296967	17769.816900	7.034400e-04	1.250000e+01
1268.320663	17774.365100	7.032600e-04	1.250000e+01
1269.345043	17778.662760	7.030900e-04	1.250000e+01
1270.369379	17777.145701	7.031500e-04	1.250000e+01
1271.393368	17773.606905	7.032900e-04	1.250000e+01
1272.418121	17776.387269	7.031800e-04	1.250000e+01
1273.442163	17774.112361	7.032700e-04	1.250000e+01
1274.466112	17775.881684	7.032000e-04	1.250000e+01
1275.490654	17774.617846	7.032500e-04	1.250000e+01
1276.515489	17772.596079	7.033300e-04	1.250000e+01
1277.541201	17768.301350	7.035000e-04	1.250000e+01
1278.572029	17765.018547	7.036300e-04	1.250000e+01
1279.596205	17757.952011	7.039100e-04	1.250000e+01
1280.620062	17753.160062	7.041000e-04	1.250000e+01
1281.646496	17750.386958	7.042100e-04	1.250000e+01
1282.672539	17745.599091	7.044000e-04	1.250000e+01
1283.698752	17741.821021	7.045500e-04	1.250000e+01
1284.724868	17739.051457	7.046600e-04	1.250000e+01
1285.755555	17736.534423	7.047600e-04	1.250000e+01
1286.783094	17733.263346	7.048900e-04	1.250000e+01
1287.810542	17733.766510	7.048700e-04	1.250000e+01
1288.835531	17735.276174	7.048100e-04	1.250000e+01
1289.860834	17739.303200	7.046500e-04	1.250000e+01
1290.885451	17740.813807	7.045900e-04	1.250000e+01
1291.909247	17751.899453	7.041500e-04	1.250000e+01
1292.933320	17766.028511	7.035900e-04	1.250000e+01
1293.957438	17762.746547	7.037200e-04	1.250000e+01
1294.982197	17753.664356	7.040800e-04	1.250000e+01
1296.005860	17741.821021	7.045500e-04	1.250000e+01
1297.029013	17741.821021	7.045500e-04	1.250000e+01
1298.052868	17734.269703	7.048500e-04	1.250000e+01
1299.077400	17728.233275	7.050900e-04	1.250000e+01
1300.101445	17724.713923	7.052300e-04	1.250000e+01
1301.125305	17734.772924	7.048300e-04	1.250000e+01
1302.150198	17730.999461	7.049800e-04	1.250000e+01
1303.174497	17730.496454	7.050000e-04	1.250000e+01
1304.198244	17726.473424	7.051600e-04	1.250000e+01
1305.222593	17721.447204	7.053600e-04	1.250000e+01
1306.246715	17717.930546	7.055000e-04	1.250000e+01
1307.270414	17715.168436	7.056100e-04	1.250000e+01
1308.295239	17709.145002	7.058500e-04	1.250000e+01
1309.319618	17704.379355	7.060400e-04	1.250000e+01
1310.344585	17704.128603	7.060500e-04	1.250000e+01
1311.370163	17702.624237	7.061100e-04	1.250000e+01
1312.394664	17698.613845	7.062700e-04	1.250000e+01
1313.419106	17695.857754	7.063800e-04	1.250000e+01
1314.444221	17694.354793	7.064400e-04	1.250000e+01
1315.468939	17693.102521	7.064900e-04	1.250000e+01
1316.493450	17688.846121	7.066600e-04	1.250000e+01
1317.517461	17685.092175	7.068100e-04	1.250000e+01
1318.541308	17682.590429	7.069100e-04	1.250000e+01
1319.566859	17680.589542	7.069900e-04	1.250000e+01
1320.591528	17675.089436	7.072100e-04	1.250000e+01
1321.616076	17676.089201	7.071700e-04	1.250000e+01
1322.640427	17676.339159	7.071600e-04	1.250000e+01
1323.664580	17675.089436	7.072100e-04	1.250000e+01
1324.689500	17673.340120	7.072800e-04	1.250000e+01
1325.713342	17672.840379	7.073000e-04	1.250000e+01
1326.737297	17670.841698	7.073800e-04	1.250000e+01
1327.761806	17673.090246	7.072900e-04	1.250000e+01
1328.786273	17671.091508	7.073700e-04	1.250000e+01
1329.810131	17670.092309	7.074100e-04	1.250000e+01
1330.834180	17669.842526	7.074200e-04	1.250000e+01
1331.857536	17667.844523	7.075000e-04	1.250000e+01
1332.880866	17667.844523	7.075000e-04	1.250000e+01
1333.904576	17665.846971	7.075800e-04	1.250000e+01
1334.928013	17664.349104	7.076400e-04	1.250000e+01
1335.952973	17662.352343	7.077200e-04	1.250000e+01
1336.977471	17662.102779	7.077300e-04	1.250000e+01
1338.001427	17659.607533	7.078300e-04	1.250000e+01
1339.025537	17657.861280	7.079000e-04	1.250000e+01
1340.049713	17654.868507	7.080200e-04	1.250000e+01
1341.075114	17653.621817	7.080700e-04	1.250000e+01
1342.099153	17651.627480	7.081500e-04	1.250000e+01
1343.124246	17649.135192	7.082500e-04	1.250000e+01
1344.148762	17644.650848	7.084300e-04	1.250000e+01
1345.172369	17646.145376	7.083700e-04	1.250000e+01
1346.196145	17647.640158	7.083100e-04	1.250000e+01
1347.220080	17645.647172	7.083900e-04	1.250000e+01
1348.244927	17645.148996	7.084100e-04	1.250000e+01
1349.269188	17643.903678	7.084600e-04	1.250000e+01
1350.293152	17641.164599	7.085700e-04	1.250000e+01
1351.317169	17637.679728	7.087100e-04	1.250000e+01
1352.341576	17634.693791	7.088300e-04	1.250000e+01
1353.366213	17632.703728	7.089100e-04	1.250000e+01
1354.391302	17630.962792	7.089800e-04	1.250000e+01
1355.415469	17632.206283	7.089300e-04	1.250000e+01
1356.439140	17634.693791	7.088300e-04	1.250000e+01
1357.463342	17637.182002	7.087300e-04	1.250000e+01
1358.487464	17637.430861	7.087200e-04	1.250000e+01
1359.511195	17635.191377	7.088100e-04	1.250000e+01
1360.536248	17633.698704	7.088700e-04	1.250000e+01
1361.560538	17627.979128	7.091000e-04	1.250000e+01
1362.585381	17630.216781	7.090100e-04	1.250000e+01
1363.609171	17623.257060	7.092900e-04	1.250000e+01
1364.633250	17620.276004	7.094100e-04	1.250000e+01
1365.658582	17616.302831	7.095700e-04	1.250000e+01
1366.683462	17614.068709	7.096600e-04	1.250000e+01
1367.707511	17610.842644	7.097900e-04	1.250000e+01
1368.732134	17609.602164	7.098400e-04	1.250000e+01
1369.755960	17605.633803	7.100000e-04	1.250000e+01
1370.779173	17605.633803	7.100000e-04	1.250000e+01
1371.802401	17604.641992	7.100400e-04	1.250000e+01
1372.827538	17603.650293	7.100800e-04	1.250000e+01
1373.852082	17602.906592	7.101100e-04	1.250000e+01
1374.877117	17603.898207	7.100700e-04	1.250000e+01
1375.901400	17601.667230	7.101600e-04	1.250000e+01
1376.925073	17602.906592	7.101100e-04	1.250000e+01
1377.949304	17601.915088	7.101500e-04	1.250000e+01
1378.974487	17600.428042	7.102100e-04	1.250000e+01
1379.998339	17598.693473	7.102800e-04	1.250000e+01
1381.021806	17598.693473	7.102800e-04	1.250000e+01
1382.045512	17601.419378	7.101700e-04	1.250000e+01
1383.069316	17603.402386	7.100900e-04	1.250000e+01
1384.092974	17603.402386	7.100900e-04	1.250000e+01
1385.115241	17602.410826	7.101300e-04	1.250000e+01
1386.140264	17600.923696	7.101900e-04	1.250000e+01
1387.164170	17598.693473	7.102800e-04	1.250000e+01
1388.188213	17597.702444	7.103200e-04	1.250000e+01
1389.212308	17599.189029	7.102600e-04	1.250000e+01
1390.236984	17599.684614	7.102400e-04	1.250000e+01
1391.261401	17594.977690	7.104300e-04	1.250000e+01
1392.285319	17587.550828	7.107300e-04	1.250000e+01
1393.309539	17585.076601	7.108300e-04	1.250000e+01
1394.334088	17586.313627	7.107800e-04	1.250000e+01
1395.358496	17593.491816	7.104900e-04	1.250000e+01
1396.382314	17595.473037	7.104100e-04	1.250000e+01
1397.406287	17599.436818	7.102500e-04	1.250000e+01
1398.430095	17602.410826	7.101300e-04	1.250000e+01
1399.454011	17598.693473	7.102800e-04	1.250000e+01
1400.477314	17597.206971	7.103400e-04	1.250000e+01
1401.500202	17597.702444	7.103200e-04	1.250000e+01
1402.523674	17598.941248	7.102700e-04	1.250000e+01
1403.547922	17599.684614	7.102400e-04	1.250000e+01
1404.571962	17597.702444	7.103200e-04	1.250000e+01
1405.595477	17596.463815	7.103700e-04	1.250000e+01
1406.619482	17595.720721	7.104000e-04	1.250000e+01
1407.644367	17592.501372	7.105300e-04	1.250000e+01
1408.668251	17591.758613	7.105600e-04	1.250000e+01
1409.692352	17588.788203	7.106800e-04	1.250000e+01
1410.716791	17587.055927	7.107500e-04	1.250000e+01
1411.741528	17580.872011	7.110000e-04	1.250000e+01
