Time	SourceV	Current	Voltage
1.030446	5632267.441860	1.651200e-06	9.300000e+00
2.089303	4787398.332132	1.942600e-06	9.300000e+00
3.116844	4279009.846324	2.173400e-06	9.300000e+00
4.144233	3836317.135550	2.424200e-06	9.300000e+00
5.172248	3447253.317518	2.697800e-06	9.300000e+00
6.201461	3113700.281237	2.986800e-06	9.300000e+00
7.225020	2846822.578670	3.266800e-06	9.300000e+00
8.248885	2586854.329504	3.595100e-06	9.300000e+00
9.273028	2390131.071704	3.891000e-06	9.300000e+00
10.298038	2228398.907366	4.173400e-06	9.300000e+00
11.321725	2094358.743385	4.440500e-06	9.300000e+00
12.345146	1978891.820580	4.699600e-06	9.300000e+00
13.370165	1887175.324675	4.928000e-06	9.300000e+00
14.409191	1810994.489124	5.135300e-06	9.300000e+00
15.432997	1745429.976352	5.328200e-06	9.300000e+00
16.457150	1691401.134876	5.498400e-06	9.300000e+00
17.481124	1644009.970125	5.656900e-06	9.300000e+00
18.505350	1599834.855757	5.813100e-06	9.300000e+00
19.531049	1569275.939456	5.926300e-06	9.300000e+00
20.556141	1538003.572137	6.046800e-06	9.300000e+00
21.579958	1513351.667128	6.145300e-06	9.300000e+00
22.603986	1492273.872370	6.232100e-06	9.300000e+00
23.628025	1473944.465576	6.309600e-06	9.300000e+00
24.652187	1462517.102014	6.358900e-06	9.300000e+00
25.676090	1453692.848769	6.397500e-06	9.300000e+00
26.699856	1443382.170350	6.443200e-06	9.300000e+00
27.723959	1435207.333447	6.479900e-06	9.300000e+00
28.748239	1425746.217173	6.522900e-06	9.300000e+00
29.772241	1416862.183491	6.563800e-06	9.300000e+00
30.796266	1409966.797556	6.595900e-06	9.300000e+00
31.820251	1405470.757141	6.617000e-06	9.300000e+00
32.845763	1398054.749628	6.652100e-06	9.300000e+00
33.869257	1389511.429852	6.693000e-06	9.300000e+00
34.893348	1379944.802208	6.739400e-06	9.300000e+00
35.918812	1373382.952330	6.771600e-06	9.300000e+00
36.943931	1373342.390502	6.771800e-06	9.300000e+00
37.968010	1372126.648765	6.777800e-06	9.300000e+00
38.992036	1370044.636938	6.788100e-06	9.300000e+00
40.018046	1372612.687074	6.775400e-06	9.300000e+00
41.043866	1371924.234378	6.778800e-06	9.300000e+00
42.067978	1371155.604046	6.782600e-06	9.300000e+00
43.091821	1366080.084609	6.807800e-06	9.300000e+00
44.116133	1362218.218570	6.827100e-06	9.300000e+00
45.139869	1358080.579448	6.847900e-06	9.300000e+00
46.163974	1350644.823980	6.885600e-06	9.300000e+00
47.188262	1344727.367371	6.915900e-06	9.300000e+00
48.211596	1341120.484534	6.934500e-06	9.300000e+00
49.236270	1339787.362780	6.941400e-06	9.300000e+00
50.260846	1337225.185846	6.954700e-06	9.300000e+00
51.284400	1342824.552031	6.925700e-06	9.300000e+00
52.309086	1346440.619073	6.907100e-06	9.300000e+00
53.333327	1350135.013501	6.888200e-06	9.300000e+00
54.357437	1347572.196543	6.901300e-06	9.300000e+00
55.381176	1345817.113584	6.910300e-06	9.300000e+00
56.405315	1344941.285359	6.914800e-06	9.300000e+00
57.429146	1341817.080033	6.930900e-06	9.300000e+00
58.453833	1341623.508706	6.931900e-06	9.300000e+00
59.476951	1346440.619073	6.907100e-06	9.300000e+00
60.500771	1344766.256489	6.915700e-06	9.300000e+00
61.524977	1346557.590675	6.906500e-06	9.300000e+00
62.549871	1343755.869901	6.920900e-06	9.300000e+00
63.574293	1343969.478887	6.919800e-06	9.300000e+00
64.598256	1340753.128424	6.936400e-06	9.300000e+00
65.622892	1338033.235019	6.950500e-06	9.300000e+00
66.647225	1337917.739638	6.951100e-06	9.300000e+00
67.671305	1337956.235883	6.950900e-06	9.300000e+00
68.695342	1320272.572402	7.044000e-06	9.300000e+00
69.720742	1312539.693741	7.085500e-06	9.300000e+00
70.746087	1304238.072532	7.130600e-06	9.300000e+00
71.770407	1296962.597272	7.170600e-06	9.300000e+00
72.794282	1291953.767504	7.198400e-06	9.300000e+00
73.818849	1287019.097703	7.226000e-06	9.300000e+00
74.843204	1282139.656717	7.253500e-06	9.300000e+00
75.867051	1278280.232015	7.275400e-06	9.300000e+00
76.891068	1276648.317707	7.284700e-06	9.300000e+00
77.915528	1274828.309413	7.295100e-06	9.300000e+00
78.939165	1271847.050135	7.312200e-06	9.300000e+00
79.962485	1271794.871795	7.312500e-06	9.300000e+00
80.986377	1269641.906374	7.324900e-06	9.300000e+00
82.010951	1270006.008631	7.322800e-06	9.300000e+00
83.052329	1271255.946197	7.315600e-06	9.300000e+00
84.076755	1263947.593743	7.357900e-06	9.300000e+00
85.100496	1264188.132944	7.356500e-06	9.300000e+00
86.124467	1261581.453396	7.371700e-06	9.300000e+00
87.148399	1256417.184545	7.402000e-06	9.300000e+00
88.173165	1251396.046665	7.431700e-06	9.300000e+00
89.197088	1247786.185799	7.453200e-06	9.300000e+00
90.220280	1241738.433807	7.489500e-06	9.300000e+00
91.243458	1236521.253540	7.521100e-06	9.300000e+00
92.268587	1236570.577598	7.520800e-06	9.300000e+00
93.294127	1232473.693975	7.545800e-06	9.300000e+00
94.317946	1227917.293829	7.573800e-06	9.300000e+00
95.341279	1222076.215506	7.610000e-06	9.300000e+00
96.365621	1217803.501512	7.636700e-06	9.300000e+00
97.390320	1212216.009072	7.671900e-06	9.300000e+00
98.415188	1209630.217343	7.688300e-06	9.300000e+00
99.439137	1204725.633453	7.719600e-06	9.300000e+00
100.463699	1203883.495146	7.725000e-06	9.300000e+00
101.488168	1202373.718438	7.734700e-06	9.300000e+00
102.512364	1201053.827875	7.743200e-06	9.300000e+00
103.536415	1198700.763044	7.758400e-06	9.300000e+00
104.560950	1196849.583033	7.770400e-06	9.300000e+00
105.586217	1192491.152485	7.798800e-06	9.300000e+00
106.611032	1188316.168766	7.826200e-06	9.300000e+00
107.634421	1183703.081446	7.856700e-06	9.300000e+00
108.659164	1180397.781360	7.878700e-06	9.300000e+00
109.683102	1177394.034537	7.898800e-06	9.300000e+00
110.707060	1173175.900696	7.927200e-06	9.300000e+00
111.730357	1174539.025006	7.918000e-06	9.300000e+00
112.755559	1171830.701964	7.936300e-06	9.300000e+00
113.780302	1168194.950383	7.961000e-06	9.300000e+00
114.805166	1165793.366260	7.977400e-06	9.300000e+00
115.829591	1162921.559065	7.997100e-06	9.300000e+00
116.853520	1154791.764969	8.053400e-06	9.300000e+00
117.878809	1149524.739503	8.090300e-06	9.300000e+00
118.903588	1143911.439114	8.130000e-06	9.300000e+00
119.927178	1141412.405803	8.147800e-06	9.300000e+00
120.952309	1137767.773034	8.173900e-06	9.300000e+00
121.977009	1135420.227572	8.190800e-06	9.300000e+00
123.001413	1133303.274393	8.206100e-06	9.300000e+00
124.025362	1131414.389645	8.219800e-06	9.300000e+00
125.049391	1129408.335762	8.234400e-06	9.300000e+00
126.073380	1125798.954096	8.260800e-06	9.300000e+00
127.097539	1123351.210320	8.278800e-06	9.300000e+00
128.121235	1118514.420417	8.314600e-06	9.300000e+00
129.145189	1114733.662559	8.342800e-06	9.300000e+00
130.169153	1113599.080383	8.351300e-06	9.300000e+00
131.193382	1112719.702318	8.357900e-06	9.300000e+00
132.217386	1118218.545594	8.316800e-06	9.300000e+00
133.241360	1118299.223203	8.316200e-06	9.300000e+00
134.265516	1121995.946337	8.288800e-06	9.300000e+00
135.289494	1119160.509278	8.309800e-06	9.300000e+00
136.313361	1118716.243038	8.313100e-06	9.300000e+00
137.337357	1114279.552371	8.346200e-06	9.300000e+00
138.362570	1109110.207392	8.385100e-06	9.300000e+00
139.386545	1108541.731232	8.389400e-06	9.300000e+00
140.410494	1105563.480742	8.412000e-06	9.300000e+00
141.434126	1100695.923874	8.449200e-06	9.300000e+00
142.459083	1095832.302308	8.486700e-06	9.300000e+00
143.484224	1093165.949644	8.507400e-06	9.300000e+00
144.507583	1086524.756408	8.559400e-06	9.300000e+00
145.531536	1081596.576107	8.598400e-06	9.300000e+00
146.555704	1076177.141072	8.641700e-06	9.300000e+00
147.579495	1072689.104708	8.669800e-06	9.300000e+00
148.603340	1069026.955572	8.699500e-06	9.300000e+00
149.627168	1066819.615716	8.717500e-06	9.300000e+00
150.650883	1068535.646579	8.703500e-06	9.300000e+00
151.675564	1069223.605698	8.697900e-06	9.300000e+00
152.699498	1064657.935708	8.735200e-06	9.300000e+00
153.723448	1065377.521680	8.729300e-06	9.300000e+00
154.747960	1062747.831652	8.750900e-06	9.300000e+00
155.773243	1061886.275405	8.758000e-06	9.300000e+00
156.797635	1056830.191252	8.799900e-06	9.300000e+00
157.822507	1054409.813948	8.820100e-06	9.300000e+00
158.846352	1053752.719362	8.825600e-06	9.300000e+00
159.869679	1053716.901392	8.825900e-06	9.300000e+00
160.893518	1048939.217920	8.866100e-06	9.300000e+00
161.917340	1044685.583339	8.902200e-06	9.300000e+00
162.941811	1042308.769964	8.922500e-06	9.300000e+00
163.965673	1037471.692641	8.964100e-06	9.300000e+00
164.988706	1033896.232393	8.995100e-06	9.300000e+00
166.012615	1031282.227570	9.017900e-06	9.300000e+00
167.036580	1029854.712970	9.030400e-06	9.300000e+00
168.061230	1025290.498975	9.070600e-06	9.300000e+00
169.085812	1021091.579837	9.107900e-06	9.300000e+00
170.110423	1018274.189487	9.133100e-06	9.300000e+00
171.134981	1014707.807795	9.165200e-06	9.300000e+00
172.158538	1010792.657080	9.200700e-06	9.300000e+00
173.182503	1006123.287968	9.243400e-06	9.300000e+00
174.206554	1002392.808640	9.277800e-06	9.300000e+00
175.230917	1000387.246676	9.296400e-06	9.300000e+00
176.254568	999795.740655	9.301900e-06	9.300000e+00
177.278666	997073.107973	9.327300e-06	9.300000e+00
178.302443	999924.736848	9.300700e-06	9.300000e+00
179.326668	998561.212876	9.313400e-06	9.300000e+00
180.350576	996154.628906	9.335900e-06	9.300000e+00
181.374463	993197.133612	9.363700e-06	9.300000e+00
182.398508	990025.229675	9.393700e-06	9.300000e+00
183.422978	988068.803587	9.412300e-06	9.300000e+00
184.447556	984731.369518	9.444200e-06	9.300000e+00
185.471538	981509.625127	9.475200e-06	9.300000e+00
186.495762	979029.813037	9.499200e-06	9.300000e+00
187.520553	975906.648758	9.529600e-06	9.300000e+00
188.546744	972681.253399	9.561200e-06	9.300000e+00
189.571549	970002.920439	9.587600e-06	9.300000e+00
190.595581	968286.029611	9.604600e-06	9.300000e+00
191.619681	966675.675114	9.620600e-06	9.300000e+00
192.644998	964910.460459	9.638200e-06	9.300000e+00
193.669681	963211.533681	9.655200e-06	9.300000e+00
194.694076	960178.407343	9.685700e-06	9.300000e+00
195.718574	959395.890072	9.693600e-06	9.300000e+00
196.742939	958782.655312	9.699800e-06	9.300000e+00
197.766821	955227.559856	9.735900e-06	9.300000e+00
198.790519	952829.802057	9.760400e-06	9.300000e+00
199.815739	951046.662644	9.778700e-06	9.300000e+00
200.840263	949386.471753	9.795800e-06	9.300000e+00
201.864767	948544.035902	9.804500e-06	9.300000e+00
202.888593	945814.010251	9.832800e-06	9.300000e+00
203.912687	946690.147297	9.823700e-06	9.300000e+00
204.937044	946574.519842	9.824900e-06	9.300000e+00
205.960780	946006.428775	9.830800e-06	9.300000e+00
206.984879	944124.096483	9.850400e-06	9.300000e+00
208.008883	940248.710949	9.891000e-06	9.300000e+00
209.033186	937037.148989	9.924900e-06	9.300000e+00
210.057373	934278.997810	9.954200e-06	9.300000e+00
211.080594	932349.520792	9.974800e-06	9.300000e+00
212.104709	930372.148860	9.996000e-06	9.300000e+00
213.128846	927125.909680	1.003100e-05	9.300000e+00
214.153840	923626.973880	1.006900e-05	9.300000e+00
215.176876	921704.658077	1.009000e-05	9.300000e+00
216.200300	921704.658077	1.009000e-05	9.300000e+00
217.224489	919517.500494	1.011400e-05	9.300000e+00
218.248820	916798.107256	1.014400e-05	9.300000e+00
219.272626	913825.292326	1.017700e-05	9.300000e+00
220.296759	910782.489472	1.021100e-05	9.300000e+00
221.320907	910069.478423	1.021900e-05	9.300000e+00
222.345729	909090.909091	1.023000e-05	9.300000e+00
223.369608	907582.707134	1.024700e-05	9.300000e+00
224.393702	907405.600546	1.024900e-05	9.300000e+00
225.418192	905550.146056	1.027000e-05	9.300000e+00
226.443043	902299.408169	1.030700e-05	9.300000e+00
227.465707	900551.951196	1.032700e-05	9.300000e+00
228.488929	898463.916530	1.035100e-05	9.300000e+00
229.513182	896471.949104	1.037400e-05	9.300000e+00
230.537505	895091.434071	1.039000e-05	9.300000e+00
231.561472	893200.153669	1.041200e-05	9.300000e+00
232.584594	891316.848764	1.043400e-05	9.300000e+00
233.609429	889526.542324	1.045500e-05	9.300000e+00
234.633804	886389.630194	1.049200e-05	9.300000e+00
235.657782	884450.784593	1.051500e-05	9.300000e+00
236.681697	882604.156781	1.053700e-05	9.300000e+00
237.706021	881600.151673	1.054900e-05	9.300000e+00
238.729809	882687.927107	1.053600e-05	9.300000e+00
239.753782	886981.402003	1.048500e-05	9.300000e+00
240.777740	889611.631911	1.045400e-05	9.300000e+00
241.802119	881767.327202	1.054700e-05	9.300000e+00
242.826607	876696.832579	1.060800e-05	9.300000e+00
243.849731	874224.478285	1.063800e-05	9.300000e+00
244.873583	870786.516854	1.068000e-05	9.300000e+00
245.899028	869402.636253	1.069700e-05	9.300000e+00
246.922862	867132.867133	1.072500e-05	9.300000e+00
247.946463	865841.169351	1.074100e-05	9.300000e+00
248.970766	866002.421082	1.073900e-05	9.300000e+00
249.995138	863349.424434	1.077200e-05	9.300000e+00
251.019853	865518.845975	1.074500e-05	9.300000e+00
252.043631	862068.965517	1.078800e-05	9.300000e+00
253.067713	860632.981677	1.080600e-05	9.300000e+00
254.092169	858646.477703	1.083100e-05	9.300000e+00
255.117548	857063.865082	1.085100e-05	9.300000e+00
256.141503	856038.291605	1.086400e-05	9.300000e+00
257.165992	853837.679030	1.089200e-05	9.300000e+00
258.190720	852272.727273	1.091200e-05	9.300000e+00
259.214764	847612.103536	1.097200e-05	9.300000e+00
260.238722	847380.410023	1.097500e-05	9.300000e+00
261.262065	845300.854390	1.100200e-05	9.300000e+00
262.286438	843002.175489	1.103200e-05	9.300000e+00
263.310637	840260.209613	1.106800e-05	9.300000e+00
264.334021	836330.935252	1.112000e-05	9.300000e+00
265.357726	833856.361517	1.115300e-05	9.300000e+00
266.381973	829912.546850	1.120600e-05	9.300000e+00
267.406886	828729.281768	1.122200e-05	9.300000e+00
268.430865	826666.666667	1.125000e-05	9.300000e+00
269.454925	825492.632700	1.126600e-05	9.300000e+00
270.479318	823664.865822	1.129100e-05	9.300000e+00
271.504800	822135.785007	1.131200e-05	9.300000e+00
272.529815	820612.370952	1.133300e-05	9.300000e+00
273.554004	818878.224883	1.135700e-05	9.300000e+00
274.578040	816864.295125	1.138500e-05	9.300000e+00
275.601897	815145.937418	1.140900e-05	9.300000e+00
276.626152	817151.392672	1.138100e-05	9.300000e+00
277.649799	817079.599367	1.138200e-05	9.300000e+00
278.673981	814788.855791	1.141400e-05	9.300000e+00
279.697895	814075.630252	1.142400e-05	9.300000e+00
280.721853	816075.816076	1.139600e-05	9.300000e+00
281.745838	812368.972746	1.144800e-05	9.300000e+00
282.769920	808906.671306	1.149700e-05	9.300000e+00
283.793642	805683.097981	1.154300e-05	9.300000e+00
284.818142	805055.401662	1.155200e-05	9.300000e+00
285.842053	803455.723542	1.157500e-05	9.300000e+00
286.866038	802762.192490	1.158500e-05	9.300000e+00
287.890079	801516.849091	1.160300e-05	9.300000e+00
288.914789	799175.045115	1.163700e-05	9.300000e+00
289.938855	797667.038339	1.165900e-05	9.300000e+00
290.963211	795960.287573	1.168400e-05	9.300000e+00
291.987070	793854.033291	1.171500e-05	9.300000e+00
293.011722	793312.292075	1.172300e-05	9.300000e+00
294.035999	790144.435004	1.177000e-05	9.300000e+00
295.059934	788670.284939	1.179200e-05	9.300000e+00
296.083762	787534.930985	1.180900e-05	9.300000e+00
297.107975	786070.492773	1.183100e-05	9.300000e+00
298.131094	785008.863003	1.184700e-05	9.300000e+00
299.156744	784942.606347	1.184800e-05	9.300000e+00
300.182125	783884.018881	1.186400e-05	9.300000e+00
301.206821	783223.850430	1.187400e-05	9.300000e+00
302.231110	781446.937232	1.190100e-05	9.300000e+00
303.255079	779678.068410	1.192800e-05	9.300000e+00
304.279543	775711.068479	1.198900e-05	9.300000e+00
305.304023	773195.876289	1.202800e-05	9.300000e+00
306.328055	771080.341597	1.206100e-05	9.300000e+00
307.352018	768912.773874	1.209500e-05	9.300000e+00
308.376773	766694.146744	1.213000e-05	9.300000e+00
309.401755	765873.342667	1.214300e-05	9.300000e+00
310.424955	765369.105423	1.215100e-05	9.300000e+00
311.448665	764802.631579	1.216000e-05	9.300000e+00
312.472523	764048.636214	1.217200e-05	9.300000e+00
313.497093	762357.570293	1.219900e-05	9.300000e+00
314.520804	761047.463175	1.222000e-05	9.300000e+00
315.543998	759183.673469	1.225000e-05	9.300000e+00
316.568451	758131.572512	1.226700e-05	9.300000e+00
317.592931	756651.208201	1.229100e-05	9.300000e+00
318.616898	754870.129870	1.232000e-05	9.300000e+00
319.641124	754319.085084	1.232900e-05	9.300000e+00
320.665835	753707.755896	1.233900e-05	9.300000e+00
321.690789	753036.437247	1.235000e-05	9.300000e+00
322.714879	756097.560976	1.230000e-05	9.300000e+00
323.739903	751940.491591	1.236800e-05	9.300000e+00
324.764427	750726.509525	1.238800e-05	9.300000e+00
325.788138	747588.424437	1.244000e-05	9.300000e+00
326.811295	745969.359108	1.246700e-05	9.300000e+00
327.834708	747588.424437	1.244000e-05	9.300000e+00
328.882790	745969.359108	1.246700e-05	9.300000e+00
329.905998	742159.444577	1.253100e-05	9.300000e+00
330.929280	740563.784042	1.255800e-05	9.300000e+00
331.953638	738505.518939	1.259300e-05	9.300000e+00
332.977897	736225.459151	1.263200e-05	9.300000e+00
334.001876	734307.145677	1.266500e-05	9.300000e+00
335.026024	734713.224838	1.265800e-05	9.300000e+00
336.050667	735294.117647	1.264800e-05	9.300000e+00
337.075153	733612.053325	1.267700e-05	9.300000e+00
338.098996	731477.111845	1.271400e-05	9.300000e+00
339.123027	732802.773619	1.269100e-05	9.300000e+00
340.147799	735235.987035	1.264900e-05	9.300000e+00
341.172728	729927.007299	1.274100e-05	9.300000e+00
342.196974	725995.316159	1.281000e-05	9.300000e+00
343.220861	723172.628305	1.286000e-05	9.300000e+00
344.245823	721881.549329	1.288300e-05	9.300000e+00
345.270824	719368.811881	1.292800e-05	9.300000e+00
346.294887	716873.506514	1.297300e-05	9.300000e+00
347.319075	714779.801706	1.301100e-05	9.300000e+00
348.343562	712643.678161	1.305000e-05	9.300000e+00
349.367005	710574.572127	1.308800e-05	9.300000e+00
350.390394	708841.463415	1.312000e-05	9.300000e+00
351.414118	708301.599391	1.313000e-05	9.300000e+00
352.438388	706257.594168	1.316800e-05	9.300000e+00
353.462398	705400.485437	1.318400e-05	9.300000e+00
354.485965	705668.108354	1.317900e-05	9.300000e+00
355.509903	704332.020600	1.320400e-05	9.300000e+00
356.533760	703000.982690	1.322900e-05	9.300000e+00
357.558886	701093.102149	1.326500e-05	9.300000e+00
358.582281	699932.264620	1.328700e-05	9.300000e+00
359.606951	697831.469948	1.332700e-05	9.300000e+00
360.630224	697203.688432	1.333900e-05	9.300000e+00
361.655014	697046.919502	1.334200e-05	9.300000e+00
362.678517	697046.919502	1.334200e-05	9.300000e+00
363.702135	694600.044813	1.338900e-05	9.300000e+00
364.726038	692376.414532	1.343200e-05	9.300000e+00
365.750185	690115.761354	1.347600e-05	9.300000e+00
366.774033	688226.152594	1.351300e-05	9.300000e+00
367.797944	685992.476212	1.355700e-05	9.300000e+00
368.822026	684780.207643	1.358100e-05	9.300000e+00
369.846341	682969.817140	1.361700e-05	9.300000e+00
370.870306	680819.912152	1.366000e-05	9.300000e+00
371.894428	678832.116788	1.370000e-05	9.300000e+00
372.919138	677003.712601	1.373700e-05	9.300000e+00
373.944094	675087.108014	1.377600e-05	9.300000e+00
374.968124	673620.165146	1.380600e-05	9.300000e+00
375.992448	672013.873835	1.383900e-05	9.300000e+00
377.016752	670560.242267	1.386900e-05	9.300000e+00
378.041082	668439.588874	1.391300e-05	9.300000e+00
379.064321	667240.637107	1.393800e-05	9.300000e+00
380.088273	666905.700968	1.394500e-05	9.300000e+00
381.112670	666332.306370	1.395700e-05	9.300000e+00
382.136985	666571.100917	1.395200e-05	9.300000e+00
383.160352	665569.312245	1.397300e-05	9.300000e+00
384.184232	663527.397260	1.401600e-05	9.300000e+00
385.208148	661403.883081	1.406100e-05	9.300000e+00
386.233042	660417.554325	1.408200e-05	9.300000e+00
387.256926	659153.731661	1.410900e-05	9.300000e+00
388.279249	657662.117248	1.414100e-05	9.300000e+00
389.303492	656408.808583	1.416800e-05	9.300000e+00
390.328201	656038.374718	1.417600e-05	9.300000e+00
391.352259	654837.346853	1.420200e-05	9.300000e+00
392.376317	653548.840478	1.423000e-05	9.300000e+00
393.400355	651214.900917	1.428100e-05	9.300000e+00
394.425090	648807.032231	1.433400e-05	9.300000e+00
395.448989	646686.600375	1.438100e-05	9.300000e+00
396.472423	644714.038128	1.442500e-05	9.300000e+00
397.497305	642886.768976	1.446600e-05	9.300000e+00
398.522267	641689.091285	1.449300e-05	9.300000e+00
399.548063	640407.657347	1.452200e-05	9.300000e+00
400.572331	640275.387263	1.452500e-05	9.300000e+00
401.596400	639043.496186	1.455300e-05	9.300000e+00
402.620173	637991.356246	1.457700e-05	9.300000e+00
403.645460	637160.865991	1.459600e-05	9.300000e+00
404.669478	636419.626360	1.461300e-05	9.300000e+00
405.694437	635115.754968	1.464300e-05	9.300000e+00
406.719938	633687.653312	1.467600e-05	9.300000e+00
407.745063	631536.058672	1.472600e-05	9.300000e+00
408.769991	632094.066472	1.471300e-05	9.300000e+00
409.794255	630593.978845	1.474800e-05	9.300000e+00
410.819528	631750.560424	1.472100e-05	9.300000e+00
411.844337	631578.947368	1.472500e-05	9.300000e+00
412.868358	631707.648417	1.472200e-05	9.300000e+00
413.892314	629143.552970	1.478200e-05	9.300000e+00
414.916743	627022.653722	1.483200e-05	9.300000e+00
415.940499	623282.621808	1.492100e-05	9.300000e+00
416.964344	620620.620621	1.498500e-05	9.300000e+00
417.988127	618474.429740	1.503700e-05	9.300000e+00
419.012041	616915.422886	1.507500e-05	9.300000e+00
420.036315	614998.016135	1.512200e-05	9.300000e+00
421.060375	614672.835426	1.513000e-05	9.300000e+00
422.084474	613294.645212	1.516400e-05	9.300000e+00
423.108790	611198.738170	1.521600e-05	9.300000e+00
424.133394	610436.494913	1.523500e-05	9.300000e+00
425.157504	608917.697898	1.527300e-05	9.300000e+00
426.181415	608041.843740	1.529500e-05	9.300000e+00
427.205975	606614.049964	1.533100e-05	9.300000e+00
428.229376	604799.375691	1.537700e-05	9.300000e+00
429.253215	603112.840467	1.542000e-05	9.300000e+00
430.277061	601863.836397	1.545200e-05	9.300000e+00
431.300805	600658.787057	1.548300e-05	9.300000e+00
432.325207	600464.876033	1.548800e-05	9.300000e+00
433.349126	599381.283836	1.551600e-05	9.300000e+00
434.373345	597878.495661	1.555500e-05	9.300000e+00
435.397240	596230.285934	1.559800e-05	9.300000e+00
436.421460	593831.811506	1.566100e-05	9.300000e+00
437.445350	592847.580799	1.568700e-05	9.300000e+00
438.469182	590626.190779	1.574600e-05	9.300000e+00
439.494628	588682.111660	1.579800e-05	9.300000e+00
440.519420	586639.752728	1.585300e-05	9.300000e+00
441.545212	584942.449211	1.589900e-05	9.300000e+00
442.569618	584207.550726	1.591900e-05	9.300000e+00
443.594190	583364.697027	1.594200e-05	9.300000e+00
444.619411	581613.508443	1.599000e-05	9.300000e+00
445.644558	580995.814331	1.600700e-05	9.300000e+00
446.667557	579403.152452	1.605100e-05	9.300000e+00
447.690599	578430.153004	1.607800e-05	9.300000e+00
448.714346	576851.507257	1.612200e-05	9.300000e+00
449.738605	575637.534043	1.615600e-05	9.300000e+00
450.762479	574251.312133	1.619500e-05	9.300000e+00
451.786651	573436.921939	1.621800e-05	9.300000e+00
452.810814	571850.212138	1.626300e-05	9.300000e+00
453.835460	570447.156965	1.630300e-05	9.300000e+00
454.859361	568668.215727	1.635400e-05	9.300000e+00
455.883355	567211.515004	1.639600e-05	9.300000e+00
456.908612	565383.913916	1.644900e-05	9.300000e+00
457.933574	563499.757635	1.650400e-05	9.300000e+00
458.957662	562205.295611	1.654200e-05	9.300000e+00
459.982498	560612.454036	1.658900e-05	9.300000e+00
461.006098	559465.800397	1.662300e-05	9.300000e+00
462.031249	558290.310962	1.665800e-05	9.300000e+00
463.055370	556519.657710	1.671100e-05	9.300000e+00
464.079167	554991.943665	1.675700e-05	9.300000e+00
465.102519	553670.298268	1.679700e-05	9.300000e+00
466.126433	552289.328345	1.683900e-05	9.300000e+00
467.150246	551045.801979	1.687700e-05	9.300000e+00
468.174574	550100.556016	1.690600e-05	9.300000e+00
469.198698	548316.726608	1.696100e-05	9.300000e+00
470.222508	547445.255474	1.698800e-05	9.300000e+00
471.246448	547251.971284	1.699400e-05	9.300000e+00
472.270341	545902.794083	1.703600e-05	9.300000e+00
473.295124	544432.736214	1.708200e-05	9.300000e+00
474.319612	543033.983417	1.712600e-05	9.300000e+00
475.343298	542463.835744	1.714400e-05	9.300000e+00
476.366239	543573.557777	1.710900e-05	9.300000e+00
477.391459	540791.998604	1.719700e-05	9.300000e+00
478.416515	538693.234476	1.726400e-05	9.300000e+00
479.440450	536394.047756	1.733800e-05	9.300000e+00
480.464262	535375.050371	1.737100e-05	9.300000e+00
481.488383	535190.193935	1.737700e-05	9.300000e+00
482.512467	533930.416810	1.741800e-05	9.300000e+00
483.536397	531975.746482	1.748200e-05	9.300000e+00
484.560337	528379.069371	1.760100e-05	9.300000e+00
485.585216	526345.576999	1.766900e-05	9.300000e+00
486.609627	524771.470489	1.772200e-05	9.300000e+00
487.634295	523206.751055	1.777500e-05	9.300000e+00
488.657575	521592.821088	1.783000e-05	9.300000e+00
489.681551	520891.676935	1.785400e-05	9.300000e+00
490.706466	520541.811262	1.786600e-05	9.300000e+00
491.730397	519698.239732	1.789500e-05	9.300000e+00
492.754511	520833.333333	1.785600e-05	9.300000e+00
493.778951	521037.593142	1.784900e-05	9.300000e+00
494.802734	520862.503500	1.785500e-05	9.300000e+00
495.826479	517817.371938	1.796000e-05	9.300000e+00
496.850271	514921.654393	1.806100e-05	9.300000e+00
497.874233	513443.383205	1.811300e-05	9.300000e+00
498.898500	511523.018536	1.818100e-05	9.300000e+00
499.921758	508585.803347	1.828600e-05	9.300000e+00
500.945593	506232.649284	1.837100e-05	9.300000e+00
501.969772	504639.426990	1.842900e-05	9.300000e+00
502.994259	502349.700211	1.851300e-05	9.300000e+00
504.017761	500511.274958	1.858100e-05	9.300000e+00
505.043458	498338.870432	1.866200e-05	9.300000e+00
506.067905	496291.157479	1.873900e-05	9.300000e+00
507.092682	494891.443167	1.879200e-05	9.300000e+00
508.118368	493682.981208	1.883800e-05	9.300000e+00
509.142634	492089.528546	1.889900e-05	9.300000e+00
510.166930	490635.716170	1.895500e-05	9.300000e+00
511.191922	489113.284948	1.901400e-05	9.300000e+00
512.217361	487319.220289	1.908400e-05	9.300000e+00
513.240799	486020.381500	1.913500e-05	9.300000e+00
514.263808	484703.184448	1.918700e-05	9.300000e+00
515.287913	483393.107750	1.923900e-05	9.300000e+00
516.312704	481640.685691	1.930900e-05	9.300000e+00
517.336425	480347.089510	1.936100e-05	9.300000e+00
518.359716	478986.402967	1.941600e-05	9.300000e+00
519.383695	477167.778348	1.949000e-05	9.300000e+00
520.407790	476092.966110	1.953400e-05	9.300000e+00
521.431707	475022.984983	1.957800e-05	9.300000e+00
522.455698	473258.358353	1.965100e-05	9.300000e+00
523.479738	472057.255977	1.970100e-05	9.300000e+00
524.503800	470433.507006	1.976900e-05	9.300000e+00
525.528478	468773.627703	1.983900e-05	9.300000e+00
526.551820	466399.197593	1.994000e-05	9.300000e+00
527.576726	464860.541837	2.000600e-05	9.300000e+00
528.601517	463124.346397	2.008100e-05	9.300000e+00
529.626514	461401.071641	2.015600e-05	9.300000e+00
530.650387	459849.683544	2.022400e-05	9.300000e+00
531.674974	458625.110958	2.027800e-05	9.300000e+00
532.699589	457047.375663	2.034800e-05	9.300000e+00
533.723755	455413.544880	2.042100e-05	9.300000e+00
534.747608	453747.072600	2.049600e-05	9.300000e+00
535.772311	452576.767726	2.054900e-05	9.300000e+00
536.796602	450712.416400	2.063400e-05	9.300000e+00
537.820474	449535.962877	2.068800e-05	9.300000e+00
538.844721	448106.389130	2.075400e-05	9.300000e+00
539.870239	447869.010354	2.076500e-05	9.300000e+00
540.895605	446922.004902	2.080900e-05	9.300000e+00
541.919749	445850.711923	2.085900e-05	9.300000e+00
542.944394	443004.811128	2.099300e-05	9.300000e+00
543.968306	440403.466401	2.111700e-05	9.300000e+00
544.991755	437791.272419	2.124300e-05	9.300000e+00
546.015687	435209.883476	2.136900e-05	9.300000e+00
547.039653	433384.593877	2.145900e-05	9.300000e+00
548.063863	430914.651098	2.158200e-05	9.300000e+00
549.087769	428472.702142	2.170500e-05	9.300000e+00
550.111668	426722.951271	2.179400e-05	9.300000e+00
551.135829	424968.013160	2.188400e-05	9.300000e+00
552.160199	423285.239634	2.197100e-05	9.300000e+00
553.184378	421826.098789	2.204700e-05	9.300000e+00
554.208949	420700.262372	2.210600e-05	9.300000e+00
555.232752	419447.952372	2.217200e-05	9.300000e+00
556.256996	417714.696371	2.226400e-05	9.300000e+00
557.280879	415438.220316	2.238600e-05	9.300000e+00
558.304841	413333.333333	2.250000e-05	9.300000e+00
559.328780	411631.921392	2.259300e-05	9.300000e+00
560.353312	409511.228534	2.271000e-05	9.300000e+00
561.377987	407662.297813	2.281300e-05	9.300000e+00
562.401993	405759.162304	2.292000e-05	9.300000e+00
563.426742	403733.449099	2.303500e-05	9.300000e+00
564.450659	401433.072905	2.316700e-05	9.300000e+00
565.474690	399295.865356	2.329100e-05	9.300000e+00
566.498508	397062.590727	2.342200e-05	9.300000e+00
567.521785	394870.923913	2.355200e-05	9.300000e+00
568.545935	392504.431502	2.369400e-05	9.300000e+00
569.569858	390362.659503	2.382400e-05	9.300000e+00
570.593505	388227.927364	2.395500e-05	9.300000e+00
571.616941	386132.447581	2.408500e-05	9.300000e+00
572.641525	384202.263902	2.420600e-05	9.300000e+00
573.665989	382134.198956	2.433700e-05	9.300000e+00
574.689618	380119.349301	2.446600e-05	9.300000e+00
575.713825	378141.010002	2.459400e-05	9.300000e+00
576.738333	376198.373852	2.472100e-05	9.300000e+00
577.762782	374516.752577	2.483200e-05	9.300000e+00
578.786841	372581.226714	2.496100e-05	9.300000e+00
579.810896	370665.603826	2.509000e-05	9.300000e+00
580.835309	369047.619048	2.520000e-05	9.300000e+00
581.858827	367008.681926	2.534000e-05	9.300000e+00
582.884524	365609.152023	2.543700e-05	9.300000e+00
583.908002	364877.589454	2.548800e-05	9.300000e+00
584.932352	364134.690681	2.554000e-05	9.300000e+00
585.955769	363451.617946	2.558800e-05	9.300000e+00
586.979814	360158.004802	2.582200e-05	9.300000e+00
588.003742	357088.004915	2.604400e-05	9.300000e+00
589.028640	354312.709540	2.624800e-05	9.300000e+00
590.052992	351580.220777	2.645200e-05	9.300000e+00
591.077651	348797.959719	2.666300e-05	9.300000e+00
592.101926	346562.325321	2.683500e-05	9.300000e+00
593.126040	344367.918240	2.700600e-05	9.300000e+00
594.150805	342453.142836	2.715700e-05	9.300000e+00
595.176752	340646.862752	2.730100e-05	9.300000e+00
596.201054	339007.764371	2.743300e-05	9.300000e+00
597.224987	337151.972158	2.758400e-05	9.300000e+00
598.249499	335667.364470	2.770600e-05	9.300000e+00
599.273948	333740.041628	2.786600e-05	9.300000e+00
600.297727	331965.018740	2.801500e-05	9.300000e+00
601.321092	330197.053080	2.816500e-05	9.300000e+00
602.345691	328378.235232	2.832100e-05	9.300000e+00
603.370546	326831.839747	2.845500e-05	9.300000e+00
604.394007	325072.529624	2.860900e-05	9.300000e+00
605.418051	323129.842604	2.878100e-05	9.300000e+00
606.443128	321610.125532	2.891700e-05	9.300000e+00
607.468162	319939.452319	2.906800e-05	9.300000e+00
608.492394	317894.377030	2.925500e-05	9.300000e+00
609.516050	316294.255688	2.940300e-05	9.300000e+00
610.540181	315029.978659	2.952100e-05	9.300000e+00
611.564839	312973.245835	2.971500e-05	9.300000e+00
612.588896	312164.339420	2.979200e-05	9.300000e+00
613.612873	311996.779388	2.980800e-05	9.300000e+00
614.637288	309463.596433	3.005200e-05	9.300000e+00
615.660838	309113.873562	3.008600e-05	9.300000e+00
616.684820	307987.812955	3.019600e-05	9.300000e+00
617.708822	305910.989770	3.040100e-05	9.300000e+00
618.732829	304040.800314	3.058800e-05	9.300000e+00
619.757217	302921.728934	3.070100e-05	9.300000e+00
620.780228	300892.972693	3.090800e-05	9.300000e+00
621.803137	299806.576402	3.102000e-05	9.300000e+00
622.827386	298019.611613	3.120600e-05	9.300000e+00
623.852056	295829.754748	3.143700e-05	9.300000e+00
624.876047	294006.069803	3.163200e-05	9.300000e+00
625.900019	292342.512260	3.181200e-05	9.300000e+00
626.924530	290597.756460	3.200300e-05	9.300000e+00
627.949007	288909.599254	3.219000e-05	9.300000e+00
628.972841	287436.254057	3.235500e-05	9.300000e+00
629.997259	285907.525824	3.252800e-05	9.300000e+00
631.021055	284351.495139	3.270600e-05	9.300000e+00
632.045156	283079.170852	3.285300e-05	9.300000e+00
633.069033	281835.262743	3.299800e-05	9.300000e+00
634.093252	280500.678631	3.315500e-05	9.300000e+00
635.117363	279346.389523	3.329200e-05	9.300000e+00
636.142179	277902.285970	3.346500e-05	9.300000e+00
637.165994	276736.297090	3.360600e-05	9.300000e+00
638.189852	275457.615070	3.376200e-05	9.300000e+00
639.214014	274190.695206	3.391800e-05	9.300000e+00
640.238073	273047.563124	3.406000e-05	9.300000e+00
641.261757	271651.818315	3.423500e-05	9.300000e+00
642.285264	270663.562282	3.436000e-05	9.300000e+00
643.310003	269518.344636	3.450600e-05	9.300000e+00
644.334787	268289.868451	3.466400e-05	9.300000e+00
645.358800	267249.058881	3.479900e-05	9.300000e+00
646.383004	266162.960419	3.494100e-05	9.300000e+00
647.407066	265236.859367	3.506300e-05	9.300000e+00
648.431100	264152.015224	3.520700e-05	9.300000e+00
649.454961	262867.802934	3.537900e-05	9.300000e+00
650.478343	261949.694392	3.550300e-05	9.300000e+00
651.501617	260701.370785	3.567300e-05	9.300000e+00
652.526220	259602.501117	3.582400e-05	9.300000e+00
653.550010	258433.835380	3.598600e-05	9.300000e+00
654.573900	257240.063065	3.615300e-05	9.300000e+00
655.598359	256036.120365	3.632300e-05	9.300000e+00
656.622257	254794.520548	3.650000e-05	9.300000e+00
657.670845	253419.804894	3.669800e-05	9.300000e+00
658.696284	252128.178713	3.688600e-05	9.300000e+00
659.720885	250910.562525	3.706500e-05	9.300000e+00
660.744840	249677.835052	3.724800e-05	9.300000e+00
661.769200	248450.523616	3.743200e-05	9.300000e+00
662.793772	247557.696915	3.756700e-05	9.300000e+00
663.822066	246409.835197	3.774200e-05	9.300000e+00
664.846196	245227.296699	3.792400e-05	9.300000e+00
665.869915	243928.028117	3.812600e-05	9.300000e+00
666.894849	242629.793895	3.833000e-05	9.300000e+00
667.919773	241483.174076	3.851200e-05	9.300000e+00
668.944117	240589.833139	3.865500e-05	9.300000e+00
669.967861	239388.401246	3.884900e-05	9.300000e+00
670.992071	238339.313173	3.902000e-05	9.300000e+00
672.016921	237154.150198	3.921500e-05	9.300000e+00
673.041054	236022.637870	3.940300e-05	9.300000e+00
674.065067	234913.738665	3.958900e-05	9.300000e+00
675.089240	233932.838637	3.975500e-05	9.300000e+00
676.113664	232925.088286	3.992700e-05	9.300000e+00
677.138217	231810.364167	4.011900e-05	9.300000e+00
678.161185	230746.327908	4.030400e-05	9.300000e+00
679.184973	229589.947416	4.050700e-05	9.300000e+00
680.210159	228293.688784	4.073700e-05	9.300000e+00
681.234965	227106.227106	4.095000e-05	9.300000e+00
682.258442	226205.822976	4.111300e-05	9.300000e+00
683.282158	225651.477653	4.121400e-05	9.300000e+00
684.306367	224469.600058	4.143100e-05	9.300000e+00
685.330058	224285.542023	4.146500e-05	9.300000e+00
686.353944	223477.111618	4.161500e-05	9.300000e+00
687.377140	222621.184919	4.177500e-05	9.300000e+00
688.402434	221766.501335	4.193600e-05	9.300000e+00
689.427231	220776.754344	4.212400e-05	9.300000e+00
690.451014	220014.194464	4.227000e-05	9.300000e+00
691.475137	219318.932176	4.240400e-05	9.300000e+00
692.499160	218217.654512	4.261800e-05	9.300000e+00
693.523353	216470.369163	4.296200e-05	9.300000e+00
694.547127	214989.134958	4.325800e-05	9.300000e+00
695.571141	213694.852941	4.352000e-05	9.300000e+00
696.596110	212741.621869	4.371500e-05	9.300000e+00
697.620221	211358.832754	4.400100e-05	9.300000e+00
698.644955	210259.772558	4.423100e-05	9.300000e+00
699.668312	209369.864247	4.441900e-05	9.300000e+00
700.693003	208277.344800	4.465200e-05	9.300000e+00
701.717161	207408.729008	4.483900e-05	9.300000e+00
702.741375	206542.741022	4.502700e-05	9.300000e+00
703.765408	205706.702057	4.521000e-05	9.300000e+00
704.789497	205356.945702	4.528700e-05	9.300000e+00
705.813862	204328.243436	4.551500e-05	9.300000e+00
706.836299	203461.025181	4.570900e-05	9.300000e+00
707.859891	202534.953613	4.591800e-05	9.300000e+00
708.883264	201709.105106	4.610600e-05	9.300000e+00
709.909030	200846.579129	4.630400e-05	9.300000e+00
710.933428	200124.809021	4.647100e-05	9.300000e+00
711.957435	199284.290826	4.666700e-05	9.300000e+00
712.981909	198273.105213	4.690500e-05	9.300000e+00
714.006279	197368.421053	4.712000e-05	9.300000e+00
715.030211	196430.457282	4.734500e-05	9.300000e+00
716.054217	195567.144720	4.755400e-05	9.300000e+00
717.078548	194723.618090	4.776000e-05	9.300000e+00
718.102299	194085.606361	4.791700e-05	9.300000e+00
719.126290	193335.135023	4.810300e-05	9.300000e+00
720.150146	192502.742647	4.831100e-05	9.300000e+00
721.174401	191713.048856	4.851000e-05	9.300000e+00
722.198297	190969.013737	4.869900e-05	9.300000e+00
723.222270	190199.607330	4.889600e-05	9.300000e+00
724.246192	189401.653700	4.910200e-05	9.300000e+00
725.270086	188652.453496	4.929700e-05	9.300000e+00
726.295447	187897.767451	4.949500e-05	9.300000e+00
727.319400	187134.032235	4.969700e-05	9.300000e+00
728.343483	186518.521490	4.986100e-05	9.300000e+00
729.367838	185843.891131	5.004200e-05	9.300000e+00
730.392246	185166.749627	5.022500e-05	9.300000e+00
731.416283	184370.167717	5.044200e-05	9.300000e+00
732.440860	183642.036254	5.064200e-05	9.300000e+00
733.465497	183150.183150	5.077800e-05	9.300000e+00
734.488968	182643.021269	5.091900e-05	9.300000e+00
735.511261	181935.559599	5.111700e-05	9.300000e+00
736.534558	181145.305804	5.134000e-05	9.300000e+00
737.558146	180333.908592	5.157100e-05	9.300000e+00
738.583122	179456.997858	5.182300e-05	9.300000e+00
739.606190	178739.597548	5.203100e-05	9.300000e+00
740.630021	178058.587019	5.223000e-05	9.300000e+00
741.654117	177379.362960	5.243000e-05	9.300000e+00
742.678512	176685.158447	5.263600e-05	9.300000e+00
743.702470	175946.421477	5.285700e-05	9.300000e+00
744.727377	175213.836241	5.307800e-05	9.300000e+00
745.751509	174448.050121	5.331100e-05	9.300000e+00
746.775605	173789.546465	5.351300e-05	9.300000e+00
747.799488	173058.672473	5.373900e-05	9.300000e+00
748.823765	172346.694835	5.396100e-05	9.300000e+00
749.848347	171621.546808	5.418900e-05	9.300000e+00
750.871565	170974.739861	5.439400e-05	9.300000e+00
751.895097	170257.949948	5.462300e-05	9.300000e+00
752.919221	169859.911234	5.475100e-05	9.300000e+00
753.944199	169201.659268	5.496400e-05	9.300000e+00
754.969123	168627.948723	5.515100e-05	9.300000e+00
755.992572	168140.152953	5.531100e-05	9.300000e+00
757.016483	167558.510351	5.550300e-05	9.300000e+00
758.040992	166789.217884	5.575900e-05	9.300000e+00
759.065514	166151.537348	5.597300e-05	9.300000e+00
760.089448	165498.095882	5.619400e-05	9.300000e+00
761.113516	164767.996031	5.644300e-05	9.300000e+00
762.137677	164096.411053	5.667400e-05	9.300000e+00
763.162537	163533.735427	5.686900e-05	9.300000e+00
764.186306	162832.230276	5.711400e-05	9.300000e+00
765.210257	162099.979084	5.737200e-05	9.300000e+00
766.235816	161399.489769	5.762100e-05	9.300000e+00
767.260233	160871.821484	5.781000e-05	9.300000e+00
768.284323	160416.738538	5.797400e-05	9.300000e+00
769.307692	159810.289721	5.819400e-05	9.300000e+00
770.331807	159102.184661	5.845300e-05	9.300000e+00
771.355491	158465.103599	5.868800e-05	9.300000e+00
772.380342	157838.461669	5.892100e-05	9.300000e+00
773.404475	157269.929313	5.913400e-05	9.300000e+00
774.428844	156716.040645	5.934300e-05	9.300000e+00
775.453143	156090.028700	5.958100e-05	9.300000e+00
776.477460	155726.724715	5.972000e-05	9.300000e+00
777.501228	155256.172685	5.990100e-05	9.300000e+00
778.525491	154695.764996	6.011800e-05	9.300000e+00
779.549592	154065.336956	6.036400e-05	9.300000e+00
780.573601	153505.876139	6.058400e-05	9.300000e+00
781.597646	152867.498397	6.083700e-05	9.300000e+00
782.621984	152316.687685	6.105700e-05	9.300000e+00
783.645621	151834.255767	6.125100e-05	9.300000e+00
784.669484	151450.998274	6.140600e-05	9.300000e+00
785.693330	150944.621178	6.161200e-05	9.300000e+00
786.717888	150329.755593	6.186400e-05	9.300000e+00
787.741385	149700.598802	6.212400e-05	9.300000e+00
788.765412	149181.905679	6.234000e-05	9.300000e+00
789.789255	148647.784668	6.256400e-05	9.300000e+00
790.813667	148330.090274	6.269800e-05	9.300000e+00
791.838450	147926.641111	6.286900e-05	9.300000e+00
792.861616	147413.137205	6.308800e-05	9.300000e+00
793.885385	146975.156457	6.327600e-05	9.300000e+00
794.910899	146468.225845	6.349500e-05	9.300000e+00
795.934762	146003.736440	6.369700e-05	9.300000e+00
796.958770	145389.738298	6.396600e-05	9.300000e+00
797.982645	144884.637555	6.418900e-05	9.300000e+00
799.007535	144367.345038	6.441900e-05	9.300000e+00
800.031589	143875.988181	6.463900e-05	9.300000e+00
801.055602	143472.022956	6.482100e-05	9.300000e+00
802.079451	143037.312744	6.501800e-05	9.300000e+00
803.103510	142506.895495	6.526000e-05	9.300000e+00
804.127598	142075.834886	6.545800e-05	9.300000e+00
805.151445	141522.354445	6.571400e-05	9.300000e+00
806.175525	141028.751668	6.594400e-05	9.300000e+00
807.199193	140547.075714	6.617000e-05	9.300000e+00
808.221646	140064.459773	6.639800e-05	9.300000e+00
809.245395	139631.253378	6.660400e-05	9.300000e+00
810.268333	139150.731664	6.683400e-05	9.300000e+00
811.293879	138696.255201	6.705300e-05	9.300000e+00
812.318447	138265.290952	6.726200e-05	9.300000e+00
813.342563	137822.697768	6.747800e-05	9.300000e+00
814.366620	137403.226760	6.768400e-05	9.300000e+00
815.391061	136841.175951	6.796200e-05	9.300000e+00
816.414704	136373.634431	6.819500e-05	9.300000e+00
817.438507	135863.610466	6.845100e-05	9.300000e+00
818.462237	135412.571528	6.867900e-05	9.300000e+00
819.485931	135007.621398	6.888500e-05	9.300000e+00
820.510435	134564.185670	6.911200e-05	9.300000e+00
821.535867	134125.587701	6.933800e-05	9.300000e+00
822.559554	133647.572788	6.958600e-05	9.300000e+00
823.583793	133157.698806	6.984200e-05	9.300000e+00
824.608560	132786.955466	7.003700e-05	9.300000e+00
825.632346	132423.927437	7.022900e-05	9.300000e+00
826.655884	132049.752939	7.042800e-05	9.300000e+00
827.681023	131718.716805	7.060500e-05	9.300000e+00
828.704874	131279.908528	7.084100e-05	9.300000e+00
829.730529	130860.584229	7.106800e-05	9.300000e+00
830.754482	130431.123952	7.130200e-05	9.300000e+00
831.778407	129949.976246	7.156600e-05	9.300000e+00
832.802643	129506.621548	7.181100e-05	9.300000e+00
833.826787	129103.907823	7.203500e-05	9.300000e+00
834.850628	128701.909770	7.226000e-05	9.300000e+00
835.874537	128300.637364	7.248600e-05	9.300000e+00
836.899501	127854.383481	7.273900e-05	9.300000e+00
837.923836	127474.093974	7.295600e-05	9.300000e+00
838.947623	127057.859143	7.319500e-05	9.300000e+00
839.970949	126606.403834	7.345600e-05	9.300000e+00
840.995700	126137.612066	7.372900e-05	9.300000e+00
842.019783	125738.544948	7.396300e-05	9.300000e+00
843.043762	125353.821270	7.419000e-05	9.300000e+00
844.068286	125000.000000	7.440000e-05	9.300000e+00
845.091821	124664.879357	7.460000e-05	9.300000e+00
846.116489	124303.300052	7.481700e-05	9.300000e+00
847.140636	123947.115897	7.503200e-05	9.300000e+00
848.164702	123592.967161	7.524700e-05	9.300000e+00
849.188944	123221.241752	7.547400e-05	9.300000e+00
850.214515	122842.009325	7.570700e-05	9.300000e+00
851.238686	122423.189322	7.596600e-05	9.300000e+00
852.262497	122048.845785	7.619900e-05	9.300000e+00
853.287288	121613.139450	7.647200e-05	9.300000e+00
854.311559	121246.887345	7.670300e-05	9.300000e+00
855.335661	120867.124142	7.694400e-05	9.300000e+00
856.359405	120503.783560	7.717600e-05	9.300000e+00
857.383520	120133.309221	7.741400e-05	9.300000e+00
858.408436	119758.936850	7.765600e-05	9.300000e+00
859.431861	119428.285241	7.787100e-05	9.300000e+00
860.456521	119076.580325	7.810100e-05	9.300000e+00
861.481032	118720.878279	7.833500e-05	9.300000e+00
862.505002	118323.621466	7.859800e-05	9.300000e+00
863.528917	118005.329273	7.881000e-05	9.300000e+00
864.552796	117648.547104	7.904900e-05	9.300000e+00
865.577344	117302.792563	7.928200e-05	9.300000e+00
866.601727	116964.948246	7.951100e-05	9.300000e+00
867.625718	116595.413914	7.976300e-05	9.300000e+00
868.649501	116218.040039	8.002200e-05	9.300000e+00
869.673398	115905.182083	8.023800e-05	9.300000e+00
870.697561	115540.867923	8.049100e-05	9.300000e+00
871.721611	115223.074350	8.071300e-05	9.300000e+00
872.745561	114853.099181	8.097300e-05	9.300000e+00
873.769985	114506.636460	8.121800e-05	9.300000e+00
874.793812	114151.047612	8.147100e-05	9.300000e+00
875.817694	113793.483182	8.172700e-05	9.300000e+00
876.841660	113445.070629	8.197800e-05	9.300000e+00
877.867455	113137.309765	8.220100e-05	9.300000e+00
878.891883	112823.001334	8.243000e-05	9.300000e+00
879.915757	112592.162133	8.259900e-05	9.300000e+00
880.939684	112321.553661	8.279800e-05	9.300000e+00
881.964200	112006.359071	8.303100e-05	9.300000e+00
882.992109	111625.897208	8.331400e-05	9.300000e+00
884.016768	111289.280329	8.356600e-05	9.300000e+00
885.040635	110965.278606	8.381000e-05	9.300000e+00
886.065022	110623.416479	8.406900e-05	9.300000e+00
887.090895	110257.504624	8.434800e-05	9.300000e+00
888.115715	109918.683812	8.460800e-05	9.300000e+00
889.139501	109610.352875	8.484600e-05	9.300000e+00
890.162930	109298.608499	8.508800e-05	9.300000e+00
891.187992	108964.369823	8.534900e-05	9.300000e+00
892.211839	108629.631360	8.561200e-05	9.300000e+00
893.235730	108317.124588	8.585900e-05	9.300000e+00
894.259555	108062.885628	8.606100e-05	9.300000e+00
895.283641	107708.700083	8.634400e-05	9.300000e+00
896.308528	107370.462732	8.661600e-05	9.300000e+00
897.332016	107112.006910	8.682500e-05	9.300000e+00
898.355725	106824.107789	8.705900e-05	9.300000e+00
899.380712	106449.951354	8.736500e-05	9.300000e+00
900.405041	106038.493113	8.770400e-05	9.300000e+00
901.428863	105703.439340	8.798200e-05	9.300000e+00
902.452601	105460.112264	8.818500e-05	9.300000e+00
903.476702	105240.525524	8.836900e-05	9.300000e+00
904.500997	104922.323635	8.863700e-05	9.300000e+00
905.524794	104713.220889	8.881400e-05	9.300000e+00
906.548618	104440.401590	8.904600e-05	9.300000e+00
907.573208	104412.260020	8.907000e-05	9.300000e+00
908.597123	104068.752518	8.936400e-05	9.300000e+00
909.621096	103662.750518	8.971400e-05	9.300000e+00
910.645162	103311.523123	9.001900e-05	9.300000e+00
911.669536	102967.227635	9.032000e-05	9.300000e+00
912.694668	102650.139626	9.059900e-05	9.300000e+00
913.718583	102579.940658	9.066100e-05	9.300000e+00
914.742113	102120.370269	9.106900e-05	9.300000e+00
915.766662	101780.613529	9.137300e-05	9.300000e+00
916.794009	101422.090386	9.169600e-05	9.300000e+00
917.817840	101070.477640	9.201500e-05	9.300000e+00
918.842141	100739.842066	9.231700e-05	9.300000e+00
919.867801	100439.558066	9.259300e-05	9.300000e+00
920.893461	100137.824102	9.287200e-05	9.300000e+00
921.918649	99805.754392	9.318100e-05	9.300000e+00
922.941864	99479.071957	9.348700e-05	9.300000e+00
923.966186	99179.899540	9.376900e-05	9.300000e+00
924.990567	98940.380442	9.399600e-05	9.300000e+00
926.014897	98709.348731	9.421600e-05	9.300000e+00
927.038772	98367.938398	9.454300e-05	9.300000e+00
928.063669	98047.484502	9.485200e-05	9.300000e+00
929.087496	97898.858899	9.499600e-05	9.300000e+00
930.111851	97750.683204	9.514000e-05	9.300000e+00
931.135649	97563.022565	9.532300e-05	9.300000e+00
932.159728	97197.980790	9.568100e-05	9.300000e+00
933.183924	96873.990896	9.600100e-05	9.300000e+00
934.208767	96567.192075	9.630600e-05	9.300000e+00
935.232663	96241.410713	9.663200e-05	9.300000e+00
936.257155	95941.568490	9.693400e-05	9.300000e+00
937.281319	95732.196900	9.714600e-05	9.300000e+00
938.305029	95629.820051	9.725000e-05	9.300000e+00
939.328842	95440.411317	9.744300e-05	9.300000e+00
940.352692	95082.302423	9.781000e-05	9.300000e+00
941.376691	94729.765518	9.817400e-05	9.300000e+00
942.400943	94417.202205	9.849900e-05	9.300000e+00
943.424180	94144.800777	9.878400e-05	9.300000e+00
944.448045	93831.345723	9.911400e-05	9.300000e+00
945.472520	93528.435661	9.943500e-05	9.300000e+00
946.497102	93242.430319	9.974000e-05	9.300000e+00
947.521083	93037.214886	9.996000e-05	9.300000e+00
948.545074	92768.079800	1.002500e-04	9.300000e+00
949.569167	92528.106656	1.005100e-04	9.300000e+00
950.593753	92316.855271	1.007400e-04	9.300000e+00
951.618040	92079.207921	1.010000e-04	9.300000e+00
952.641944	91824.644550	1.012800e-04	9.300000e+00
953.665915	91625.615764	1.015000e-04	9.300000e+00
954.689791	91409.475133	1.017400e-04	9.300000e+00
955.713790	91176.470588	1.020000e-04	9.300000e+00
956.737997	90944.650890	1.022600e-04	9.300000e+00
957.762233	90784.849668	1.024400e-04	9.300000e+00
958.786140	90660.947553	1.025800e-04	9.300000e+00
959.809791	90519.758614	1.027400e-04	9.300000e+00
960.833760	90203.685742	1.031000e-04	9.300000e+00
961.857646	90142.483280	1.031700e-04	9.300000e+00
962.881740	89941.972921	1.034000e-04	9.300000e+00
963.905249	89803.012746	1.035600e-04	9.300000e+00
964.929717	89466.089466	1.039500e-04	9.300000e+00
965.954454	89097.528262	1.043800e-04	9.300000e+00
966.978906	88757.396450	1.047800e-04	9.300000e+00
968.003242	88411.445955	1.051900e-04	9.300000e+00
969.026807	88168.373151	1.054800e-04	9.300000e+00
970.051228	87876.783521	1.058300e-04	9.300000e+00
971.074947	87669.683258	1.060800e-04	9.300000e+00
972.099258	87504.704554	1.062800e-04	9.300000e+00
973.122961	87447.108604	1.063500e-04	9.300000e+00
974.147390	87103.118854	1.067700e-04	9.300000e+00
975.171185	86826.626832	1.071100e-04	9.300000e+00
976.195033	86648.653685	1.073300e-04	9.300000e+00
977.218888	86447.295036	1.075800e-04	9.300000e+00
978.243601	86302.895323	1.077600e-04	9.300000e+00
979.268753	86015.538291	1.081200e-04	9.300000e+00
980.293194	85809.189887	1.083800e-04	9.300000e+00
981.318061	85603.829161	1.086400e-04	9.300000e+00
982.342866	85375.929496	1.089300e-04	9.300000e+00
983.367866	85125.858124	1.092500e-04	9.300000e+00
984.392151	84846.273150	1.096100e-04	9.300000e+00
985.416840	84568.518687	1.099700e-04	9.300000e+00
986.443100	84346.091058	1.102600e-04	9.300000e+00
987.467669	84102.007596	1.105800e-04	9.300000e+00
988.492106	83859.332732	1.109000e-04	9.300000e+00
989.516161	83633.093525	1.112000e-04	9.300000e+00
990.540056	83378.160301	1.115400e-04	9.300000e+00
991.564448	83139.638834	1.118600e-04	9.300000e+00
992.588826	82902.478160	1.121800e-04	9.300000e+00
993.613121	82681.365576	1.124800e-04	9.300000e+00
994.637045	82461.429331	1.127800e-04	9.300000e+00
995.661325	82257.208562	1.130600e-04	9.300000e+00
996.686083	82032.283673	1.133700e-04	9.300000e+00
997.710095	81822.980820	1.136600e-04	9.300000e+00
998.734059	81621.906266	1.139400e-04	9.300000e+00
999.758709	81421.817545	1.142200e-04	9.300000e+00
1000.783131	81243.994060	1.144700e-04	9.300000e+00
1001.807174	81074.012728	1.147100e-04	9.300000e+00
1002.831885	80968.135121	1.148600e-04	9.300000e+00
1003.859261	80792.285640	1.151100e-04	9.300000e+00
1004.883302	80610.210627	1.153700e-04	9.300000e+00
1005.908017	80512.509739	1.155100e-04	9.300000e+00
1006.932298	80456.786919	1.155900e-04	9.300000e+00
1007.956964	80241.587575	1.159000e-04	9.300000e+00
1008.981918	80096.460253	1.161100e-04	9.300000e+00
1010.005943	79842.032967	1.164800e-04	9.300000e+00
1011.029085	79630.105317	1.167900e-04	9.300000e+00
1012.053933	79385.403329	1.171500e-04	9.300000e+00
1013.077899	79128.733089	1.175300e-04	9.300000e+00
1014.102479	78833.601763	1.179700e-04	9.300000e+00
1015.125303	78567.204528	1.183700e-04	9.300000e+00
1016.149373	78309.195015	1.187600e-04	9.300000e+00
1017.173950	78079.086559	1.191100e-04	9.300000e+00
1018.198912	77895.971187	1.193900e-04	9.300000e+00
1019.223103	77687.745385	1.197100e-04	9.300000e+00
1020.247173	77519.379845	1.199700e-04	9.300000e+00
1021.271592	77261.776190	1.203700e-04	9.300000e+00
1022.296178	77082.469954	1.206500e-04	9.300000e+00
1023.319485	76903.994046	1.209300e-04	9.300000e+00
1024.343272	76707.357308	1.212400e-04	9.300000e+00
1025.367661	76524.314984	1.215300e-04	9.300000e+00
1026.392174	76423.699564	1.216900e-04	9.300000e+00
1027.416157	76192.036703	1.220600e-04	9.300000e+00
1028.440367	76005.230467	1.223600e-04	9.300000e+00
1029.465012	75776.093865	1.227300e-04	9.300000e+00
1030.489418	75671.277461	1.229000e-04	9.300000e+00
1031.513277	75603.609463	1.230100e-04	9.300000e+00
1032.537287	75395.216863	1.233500e-04	9.300000e+00
1033.561165	75200.129377	1.236700e-04	9.300000e+00
1034.585863	75060.532688	1.239000e-04	9.300000e+00
1035.610143	74800.933001	1.243300e-04	9.300000e+00
1036.634181	74537.148353	1.247700e-04	9.300000e+00
1037.658518	74417.860286	1.249700e-04	9.300000e+00
1038.683319	74150.853133	1.254200e-04	9.300000e+00
1039.706374	73920.991972	1.258100e-04	9.300000e+00
1040.729965	73774.393146	1.260600e-04	9.300000e+00
1041.754958	73552.673205	1.264400e-04	9.300000e+00
1042.780990	73355.418836	1.267800e-04	9.300000e+00
1043.805023	73182.247403	1.270800e-04	9.300000e+00
1044.828386	73027.090695	1.273500e-04	9.300000e+00
1045.852585	72941.176471	1.275000e-04	9.300000e+00
1046.878537	72866.880827	1.276300e-04	9.300000e+00
1047.903346	72758.566734	1.278200e-04	9.300000e+00
1048.927459	72605.199469	1.280900e-04	9.300000e+00
1049.952396	72424.266023	1.284100e-04	9.300000e+00
1050.977630	72322.886694	1.285900e-04	9.300000e+00
1052.002256	72244.232114	1.287300e-04	9.300000e+00
1053.026295	71942.446043	1.292700e-04	9.300000e+00
1054.050321	71604.558054	1.298800e-04	9.300000e+00
1055.074469	71521.956472	1.300300e-04	9.300000e+00
1056.098447	71499.961559	1.300700e-04	9.300000e+00
1057.122251	71226.162212	1.305700e-04	9.300000e+00
1058.146126	71057.457213	1.308800e-04	9.300000e+00
1059.170267	70781.642439	1.313900e-04	9.300000e+00
1060.194261	70550.751024	1.318200e-04	9.300000e+00
1061.218276	70443.872141	1.320200e-04	9.300000e+00
1062.246459	70316.044155	1.322600e-04	9.300000e+00
1063.281089	70167.496605	1.325400e-04	9.300000e+00
1064.308765	70009.033424	1.328400e-04	9.300000e+00
1065.333102	69956.371295	1.329400e-04	9.300000e+00
1066.357286	69746.512674	1.333400e-04	9.300000e+00
1067.381153	69537.909376	1.337400e-04	9.300000e+00
1068.404482	69320.214669	1.341600e-04	9.300000e+00
1069.428594	69032.066508	1.347200e-04	9.300000e+00
1070.452261	68786.982249	1.352000e-04	9.300000e+00
1071.476288	68553.737284	1.356600e-04	9.300000e+00
1072.500134	68367.271925	1.360300e-04	9.300000e+00
1073.525206	68171.822313	1.364200e-04	9.300000e+00
1074.549509	67987.425981	1.367900e-04	9.300000e+00
1075.573114	67843.594981	1.370800e-04	9.300000e+00
1076.596302	67695.443296	1.373800e-04	9.300000e+00
1077.620764	67577.387008	1.376200e-04	9.300000e+00
1078.644554	67484.217401	1.378100e-04	9.300000e+00
1079.669160	67381.538907	1.380200e-04	9.300000e+00
1080.692526	67259.709264	1.382700e-04	9.300000e+00
1081.717249	67080.207732	1.386400e-04	9.300000e+00
1082.741493	66945.004319	1.389200e-04	9.300000e+00
1083.765516	66652.332832	1.395300e-04	9.300000e+00
1084.789435	66447.556445	1.399600e-04	9.300000e+00
1085.813697	66258.193217	1.403600e-04	9.300000e+00
1086.837595	66178.040276	1.405300e-04	9.300000e+00
1087.861395	66037.065966	1.408300e-04	9.300000e+00
1088.885386	65845.369584	1.412400e-04	9.300000e+00
1089.909374	65589.956979	1.417900e-04	9.300000e+00
1090.933502	65414.644440	1.421700e-04	9.300000e+00
1091.957210	65249.421174	1.425300e-04	9.300000e+00
1092.980508	65094.141527	1.428700e-04	9.300000e+00
1094.005115	64925.998324	1.432400e-04	9.300000e+00
1095.029601	64749.704101	1.436300e-04	9.300000e+00
1096.054259	64596.790998	1.439700e-04	9.300000e+00
1097.077517	64426.740561	1.443500e-04	9.300000e+00
1098.102838	64266.463962	1.447100e-04	9.300000e+00
1099.127284	64093.728463	1.451000e-04	9.300000e+00
1100.151330	63935.102434	1.454600e-04	9.300000e+00
1101.175722	63803.512623	1.457600e-04	9.300000e+00
1102.200171	63641.962636	1.461300e-04	9.300000e+00
1103.224691	63507.238459	1.464400e-04	9.300000e+00
1104.248683	63420.621931	1.466400e-04	9.300000e+00
1105.273578	63273.914818	1.469800e-04	9.300000e+00
1106.298476	63093.622795	1.474000e-04	9.300000e+00
1107.322317	62918.611731	1.478100e-04	9.300000e+00
1108.346256	62769.978402	1.481600e-04	9.300000e+00
1109.369463	62605.183440	1.485500e-04	9.300000e+00
1110.393886	62558.859142	1.486600e-04	9.300000e+00
1111.419389	62500.000000	1.488000e-04	9.300000e+00
1112.443330	62466.415905	1.488800e-04	9.300000e+00
1113.467340	62344.975531	1.491700e-04	9.300000e+00
1114.491679	62190.718202	1.495400e-04	9.300000e+00
1115.515704	61975.209916	1.500600e-04	9.300000e+00
1116.539684	61761.190065	1.505800e-04	9.300000e+00
1117.563631	61573.093220	1.510400e-04	9.300000e+00
1118.588134	61414.514957	1.514300e-04	9.300000e+00
1119.613218	61256.751416	1.518200e-04	9.300000e+00
1120.638282	61111.841241	1.521800e-04	9.300000e+00
1121.661597	60943.643512	1.526000e-04	9.300000e+00
1122.686607	60804.184374	1.529500e-04	9.300000e+00
1123.711891	60693.075768	1.532300e-04	9.300000e+00
1124.736490	60554.759734	1.535800e-04	9.300000e+00
1125.760736	60397.454215	1.539800e-04	9.300000e+00
1126.784580	60213.661379	1.544500e-04	9.300000e+00
1127.809221	60089.164567	1.547700e-04	9.300000e+00
1128.833577	59926.541659	1.551900e-04	9.300000e+00
1129.857384	59780.163271	1.555700e-04	9.300000e+00
1130.880594	59695.744271	1.557900e-04	9.300000e+00
1131.905392	59573.377746	1.561100e-04	9.300000e+00
1132.929576	59489.541355	1.563300e-04	9.300000e+00
1133.953522	59318.790662	1.567800e-04	9.300000e+00
1134.977770	59137.733689	1.572600e-04	9.300000e+00
1136.002295	58980.213090	1.576800e-04	9.300000e+00
1137.026401	58879.392213	1.579500e-04	9.300000e+00
1138.050457	58745.499337	1.583100e-04	9.300000e+00
1139.074538	58590.058590	1.587300e-04	9.300000e+00
1140.098790	58457.476900	1.590900e-04	9.300000e+00
1141.123447	58299.899699	1.595200e-04	9.300000e+00
1142.147337	58164.988430	1.598900e-04	9.300000e+00
1143.170426	58085.066517	1.601100e-04	9.300000e+00
1144.194503	58012.600586	1.603100e-04	9.300000e+00
1145.218578	57835.820896	1.608000e-04	9.300000e+00
1146.242663	57728.119181	1.611000e-04	9.300000e+00
1147.266740	57610.109645	1.614300e-04	9.300000e+00
1148.291263	57517.471705	1.616900e-04	9.300000e+00
1149.316347	57347.228217	1.621700e-04	9.300000e+00
1150.340292	57153.392330	1.627200e-04	9.300000e+00
1151.365453	57020.232986	1.631000e-04	9.300000e+00
1152.389937	56859.867938	1.635600e-04	9.300000e+00
1153.414545	56710.775047	1.639900e-04	9.300000e+00
1154.438502	56596.884129	1.643200e-04	9.300000e+00
1155.463409	56469.731010	1.646900e-04	9.300000e+00
1156.486654	56339.734658	1.650700e-04	9.300000e+00
1157.511522	56223.928420	1.654100e-04	9.300000e+00
1158.535607	56111.982623	1.657400e-04	9.300000e+00
1159.559444	56020.721643	1.660100e-04	9.300000e+00
1160.583067	55865.921788	1.664700e-04	9.300000e+00
1161.608661	55688.622754	1.670000e-04	9.300000e+00
1162.632583	55548.918887	1.674200e-04	9.300000e+00
1163.656473	55442.947419	1.677400e-04	9.300000e+00
1164.680034	55327.503123	1.680900e-04	9.300000e+00
1165.703840	55209.260908	1.684500e-04	9.300000e+00
1166.727666	55049.129869	1.689400e-04	9.300000e+00
1167.752658	54915.854739	1.693500e-04	9.300000e+00
1168.779093	54857.547337	1.695300e-04	9.300000e+00
1169.803978	54731.638418	1.699200e-04	9.300000e+00
1170.828537	54577.464789	1.704000e-04	9.300000e+00
1171.852707	54475.164011	1.707200e-04	9.300000e+00
1172.876713	54347.826087	1.711200e-04	9.300000e+00
1173.901490	54278.043656	1.713400e-04	9.300000e+00
1174.925605	54142.166851	1.717700e-04	9.300000e+00
1175.949441	54000.696783	1.722200e-04	9.300000e+00
1176.973456	53872.443955	1.726300e-04	9.300000e+00
1177.997574	53757.225434	1.730000e-04	9.300000e+00
1179.020484	53620.848708	1.734400e-04	9.300000e+00
1180.043761	53546.752649	1.736800e-04	9.300000e+00
1181.068148	53426.782329	1.740700e-04	9.300000e+00
1182.093168	53231.068628	1.747100e-04	9.300000e+00
1183.117743	53097.345133	1.751500e-04	9.300000e+00
1184.141966	52964.291816	1.755900e-04	9.300000e+00
1185.166559	52819.901176	1.760700e-04	9.300000e+00
1186.190843	52697.189483	1.764800e-04	9.300000e+00
1187.215442	52551.279878	1.769700e-04	9.300000e+00
1188.239512	52420.945832	1.774100e-04	9.300000e+00
1189.262851	52276.559865	1.779000e-04	9.300000e+00
1190.287552	52138.812581	1.783700e-04	9.300000e+00
1191.311655	52013.422819	1.788000e-04	9.300000e+00
1192.335621	51894.425534	1.792100e-04	9.300000e+00
1193.360500	51807.698735	1.795100e-04	9.300000e+00
1194.386061	51683.894632	1.799400e-04	9.300000e+00
1195.411690	51549.248933	1.804100e-04	9.300000e+00
1196.435499	51418.145629	1.808700e-04	9.300000e+00
1197.458661	51344.338321	1.811300e-04	9.300000e+00
1198.485931	51265.090127	1.814100e-04	9.300000e+00
1199.511373	51219.915184	1.815700e-04	9.300000e+00
1200.537659	51124.182288	1.819100e-04	9.300000e+00
1201.561556	51037.207771	1.822200e-04	9.300000e+00
1202.584922	50891.977673	1.827400e-04	9.300000e+00
1203.608945	50766.963262	1.831900e-04	9.300000e+00
1204.633617	50653.594771	1.836000e-04	9.300000e+00
1205.657709	50527.002065	1.840600e-04	9.300000e+00
1206.681596	50436.574652	1.843900e-04	9.300000e+00
1207.706376	50387.386899	1.845700e-04	9.300000e+00
1208.730752	50256.687382	1.850500e-04	9.300000e+00
1209.754540	50083.472454	1.856900e-04	9.300000e+00
1210.777862	49927.524561	1.862700e-04	9.300000e+00
1211.802337	49796.530306	1.867600e-04	9.300000e+00
1212.826753	49671.526999	1.872300e-04	9.300000e+00
1213.850603	49547.149707	1.877000e-04	9.300000e+00
1214.874590	49436.529875	1.881200e-04	9.300000e+00
1215.899491	49326.402885	1.885400e-04	9.300000e+00
1216.923753	49211.556778	1.889800e-04	9.300000e+00
1217.947791	49102.428722	1.894000e-04	9.300000e+00
1218.971800	48988.621997	1.898400e-04	9.300000e+00
1219.996525	48890.758070	1.902200e-04	9.300000e+00
1221.020911	48783.046580	1.906400e-04	9.300000e+00
1222.044683	48660.527417	1.911200e-04	9.300000e+00
1223.068833	48556.361928	1.915300e-04	9.300000e+00
1224.093339	48442.546099	1.919800e-04	9.300000e+00
1225.117568	48331.774244	1.924200e-04	9.300000e+00
1226.141048	48211.508554	1.929000e-04	9.300000e+00
1227.165005	48106.765984	1.933200e-04	9.300000e+00
1228.189685	47992.568893	1.937800e-04	9.300000e+00
1229.213705	47886.308635	1.942100e-04	9.300000e+00
1230.237688	47787.883459	1.946100e-04	9.300000e+00
1231.261531	47706.986765	1.949400e-04	9.300000e+00
1232.285330	47572.765870	1.954900e-04	9.300000e+00
1233.308969	47463.509238	1.959400e-04	9.300000e+00
1234.333145	47395.780247	1.962200e-04	9.300000e+00
1235.357152	47321.019692	1.965300e-04	9.300000e+00
1236.381590	47280.122013	1.967000e-04	9.300000e+00
1237.406027	47222.504316	1.969400e-04	9.300000e+00
1238.431708	47110.075477	1.974100e-04	9.300000e+00
1239.455826	47033.834016	1.977300e-04	9.300000e+00
1240.480885	46979.187715	1.979600e-04	9.300000e+00
1241.505104	46846.665323	1.985200e-04	9.300000e+00
1242.529108	46747.763145	1.989400e-04	9.300000e+00
1243.552884	46672.688949	1.992600e-04	9.300000e+00
1244.576839	46509.301860	1.999600e-04	9.300000e+00
1245.600707	46333.200478	2.007200e-04	9.300000e+00
1246.624719	46201.997119	2.012900e-04	9.300000e+00
1247.648082	46144.685918	2.015400e-04	9.300000e+00
1248.671855	46007.717424	2.021400e-04	9.300000e+00
1249.695857	45989.516368	2.022200e-04	9.300000e+00
1250.720657	45828.610851	2.029300e-04	9.300000e+00
1251.744066	45684.531120	2.035700e-04	9.300000e+00
1252.768128	45548.045842	2.041800e-04	9.300000e+00
1253.792101	45419.027154	2.047600e-04	9.300000e+00
1254.816713	45284.121342	2.053700e-04	9.300000e+00
1255.841025	45171.944822	2.058800e-04	9.300000e+00
1256.865150	45060.322690	2.063900e-04	9.300000e+00
1257.889157	44953.596288	2.068800e-04	9.300000e+00
1258.913142	44849.537037	2.073600e-04	9.300000e+00
1259.937047	44743.805629	2.078500e-04	9.300000e+00
1260.960877	44632.144743	2.083700e-04	9.300000e+00
1261.986080	44512.516154	2.089300e-04	9.300000e+00
1263.010956	44423.214712	2.093500e-04	9.300000e+00
1264.034954	44334.270868	2.097700e-04	9.300000e+00
1265.058772	44230.952154	2.102600e-04	9.300000e+00
1266.082215	44140.680621	2.106900e-04	9.300000e+00
1267.107067	44042.432279	2.111600e-04	9.300000e+00
1268.130900	43948.773687	2.116100e-04	9.300000e+00
1269.154864	43855.512591	2.120600e-04	9.300000e+00
1270.179006	43783.249376	2.124100e-04	9.300000e+00
1271.203965	43713.278496	2.127500e-04	9.300000e+00
1272.227983	43631.245602	2.131500e-04	9.300000e+00
1273.251945	43588.301462	2.133600e-04	9.300000e+00
1274.277239	43496.562368	2.138100e-04	9.300000e+00
1275.301928	43376.865672	2.144000e-04	9.300000e+00
1276.325815	43281.984456	2.148700e-04	9.300000e+00
1277.349266	43189.523058	2.153300e-04	9.300000e+00
1278.373467	43149.445553	2.155300e-04	9.300000e+00
1279.398059	43075.497916	2.159000e-04	9.300000e+00
1280.421962	42902.615676	2.167700e-04	9.300000e+00
1281.447061	42831.483443	2.171300e-04	9.300000e+00
1282.472021	42756.654866	2.175100e-04	9.300000e+00
1283.496720	42625.355211	2.181800e-04	9.300000e+00
1284.521075	42525.949975	2.186900e-04	9.300000e+00
1285.545097	42496.801316	2.188400e-04	9.300000e+00
1286.569515	42359.371442	2.195500e-04	9.300000e+00
1287.593189	42274.648848	2.199900e-04	9.300000e+00
1288.617801	42157.751587	2.206000e-04	9.300000e+00
1289.641079	42060.512867	2.211100e-04	9.300000e+00
1290.665565	41939.120631	2.217500e-04	9.300000e+00
1291.690146	41824.069077	2.223600e-04	9.300000e+00
1292.713116	41728.361825	2.228700e-04	9.300000e+00
1293.736970	41629.364369	2.234000e-04	9.300000e+00
1294.760990	41519.710701	2.239900e-04	9.300000e+00
1295.785192	41412.477179	2.245700e-04	9.300000e+00
1296.809886	41342.520560	2.249500e-04	9.300000e+00
1297.833263	41239.856326	2.255100e-04	9.300000e+00
1298.858399	41143.160503	2.260400e-04	9.300000e+00
1299.882845	41075.924208	2.264100e-04	9.300000e+00
1300.906911	40998.060307	2.268400e-04	9.300000e+00
1301.930914	40933.098592	2.272000e-04	9.300000e+00
1302.955505	40803.790804	2.279200e-04	9.300000e+00
1303.979235	40714.473339	2.284200e-04	9.300000e+00
1305.004293	40630.870724	2.288900e-04	9.300000e+00
1306.028338	40597.171294	2.290800e-04	9.300000e+00
1307.052049	40526.407530	2.294800e-04	9.300000e+00
1308.077069	40461.170328	2.298500e-04	9.300000e+00
1309.100987	40341.821021	2.305300e-04	9.300000e+00
1310.125094	40257.997489	2.310100e-04	9.300000e+00
1311.150051	40155.440415	2.316000e-04	9.300000e+00
1312.176701	40044.781261	2.322400e-04	9.300000e+00
1313.201073	39943.306275	2.328300e-04	9.300000e+00
1314.225116	39869.673326	2.332600e-04	9.300000e+00
1315.249009	39780.990675	2.337800e-04	9.300000e+00
1316.273644	39660.539895	2.344900e-04	9.300000e+00
1317.319181	39572.784137	2.350100e-04	9.300000e+00
1318.343337	39503.865432	2.354200e-04	9.300000e+00
1319.367303	39436.858621	2.358200e-04	9.300000e+00
1320.391919	39350.088855	2.363400e-04	9.300000e+00
1321.418067	39276.965960	2.367800e-04	9.300000e+00
1322.443141	39144.709151	2.375800e-04	9.300000e+00
1323.467698	39041.182150	2.382100e-04	9.300000e+00
1324.492056	38954.511184	2.387400e-04	9.300000e+00
1325.516193	38858.479923	2.393300e-04	9.300000e+00
1326.540272	38766.152564	2.399000e-04	9.300000e+00
1327.564215	38685.524126	2.404000e-04	9.300000e+00
1328.588176	38700.012484	2.403100e-04	9.300000e+00
1329.611307	38624.470471	2.407800e-04	9.300000e+00
1330.635029	38522.077707	2.414200e-04	9.300000e+00
1331.659614	38418.639237	2.420700e-04	9.300000e+00
1332.684233	38371.085530	2.423700e-04	9.300000e+00
1333.708049	38288.937379	2.428900e-04	9.300000e+00
1334.733860	38211.849782	2.433800e-04	9.300000e+00
1335.760145	38100.700561	2.440900e-04	9.300000e+00
1336.784301	37993.300106	2.447800e-04	9.300000e+00
1337.808366	37901.944003	2.453700e-04	9.300000e+00
1338.832341	37801.804731	2.460200e-04	9.300000e+00
1339.856786	37693.024764	2.467300e-04	9.300000e+00
1340.880403	37633.538362	2.471200e-04	9.300000e+00
1341.905398	37624.403269	2.471800e-04	9.300000e+00
1342.930153	37530.266344	2.478000e-04	9.300000e+00
1343.954175	37421.535490	2.485200e-04	9.300000e+00
1344.978252	37307.445443	2.492800e-04	9.300000e+00
1346.002987	37280.525936	2.494600e-04	9.300000e+00
1347.026309	37231.274270	2.497900e-04	9.300000e+00
1348.050496	37146.509027	2.503600e-04	9.300000e+00
1349.074466	37097.610595	2.506900e-04	9.300000e+00
1350.099298	36972.250934	2.515400e-04	9.300000e+00
1351.123003	36871.109701	2.522300e-04	9.300000e+00
1352.146300	36766.159320	2.529500e-04	9.300000e+00
1353.170239	36695.075758	2.534400e-04	9.300000e+00
1354.194417	36617.056461	2.539800e-04	9.300000e+00
1355.218357	36526.452221	2.546100e-04	9.300000e+00
1356.242529	36469.158072	2.550100e-04	9.300000e+00
1357.267375	36363.636364	2.557500e-04	9.300000e+00
1358.292355	36260.137243	2.564800e-04	9.300000e+00
1359.316953	36185.362437	2.570100e-04	9.300000e+00
1360.340338	36147.388060	2.572800e-04	9.300000e+00
1361.364207	36084.274240	2.577300e-04	9.300000e+00
1362.388997	36024.171057	2.581600e-04	9.300000e+00
1363.412527	35964.267760	2.585900e-04	9.300000e+00
1364.436421	35883.782845	2.591700e-04	9.300000e+00
1365.460246	35754.104033	2.601100e-04	9.300000e+00
1366.484516	35647.207635	2.608900e-04	9.300000e+00
1367.508295	35572.215422	2.614400e-04	9.300000e+00
1368.532348	35473.166266	2.621700e-04	9.300000e+00
1369.556363	35374.667174	2.629000e-04	9.300000e+00
1370.581068	35308.857588	2.633900e-04	9.300000e+00
1371.605467	35268.686715	2.636900e-04	9.300000e+00
1372.629464	35175.309202	2.643900e-04	9.300000e+00
1373.654975	35102.287310	2.649400e-04	9.300000e+00
1374.680403	34996.613231	2.657400e-04	9.300000e+00
1375.705112	34954.521536	2.660600e-04	9.300000e+00
1376.730181	34916.463300	2.663500e-04	9.300000e+00
1377.754781	34868.026395	2.667200e-04	9.300000e+00
1378.779291	34797.575395	2.672600e-04	9.300000e+00
1379.803146	34678.201208	2.681800e-04	9.300000e+00
1380.827082	34625.265274	2.685900e-04	9.300000e+00
1381.850854	34545.522083	2.692100e-04	9.300000e+00
1382.875346	34457.206373	2.699000e-04	9.300000e+00
1383.900040	34341.420184	2.708100e-04	9.300000e+00
1384.923135	34259.191041	2.714600e-04	9.300000e+00
1385.946276	34168.564920	2.721800e-04	9.300000e+00
1386.970116	34064.686275	2.730100e-04	9.300000e+00
1387.994536	33977.567498	2.737100e-04	9.300000e+00
1389.018609	33884.719085	2.744600e-04	9.300000e+00
1390.043232	33796.060760	2.751800e-04	9.300000e+00
1391.067593	33707.865169	2.759000e-04	9.300000e+00
1392.091227	33627.422621	2.765600e-04	9.300000e+00
1393.115569	33541.313521	2.772700e-04	9.300000e+00
1394.139912	33464.071102	2.779100e-04	9.300000e+00
1395.164356	33401.573106	2.784300e-04	9.300000e+00
1396.188190	33342.894020	2.789200e-04	9.300000e+00
1397.212428	33340.503334	2.789400e-04	9.300000e+00
1398.236893	33292.761509	2.793400e-04	9.300000e+00
1399.260327	33210.727422	2.800300e-04	9.300000e+00
1400.283625	33145.626916	2.805800e-04	9.300000e+00
1401.308096	33051.389580	2.813800e-04	9.300000e+00
1402.331891	32967.032967	2.821000e-04	9.300000e+00
1403.355052	32937.843103	2.823500e-04	9.300000e+00
1404.379686	32893.573374	2.827300e-04	9.300000e+00
1405.403572	32849.422486	2.831100e-04	9.300000e+00
1406.428097	32771.865530	2.837800e-04	9.300000e+00
1407.452458	32669.406681	2.846700e-04	9.300000e+00
1408.476421	32602.979842	2.852500e-04	9.300000e+00
1409.500523	32555.046032	2.856700e-04	9.300000e+00
1410.524976	32438.088594	2.867000e-04	9.300000e+00
1411.549333	32343.326146	2.875400e-04	9.300000e+00
1412.573204	32274.856845	2.881500e-04	9.300000e+00
1413.597456	32194.412712	2.888700e-04	9.300000e+00
1414.621841	32083.347708	2.898700e-04	9.300000e+00
1415.647078	31986.242476	2.907500e-04	9.300000e+00
1416.671300	31902.850674	2.915100e-04	9.300000e+00
1417.695068	31836.231686	2.921200e-04	9.300000e+00
1418.718790	31772.061084	2.927100e-04	9.300000e+00
1419.742526	31720.045022	2.931900e-04	9.300000e+00
1420.766745	31669.277396	2.936600e-04	9.300000e+00
1421.790647	31575.730825	2.945300e-04	9.300000e+00
1422.815099	31533.975315	2.949200e-04	9.300000e+00
1423.839527	31492.330094	2.953100e-04	9.300000e+00
1424.863499	31377.576841	2.963900e-04	9.300000e+00
1425.888239	31268.912649	2.974200e-04	9.300000e+00
1426.912598	31176.667784	2.983000e-04	9.300000e+00
1427.937177	31108.881084	2.989500e-04	9.300000e+00
1428.961558	31035.173196	2.996600e-04	9.300000e+00
1429.986120	30955.630263	3.004300e-04	9.300000e+00
1431.009504	30874.443928	3.012200e-04	9.300000e+00
1432.033304	30811.025709	3.018400e-04	9.300000e+00
1433.057583	30733.641771	3.026000e-04	9.300000e+00
1434.081337	30672.823219	3.032000e-04	9.300000e+00
1435.105577	30592.105263	3.040000e-04	9.300000e+00
1436.129407	30511.811024	3.048000e-04	9.300000e+00
1437.153366	30449.872307	3.054200e-04	9.300000e+00
1438.177704	30388.184551	3.060400e-04	9.300000e+00
1439.201669	30324.768488	3.066800e-04	9.300000e+00
1440.225688	30262.601282	3.073100e-04	9.300000e+00
1441.249554	30171.295095	3.082400e-04	9.300000e+00
1442.273526	30104.881523	3.089200e-04	9.300000e+00
1443.297799	30064.007241	3.093400e-04	9.300000e+00
1444.322374	30001.935609	3.099800e-04	9.300000e+00
1445.346482	29917.004439	3.108600e-04	9.300000e+00
1446.370293	29837.338381	3.116900e-04	9.300000e+00
1447.394280	29763.809768	3.124600e-04	9.300000e+00
1448.418220	29688.747007	3.132500e-04	9.300000e+00
1449.442441	29634.822510	3.138200e-04	9.300000e+00
1450.466337	29570.747218	3.145000e-04	9.300000e+00
1451.490564	29502.268185	3.152300e-04	9.300000e+00
1452.514487	29442.492164	3.158700e-04	9.300000e+00
1453.538391	29378.316907	3.165600e-04	9.300000e+00
1454.562555	29299.643994	3.174100e-04	9.300000e+00
1455.586766	29228.738450	3.181800e-04	9.300000e+00
1456.611198	29167.320056	3.188500e-04	9.300000e+00
1457.635560	29096.142415	3.196300e-04	9.300000e+00
1458.659409	29024.405468	3.204200e-04	9.300000e+00
1459.682605	28973.767836	3.209800e-04	9.300000e+00
1460.707417	28897.243887	3.218300e-04	9.300000e+00
1461.731384	28812.194064	3.227800e-04	9.300000e+00
1462.754620	28732.081068	3.236800e-04	9.300000e+00
1463.778742	28663.009308	3.244600e-04	9.300000e+00
1464.803423	28593.389700	3.252500e-04	9.300000e+00
1465.827439	28527.607362	3.260000e-04	9.300000e+00
1466.851543	28450.807636	3.268800e-04	9.300000e+00
1467.876368	28393.478659	3.275400e-04	9.300000e+00
1468.900368	28327.749010	3.283000e-04	9.300000e+00
1469.924522	28264.040846	3.290400e-04	9.300000e+00
1470.948506	28204.039546	3.297400e-04	9.300000e+00
1471.973644	28146.847856	3.304100e-04	9.300000e+00
1472.997616	28068.692844	3.313300e-04	9.300000e+00
1474.021722	28002.770167	3.321100e-04	9.300000e+00
1475.046533	27944.711538	3.328000e-04	9.300000e+00
1476.070629	27884.384745	3.335200e-04	9.300000e+00
1477.095605	27803.521779	3.344900e-04	9.300000e+00
1478.121802	27719.821162	3.355000e-04	9.300000e+00
1479.145435	27639.908461	3.364700e-04	9.300000e+00
1480.169562	27577.617650	3.372300e-04	9.300000e+00
1481.193803	27492.831170	3.382700e-04	9.300000e+00
1482.218424	27425.538189	3.391000e-04	9.300000e+00
1483.242876	27357.769018	3.399400e-04	9.300000e+00
1484.266726	27295.139704	3.407200e-04	9.300000e+00
1485.290998	27231.201687	3.415200e-04	9.300000e+00
1486.315454	27171.531247	3.422700e-04	9.300000e+00
1487.338826	27106.590108	3.430900e-04	9.300000e+00
1488.362755	27072.659525	3.435200e-04	9.300000e+00
1489.387304	27042.744984	3.439000e-04	9.300000e+00
1490.411894	26979.982594	3.447000e-04	9.300000e+00
1491.435588	26909.722222	3.456000e-04	9.300000e+00
1492.459803	26835.954408	3.465500e-04	9.300000e+00
1493.484381	26758.739750	3.475500e-04	9.300000e+00
1494.508852	26698.053626	3.483400e-04	9.300000e+00
1495.532418	26629.252090	3.492400e-04	9.300000e+00
1496.555750	26567.633195	3.500500e-04	9.300000e+00
1497.580843	26501.011598	3.509300e-04	9.300000e+00
1498.604613	26478.375993	3.512300e-04	9.300000e+00
1499.627877	26424.958800	3.519400e-04	9.300000e+00
1500.652370	26379.236988	3.525500e-04	9.300000e+00
1501.675630	26293.469042	3.537000e-04	9.300000e+00
1502.699637	26196.445171	3.550100e-04	9.300000e+00
1503.723398	26164.017443	3.554500e-04	9.300000e+00
1504.747635	26098.669810	3.563400e-04	9.300000e+00
1505.771743	26030.004478	3.572800e-04	9.300000e+00
1506.796774	25954.454119	3.583200e-04	9.300000e+00
1507.820802	25916.843161	3.588400e-04	9.300000e+00
1508.844881	25850.567045	3.597600e-04	9.300000e+00
1509.868938	25765.341460	3.609500e-04	9.300000e+00
1510.893920	25682.803568	3.621100e-04	9.300000e+00
1511.917583	25610.662848	3.631300e-04	9.300000e+00
1512.941446	25568.416133	3.637300e-04	9.300000e+00
1513.965251	25534.017901	3.642200e-04	9.300000e+00
1514.989652	25448.774081	3.654400e-04	9.300000e+00
1516.013666	25377.247797	3.664700e-04	9.300000e+00
1517.038636	25339.908994	3.670100e-04	9.300000e+00
1518.062856	25281.357038	3.678600e-04	9.300000e+00
1519.087734	25231.971350	3.685800e-04	9.300000e+00
1520.111829	25149.409124	3.697900e-04	9.300000e+00
1521.135791	25093.764334	3.706100e-04	9.300000e+00
1522.159986	25037.017095	3.714500e-04	9.300000e+00
1523.183932	24974.488426	3.723800e-04	9.300000e+00
1524.209540	24914.273468	3.732800e-04	9.300000e+00
1525.234004	24858.998690	3.741100e-04	9.300000e+00
1526.257982	24817.868866	3.747300e-04	9.300000e+00
1527.284012	24745.888989	3.758200e-04	9.300000e+00
1528.308977	24709.070620	3.763800e-04	9.300000e+00
1529.332871	24639.677830	3.774400e-04	9.300000e+00
1530.357037	24568.726389	3.785300e-04	9.300000e+00
1531.381383	24500.118549	3.795900e-04	9.300000e+00
1532.405781	24431.250985	3.806600e-04	9.300000e+00
1533.429011	24361.493124	3.817500e-04	9.300000e+00
1534.453610	24290.863501	3.828600e-04	9.300000e+00
1535.478726	24217.488672	3.840200e-04	9.300000e+00
1536.502822	24147.063406	3.851400e-04	9.300000e+00
1537.526808	24078.293289	3.862400e-04	9.300000e+00
1538.550782	24017.354475	3.872200e-04	9.300000e+00
1539.575037	23962.278735	3.881100e-04	9.300000e+00
1540.599051	23889.645252	3.892900e-04	9.300000e+00
1541.622882	23827.214266	3.903100e-04	9.300000e+00
1542.647617	23758.430411	3.914400e-04	9.300000e+00
1543.671159	23723.279425	3.920200e-04	9.300000e+00
1544.695934	23665.928697	3.929700e-04	9.300000e+00
1545.719871	23592.683731	3.941900e-04	9.300000e+00
1546.743741	23519.890746	3.954100e-04	9.300000e+00
1547.767593	23456.416465	3.964800e-04	9.300000e+00
1548.790940	23400.347231	3.974300e-04	9.300000e+00
1549.815488	23338.687011	3.984800e-04	9.300000e+00
1550.838801	23292.508829	3.992700e-04	9.300000e+00
1551.863568	23226.193152	4.004100e-04	9.300000e+00
1552.888730	23161.407616	4.015300e-04	9.300000e+00
1553.912604	23115.927620	4.023200e-04	9.300000e+00
1554.936034	23047.755942	4.035100e-04	9.300000e+00
1555.960200	22994.758184	4.044400e-04	9.300000e+00
1556.985037	22953.328233	4.051700e-04	9.300000e+00
1558.009121	22905.275602	4.060200e-04	9.300000e+00
1559.033039	22847.877358	4.070400e-04	9.300000e+00
1560.058416	22806.415224	4.077800e-04	9.300000e+00
1561.082957	22769.004774	4.084500e-04	9.300000e+00
1562.106969	22714.505532	4.094300e-04	9.300000e+00
1563.131884	22647.574518	4.106400e-04	9.300000e+00
1564.155758	22564.600267	4.121500e-04	9.300000e+00
1565.179720	22502.903600	4.132800e-04	9.300000e+00
1566.203735	22442.084942	4.144000e-04	9.300000e+00
1567.227960	22367.060295	4.157900e-04	9.300000e+00
1568.252268	22319.285783	4.166800e-04	9.300000e+00
1569.275840	22268.515193	4.176300e-04	9.300000e+00
1570.299848	22193.585338	4.190400e-04	9.300000e+00
1571.323576	22123.367510	4.203700e-04	9.300000e+00
1572.348372	22063.010059	4.215200e-04	9.300000e+00
1573.372663	22011.313342	4.225100e-04	9.300000e+00
1574.396920	21946.902655	4.237500e-04	9.300000e+00
1575.421754	21883.897687	4.249700e-04	9.300000e+00
1576.445377	21835.086401	4.259200e-04	9.300000e+00
1577.469715	21794.150731	4.267200e-04	9.300000e+00
1578.494036	21732.018507	4.279400e-04	9.300000e+00
1579.518189	21661.658864	4.293300e-04	9.300000e+00
1580.542993	21593.758707	4.306800e-04	9.300000e+00
1581.566976	21523.791890	4.320800e-04	9.300000e+00
1582.591931	21462.694145	4.333100e-04	9.300000e+00
1583.615980	21403.912543	4.345000e-04	9.300000e+00
1584.639798	21338.105727	4.358400e-04	9.300000e+00
1585.665186	21280.490595	4.370200e-04	9.300000e+00
1586.690837	21226.576587	4.381300e-04	9.300000e+00
1587.714814	21179.685721	4.391000e-04	9.300000e+00
1588.738890	21119.084386	4.403600e-04	9.300000e+00
1589.763178	21065.984099	4.414700e-04	9.300000e+00
1590.787970	21021.699819	4.424000e-04	9.300000e+00
1591.812900	20968.614719	4.435200e-04	9.300000e+00
1592.837007	20917.208340	4.446100e-04	9.300000e+00
1593.861748	20874.015218	4.455300e-04	9.300000e+00
1594.886006	20826.801630	4.465400e-04	9.300000e+00
1595.910932	20777.015706	4.476100e-04	9.300000e+00
1596.935849	20735.323627	4.485100e-04	9.300000e+00
1597.960318	20716.385993	4.489200e-04	9.300000e+00
1598.984123	20690.575776	4.494800e-04	9.300000e+00
1600.008116	20649.229539	4.503800e-04	9.300000e+00
1601.031939	20604.852110	4.513500e-04	9.300000e+00
1602.055726	20574.766045	4.520100e-04	9.300000e+00
1603.079789	20538.869258	4.528000e-04	9.300000e+00
1604.104862	20513.499206	4.533600e-04	9.300000e+00
1605.128864	20489.094514	4.539000e-04	9.300000e+00
1606.152774	20458.895220	4.545700e-04	9.300000e+00
1607.176120	20419.813806	4.554400e-04	9.300000e+00
1608.200225	20371.506177	4.565200e-04	9.300000e+00
1609.224699	20343.432134	4.571500e-04	9.300000e+00
1610.248339	20296.370660	4.582100e-04	9.300000e+00
1611.271869	20246.881327	4.593300e-04	9.300000e+00
1612.296877	20219.589086	4.599500e-04	9.300000e+00
1613.320214	20200.264993	4.603900e-04	9.300000e+00
1614.344734	20174.848689	4.609700e-04	9.300000e+00
1615.368834	20133.792297	4.619100e-04	9.300000e+00
1616.392251	20102.457688	4.626300e-04	9.300000e+00
1617.416133	20079.020662	4.631700e-04	9.300000e+00
1618.440114	20050.017247	4.638400e-04	9.300000e+00
1619.463965	20013.342228	4.646900e-04	9.300000e+00
1620.489180	19979.805358	4.654700e-04	9.300000e+00
1621.513019	19949.375778	4.661800e-04	9.300000e+00
1622.538029	19930.991620	4.666100e-04	9.300000e+00
1623.562280	19909.657254	4.671100e-04	9.300000e+00
1624.587241	19883.691097	4.677200e-04	9.300000e+00
1625.611270	19854.401059	4.684100e-04	9.300000e+00
1626.635255	19825.197186	4.691000e-04	9.300000e+00
1627.659601	19794.815036	4.698200e-04	9.300000e+00
1628.684248	19764.105834	4.705500e-04	9.300000e+00
1629.708244	19731.817025	4.713200e-04	9.300000e+00
1630.732195	19707.147549	4.719100e-04	9.300000e+00
1631.757295	19673.379590	4.727200e-04	9.300000e+00
1632.782325	19652.177588	4.732300e-04	9.300000e+00
1633.806146	19627.706724	4.738200e-04	9.300000e+00
1634.830079	19608.256552	4.742900e-04	9.300000e+00
1635.854003	19581.420811	4.749400e-04	9.300000e+00
1636.878170	19569.883422	4.752200e-04	9.300000e+00
1637.902140	19569.059843	4.752400e-04	9.300000e+00
1638.927161	19568.236334	4.752600e-04	9.300000e+00
1639.951780	19564.531398	4.753500e-04	9.300000e+00
1640.976214	19548.903790	4.757300e-04	9.300000e+00
1642.000170	19530.019530	4.761900e-04	9.300000e+00
1643.024082	19503.397366	4.768400e-04	9.300000e+00
1644.048149	19489.909257	4.771700e-04	9.300000e+00
1645.072257	19463.803604	4.778100e-04	9.300000e+00
1646.096023	19437.361535	4.784600e-04	9.300000e+00
1647.120260	19416.259552	4.789800e-04	9.300000e+00
1648.145218	19394.394394	4.795200e-04	9.300000e+00
1649.170221	19380.248817	4.798700e-04	9.300000e+00
1650.194009	19342.762063	4.808000e-04	9.300000e+00
1651.218883	19323.470745	4.812800e-04	9.300000e+00
1652.242731	19304.217868	4.817600e-04	9.300000e+00
1653.266949	19268.221937	4.826600e-04	9.300000e+00
1654.292217	19248.680534	4.831500e-04	9.300000e+00
1655.316079	19223.216685	4.837900e-04	9.300000e+00
1656.340075	19200.991019	4.843500e-04	9.300000e+00
1657.364154	19187.917801	4.846800e-04	9.300000e+00
1658.388254	19194.254107	4.845200e-04	9.300000e+00
1659.412185	19187.521921	4.846900e-04	9.300000e+00
1660.436186	19183.959734	4.847800e-04	9.300000e+00
1661.461254	19182.772633	4.848100e-04	9.300000e+00
1662.486320	19180.003300	4.848800e-04	9.300000e+00
1663.511153	19168.933960	4.851600e-04	9.300000e+00
1664.535118	19164.983720	4.852600e-04	9.300000e+00
1665.560438	19162.614358	4.853200e-04	9.300000e+00
1666.584992	19127.537484	4.862100e-04	9.300000e+00
1667.608349	19102.392934	4.868500e-04	9.300000e+00
1668.632998	19081.228585	4.873900e-04	9.300000e+00
1669.657873	19070.663987	4.876600e-04	9.300000e+00
1670.682301	19054.643801	4.880700e-04	9.300000e+00
1671.706313	19033.195530	4.886200e-04	9.300000e+00
1672.731050	19015.682827	4.890700e-04	9.300000e+00
1673.755673	19002.472365	4.894100e-04	9.300000e+00
1674.780177	18989.667987	4.897400e-04	9.300000e+00
1675.804275	18992.770494	4.896600e-04	9.300000e+00
1676.828363	18993.158378	4.896500e-04	9.300000e+00
1677.852846	18979.979183	4.899900e-04	9.300000e+00
1678.876338	18977.655341	4.900500e-04	9.300000e+00
1679.900373	18976.106429	4.900900e-04	9.300000e+00
1680.924403	18981.528727	4.899500e-04	9.300000e+00
1681.949018	18967.978788	4.903000e-04	9.300000e+00
1682.975225	18966.818265	4.903300e-04	9.300000e+00
1684.000251	18971.848225	4.902000e-04	9.300000e+00
1685.023685	18967.978788	4.903000e-04	9.300000e+00
1686.047595	18969.913310	4.902500e-04	9.300000e+00
1687.071042	18953.289313	4.906800e-04	9.300000e+00
1688.096084	18923.978512	4.914400e-04	9.300000e+00
1689.120076	18906.666125	4.918900e-04	9.300000e+00
1690.144209	18898.981894	4.920900e-04	9.300000e+00
1691.168466	18889.385384	4.923400e-04	9.300000e+00
1692.193416	18870.221573	4.928400e-04	9.300000e+00
1693.217574	18857.977127	4.931600e-04	9.300000e+00
1694.241990	18843.839280	4.935300e-04	9.300000e+00
1695.267758	18836.969071	4.937100e-04	9.300000e+00
1696.292421	18827.054275	4.939700e-04	9.300000e+00
1697.316437	18812.201634	4.943600e-04	9.300000e+00
1698.340367	18805.354471	4.945400e-04	9.300000e+00
1699.365560	18798.132315	4.947300e-04	9.300000e+00
1700.390071	18792.814274	4.948700e-04	9.300000e+00
1701.413403	18794.713229	4.948200e-04	9.300000e+00
1702.437251	18782.187216	4.951500e-04	9.300000e+00
1703.461298	18786.740198	4.950300e-04	9.300000e+00
1704.485228	18795.472918	4.948000e-04	9.300000e+00
1705.509153	18802.312887	4.946200e-04	9.300000e+00
1706.533119	18790.536035	4.949300e-04	9.300000e+00
1707.556614	18790.536035	4.949300e-04	9.300000e+00
1708.582231	18792.434530	4.948800e-04	9.300000e+00
1709.607060	18791.295387	4.949100e-04	9.300000e+00
1710.630435	18803.453365	4.945900e-04	9.300000e+00
1711.655090	18787.499242	4.950100e-04	9.300000e+00
1712.679629	18779.911553	4.952100e-04	9.300000e+00
1713.703166	18776.120006	4.953100e-04	9.300000e+00
1714.727326	18770.056714	4.954700e-04	9.300000e+00
1715.751605	18750.378032	4.959900e-04	9.300000e+00
1716.775298	18733.381678	4.964400e-04	9.300000e+00
1717.799216	18723.198647	4.967100e-04	9.300000e+00
1718.822567	18707.004063	4.971400e-04	9.300000e+00
1719.846689	18704.746581	4.972000e-04	9.300000e+00
1720.871199	18693.467337	4.975000e-04	9.300000e+00
1721.896520	18683.702989	4.977600e-04	9.300000e+00
1722.920450	18668.326073	4.981700e-04	9.300000e+00
1723.944831	18665.328650	4.982500e-04	9.300000e+00
1724.969497	18662.706694	4.983200e-04	9.300000e+00
1725.993222	18665.328650	4.982500e-04	9.300000e+00
1727.017328	18684.078353	4.977500e-04	9.300000e+00
1728.047101	18672.449103	4.980600e-04	9.300000e+00
1729.072663	18678.824640	4.978900e-04	9.300000e+00
1730.099912	18675.448813	4.979800e-04	9.300000e+00
1731.125456	18668.700819	4.981600e-04	9.300000e+00
1732.149649	18658.587966	4.984300e-04	9.300000e+00
1733.174626	18641.010222	4.989000e-04	9.300000e+00
1734.199412	18638.395094	4.989700e-04	9.300000e+00
1735.223649	18642.131217	4.988700e-04	9.300000e+00
1736.247511	18631.300585	4.991600e-04	9.300000e+00
1737.271162	18620.482531	4.994500e-04	9.300000e+00
1738.296168	18616.382417	4.995600e-04	9.300000e+00
1739.320636	18631.673846	4.991500e-04	9.300000e+00
1740.344487	18630.927339	4.991700e-04	9.300000e+00
1741.368394	18619.364139	4.994800e-04	9.300000e+00
1742.393446	18596.652603	5.000900e-04	9.300000e+00
1743.418450	18594.793458	5.001400e-04	9.300000e+00
1744.443217	18600.744030	4.999800e-04	9.300000e+00
1745.466690	18601.488119	4.999600e-04	9.300000e+00
1746.491834	18609.304652	4.997500e-04	9.300000e+00
1747.517203	18605.581675	4.998500e-04	9.300000e+00
1748.541713	18584.760496	5.004100e-04	9.300000e+00
1749.566241	18567.321514	5.008800e-04	9.300000e+00
1750.592331	18562.874251	5.010000e-04	9.300000e+00
1751.617052	18557.688470	5.011400e-04	9.300000e+00
1752.641299	18563.615314	5.009800e-04	9.300000e+00
1753.664738	18577.706752	5.006000e-04	9.300000e+00
1754.688854	18567.321514	5.008800e-04	9.300000e+00
1755.713096	18546.215974	5.014500e-04	9.300000e+00
1756.737610	18533.280191	5.018000e-04	9.300000e+00
1757.761422	18525.158360	5.020200e-04	9.300000e+00
1758.785155	18519.624828	5.021700e-04	9.300000e+00
1759.810299	18514.463180	5.023100e-04	9.300000e+00
1760.834688	18513.726037	5.023300e-04	9.300000e+00
1761.858726	18531.064440	5.018600e-04	9.300000e+00
1762.882615	18528.480067	5.019300e-04	9.300000e+00
1763.907170	18515.569005	5.022800e-04	9.300000e+00
1764.931667	18510.409617	5.024200e-04	9.300000e+00
1765.955339	18495.684340	5.028200e-04	9.300000e+00
1766.978722	18485.758015	5.030900e-04	9.300000e+00
1768.003089	18476.576469	5.033400e-04	9.300000e+00
1769.027521	18466.670638	5.036100e-04	9.300000e+00
1770.051239	18469.604592	5.035300e-04	9.300000e+00
1771.074567	18493.109825	5.028900e-04	9.300000e+00
1772.099169	18500.099463	5.027000e-04	9.300000e+00
1773.123412	18491.638995	5.029300e-04	9.300000e+00
1774.146641	18477.677773	5.033100e-04	9.300000e+00
1775.170267	18465.204011	5.036500e-04	9.300000e+00
1776.194975	18467.770761	5.035800e-04	9.300000e+00
1777.219569	18478.044904	5.033000e-04	9.300000e+00
1778.243456	18482.818928	5.031700e-04	9.300000e+00
1779.267520	18479.146383	5.032700e-04	9.300000e+00
1780.293606	18476.209397	5.033500e-04	9.300000e+00
1781.320740	18467.404039	5.035900e-04	9.300000e+00
1782.344749	18475.842339	5.033600e-04	9.300000e+00
1783.368450	18471.071918	5.034900e-04	9.300000e+00
1784.395100	18476.576469	5.033400e-04	9.300000e+00
1785.420291	18455.676609	5.039100e-04	9.300000e+00
1786.445379	18461.171987	5.037600e-04	9.300000e+00
1787.469420	18460.805526	5.037700e-04	9.300000e+00
1788.492735	18459.706233	5.038000e-04	9.300000e+00
1789.517101	18435.920309	5.044500e-04	9.300000e+00
1790.541548	18417.300380	5.049600e-04	9.300000e+00
1791.565654	18414.018414	5.050500e-04	9.300000e+00
1792.589580	18410.008710	5.051600e-04	9.300000e+00
1793.615266	18411.102093	5.051300e-04	9.300000e+00
1794.642289	18411.831086	5.051100e-04	9.300000e+00
1795.668412	18415.112273	5.050200e-04	9.300000e+00
1796.691774	18410.373156	5.051500e-04	9.300000e+00
1797.718282	18396.534330	5.055300e-04	9.300000e+00
1798.742897	18397.626113	5.055000e-04	9.300000e+00
1799.767360	18392.168496	5.056500e-04	9.300000e+00
1800.792577	18391.804770	5.056600e-04	9.300000e+00
1801.816643	18387.441180	5.057800e-04	9.300000e+00
1802.845105	18395.806547	5.055500e-04	9.300000e+00
1803.870265	18387.804733	5.057700e-04	9.300000e+00
1804.895693	18398.354040	5.054800e-04	9.300000e+00
1805.920341	18401.630424	5.053900e-04	9.300000e+00
1806.943829	18389.622716	5.057200e-04	9.300000e+00
1807.968329	18369.281820	5.062800e-04	9.300000e+00
1808.995434	18354.780137	5.066800e-04	9.300000e+00
1810.019502	18343.557072	5.069900e-04	9.300000e+00
1811.043641	18339.577993	5.071000e-04	9.300000e+00
1812.067739	18338.131482	5.071400e-04	9.300000e+00
1813.091775	18334.154756	5.072500e-04	9.300000e+00
1814.116483	18315.739720	5.077600e-04	9.300000e+00
1815.141504	18308.888670	5.079500e-04	9.300000e+00
1816.166676	18304.924615	5.080600e-04	9.300000e+00
1817.192103	18303.843807	5.080900e-04	9.300000e+00
1818.217542	18302.402928	5.081300e-04	9.300000e+00
1819.244185	18297.721639	5.082600e-04	9.300000e+00
1820.270520	18303.843807	5.080900e-04	9.300000e+00
1821.296258	18302.042744	5.081400e-04	9.300000e+00
1822.320514	18303.843807	5.080900e-04	9.300000e+00
1823.344771	18302.763127	5.081200e-04	9.300000e+00
1824.369484	18303.123339	5.081100e-04	9.300000e+00
1825.392832	18301.682574	5.081500e-04	9.300000e+00
1826.417375	18296.281723	5.083000e-04	9.300000e+00
1827.441558	18290.164611	5.084700e-04	9.300000e+00
1828.465255	18290.164611	5.084700e-04	9.300000e+00
1829.489601	18293.402573	5.083800e-04	9.300000e+00
1830.514005	18295.561851	5.083200e-04	9.300000e+00
1831.538589	18304.204062	5.080800e-04	9.300000e+00
1832.562655	18299.161780	5.082200e-04	9.300000e+00
1833.586804	18290.884059	5.084500e-04	9.300000e+00
1834.610872	18308.167805	5.079700e-04	9.300000e+00
1835.634512	18320.430235	5.076300e-04	9.300000e+00
1836.658575	18321.152066	5.076100e-04	9.300000e+00
1837.682604	18309.249124	5.079400e-04	9.300000e+00
1838.707602	18312.133265	5.078600e-04	9.300000e+00
1839.731373	18303.123339	5.081100e-04	9.300000e+00
1840.755462	18297.001653	5.082800e-04	9.300000e+00
1841.778822	18306.726246	5.080100e-04	9.300000e+00
1842.803018	18298.801724	5.082300e-04	9.300000e+00
1843.826863	18293.762417	5.083700e-04	9.300000e+00
1844.851188	18293.762417	5.083700e-04	9.300000e+00
1845.874517	18302.402928	5.081300e-04	9.300000e+00
1846.899262	18323.317900	5.075500e-04	9.300000e+00
1847.923746	18323.317900	5.075500e-04	9.300000e+00
1848.947676	18304.564332	5.080700e-04	9.300000e+00
1849.971412	18308.888670	5.079500e-04	9.300000e+00
1850.995725	18309.609592	5.079300e-04	9.300000e+00
1852.020661	18314.296967	5.078000e-04	9.300000e+00
1853.044532	18309.609592	5.079300e-04	9.300000e+00
1854.068051	18299.521851	5.082100e-04	9.300000e+00
1855.092435	18291.603564	5.084300e-04	9.300000e+00
1856.116410	18291.603564	5.084300e-04	9.300000e+00
1857.141327	18285.849112	5.085900e-04	9.300000e+00
1858.166954	18281.535649	5.087100e-04	9.300000e+00
1859.192345	18270.401949	5.090200e-04	9.300000e+00
1860.217571	18264.660827	5.091800e-04	9.300000e+00
1861.241861	18260.715899	5.092900e-04	9.300000e+00
1862.265559	18256.414283	5.094100e-04	9.300000e+00
1863.290516	18249.965659	5.095900e-04	9.300000e+00
1864.315730	18244.595284	5.097400e-04	9.300000e+00
1865.340844	18242.805861	5.097900e-04	9.300000e+00
1866.364845	18238.155005	5.099200e-04	9.300000e+00
1867.389119	18232.434128	5.100800e-04	9.300000e+00
1868.413699	18228.145825	5.102000e-04	9.300000e+00
1869.438751	18228.145825	5.102000e-04	9.300000e+00
1870.462825	18227.788558	5.102100e-04	9.300000e+00
1871.486852	18234.221516	5.100300e-04	9.300000e+00
1872.511914	18230.289724	5.101400e-04	9.300000e+00
1873.535877	18231.004470	5.101200e-04	9.300000e+00
1874.559843	18242.448019	5.098000e-04	9.300000e+00
1875.583831	18238.512679	5.099100e-04	9.300000e+00
1876.608238	18220.646147	5.104100e-04	9.300000e+00
1877.632734	18211.012767	5.106800e-04	9.300000e+00
1878.656065	18209.586466	5.107200e-04	9.300000e+00
1879.679855	18210.656171	5.106900e-04	9.300000e+00
1880.704383	18208.873399	5.107400e-04	9.300000e+00
1881.729701	18204.596171	5.108600e-04	9.300000e+00
1882.753955	18204.239826	5.108700e-04	9.300000e+00
1883.777765	18202.814586	5.109100e-04	9.300000e+00
1884.802633	18199.252461	5.110100e-04	9.300000e+00
1885.826907	18198.896325	5.110200e-04	9.300000e+00
1886.850639	18199.252461	5.110100e-04	9.300000e+00
1887.873983	18213.152638	5.106200e-04	9.300000e+00
1888.898080	18205.308903	5.108400e-04	9.300000e+00
1889.921857	18214.222762	5.105900e-04	9.300000e+00
1890.945199	18232.076692	5.100900e-04	9.300000e+00
1891.968985	18235.294118	5.100000e-04	9.300000e+00
1892.993511	18219.575268	5.104400e-04	9.300000e+00
1894.017907	18213.866040	5.106000e-04	9.300000e+00
1895.041617	18228.145825	5.102000e-04	9.300000e+00
1896.065677	18232.791578	5.100700e-04	9.300000e+00
1897.089677	18227.074065	5.102300e-04	9.300000e+00
1898.114187	18224.930922	5.102900e-04	9.300000e+00
1899.139074	18217.433888	5.105000e-04	9.300000e+00
1900.163485	18213.866040	5.106000e-04	9.300000e+00
1901.188096	18205.665290	5.108300e-04	9.300000e+00
1902.212401	18202.814586	5.109100e-04	9.300000e+00
1903.236871	18192.488263	5.112000e-04	9.300000e+00
1904.260988	18184.662313	5.114200e-04	9.300000e+00
1905.285082	18183.595659	5.114500e-04	9.300000e+00
1906.308919	18176.843093	5.116400e-04	9.300000e+00
1907.332755	18180.751862	5.115300e-04	9.300000e+00
1908.358808	18182.529131	5.114800e-04	9.300000e+00
1909.383100	18188.574446	5.113100e-04	9.300000e+00
1910.408620	18182.173650	5.114900e-04	9.300000e+00
1911.432962	18186.440347	5.113700e-04	9.300000e+00
1912.456699	18179.330297	5.115700e-04	9.300000e+00
1913.479604	18176.843093	5.116400e-04	9.300000e+00
1914.504361	18178.264269	5.116000e-04	9.300000e+00
1915.529777	18172.580897	5.117600e-04	9.300000e+00
1916.553071	18161.224809	5.120800e-04	9.300000e+00
1917.576950	18153.780085	5.122900e-04	9.300000e+00
1918.601558	18148.112011	5.124500e-04	9.300000e+00
1919.626143	18143.509306	5.125800e-04	9.300000e+00
1920.650130	18137.493905	5.127500e-04	9.300000e+00
1921.674143	18135.371775	5.128100e-04	9.300000e+00
1922.698376	18136.786473	5.127700e-04	9.300000e+00
1923.722980	18141.739656	5.126300e-04	9.300000e+00
1924.747282	18164.417274	5.119900e-04	9.300000e+00
1925.771077	18158.033465	5.121700e-04	9.300000e+00
1926.795571	18155.197657	5.122500e-04	9.300000e+00
1927.820027	18152.008432	5.123400e-04	9.300000e+00
1928.844055	18162.288839	5.120500e-04	9.300000e+00
1929.867628	18164.417274	5.119900e-04	9.300000e+00
1930.891909	18172.225805	5.117700e-04	9.300000e+00
1931.916029	18170.095540	5.118300e-04	9.300000e+00
1932.940092	18157.324430	5.121900e-04	9.300000e+00
1933.964036	18149.174505	5.124200e-04	9.300000e+00
1934.989536	18138.555157	5.127200e-04	9.300000e+00
1936.014812	18132.543040	5.128900e-04	9.300000e+00
1937.039980	18139.262727	5.127000e-04	9.300000e+00
1938.063865	18145.279301	5.125300e-04	9.300000e+00
1939.088349	18136.432778	5.127800e-04	9.300000e+00
1940.112167	18126.888218	5.130500e-04	9.300000e+00
1941.136198	18128.654971	5.130000e-04	9.300000e+00
1942.159968	18123.002572	5.131600e-04	9.300000e+00
1943.183886	18114.177753	5.134100e-04	9.300000e+00
1944.207943	18106.771543	5.136200e-04	9.300000e+00
1945.232112	18106.419018	5.136300e-04	9.300000e+00
1946.256695	18100.780475	5.137900e-04	9.300000e+00
1947.280084	18098.314716	5.138600e-04	9.300000e+00
1948.304294	18094.793369	5.139600e-04	9.300000e+00
1949.328825	18094.089264	5.139800e-04	9.300000e+00
1950.352265	18095.145442	5.139500e-04	9.300000e+00
1951.376459	18094.793369	5.139600e-04	9.300000e+00
1952.400218	18107.476636	5.136000e-04	9.300000e+00
1953.424213	18108.181783	5.135800e-04	9.300000e+00
1954.449115	18110.650231	5.135100e-04	9.300000e+00
1955.473053	18116.647836	5.133400e-04	9.300000e+00
1956.496889	18117.706649	5.133100e-04	9.300000e+00
1957.520987	18120.883831	5.132200e-04	9.300000e+00
1958.544871	18118.059614	5.133000e-04	9.300000e+00
1959.568447	18114.177753	5.134100e-04	9.300000e+00
1960.592096	18118.765586	5.132800e-04	9.300000e+00
1961.616071	18111.708343	5.134800e-04	9.300000e+00
1962.640104	18105.714008	5.136500e-04	9.300000e+00
1963.664438	18091.977278	5.140400e-04	9.300000e+00
1964.688786	18089.865785	5.141000e-04	9.300000e+00
1965.713916	18087.051227	5.141800e-04	9.300000e+00
1966.737330	18081.424738	5.143400e-04	9.300000e+00
1967.761590	18081.776291	5.143300e-04	9.300000e+00
1968.785866	18077.909960	5.144400e-04	9.300000e+00
1969.810171	18075.450429	5.145100e-04	9.300000e+00
1970.834067	18074.396548	5.145400e-04	9.300000e+00
1971.858351	18073.342791	5.145700e-04	9.300000e+00
1972.882169	18074.045282	5.145500e-04	9.300000e+00
1973.906349	18072.991566	5.145800e-04	9.300000e+00
1974.930126	18072.640354	5.145900e-04	9.300000e+00
1975.953895	18078.612807	5.144200e-04	9.300000e+00
1976.977833	18103.599307	5.137100e-04	9.300000e+00
1978.000744	18095.145442	5.139500e-04	9.300000e+00
1979.024378	18099.371387	5.138300e-04	9.300000e+00
1980.048667	18096.906013	5.139000e-04	9.300000e+00
1981.072722	18100.780475	5.137900e-04	9.300000e+00
1982.095659	18106.771543	5.136200e-04	9.300000e+00
1983.121101	18097.962520	5.138700e-04	9.300000e+00
1984.145651	18090.921470	5.140700e-04	9.300000e+00
1985.170139	18079.667179	5.143900e-04	9.300000e+00
1986.194176	18065.969929	5.147800e-04	9.300000e+00
1987.218183	18058.953746	5.149800e-04	9.300000e+00
1988.242377	18054.746651	5.151000e-04	9.300000e+00
1989.266263	18051.592616	5.151900e-04	9.300000e+00
1990.290108	18047.388950	5.153100e-04	9.300000e+00
1991.313719	18047.388950	5.153100e-04	9.300000e+00
1992.337921	18044.587594	5.153900e-04	9.300000e+00
1993.361844	18047.388950	5.153100e-04	9.300000e+00
1994.385377	18050.541516	5.152200e-04	9.300000e+00
1995.409033	18044.937716	5.153800e-04	9.300000e+00
1996.433379	18065.969929	5.147800e-04	9.300000e+00
1997.456966	18077.909960	5.144400e-04	9.300000e+00
1998.480621	18089.865785	5.141000e-04	9.300000e+00
1999.504453	18095.497529	5.139400e-04	9.300000e+00
2000.528416	18096.201743	5.139200e-04	9.300000e+00
2001.553095	18109.944891	5.135300e-04	9.300000e+00
2002.576859	18111.708343	5.134800e-04	9.300000e+00
2003.600933	18103.599307	5.137100e-04	9.300000e+00
2004.624385	18097.962520	5.138700e-04	9.300000e+00
