Time	SourceV	Current	Voltage
1.031580	5480453.050786	1.642200e-06	9.000000e+00
2.511449	4547751.389591	1.979000e-06	9.000000e+00
3.541989	4202661.685734	2.141500e-06	9.000000e+00
4.572074	3899142.188718	2.308200e-06	9.000000e+00
5.599494	3619108.894965	2.486800e-06	9.000000e+00
6.629984	3354453.969437	2.683000e-06	9.000000e+00
7.654302	3142348.381691	2.864100e-06	9.000000e+00
8.679242	2966087.730284	3.034300e-06	9.000000e+00
9.703264	2824415.502903	3.186500e-06	9.000000e+00
10.728407	2693965.517241	3.340800e-06	9.000000e+00
11.753854	2576876.825288	3.492600e-06	9.000000e+00
12.778937	2476950.598596	3.633500e-06	9.000000e+00
13.802321	2392535.289896	3.761700e-06	9.000000e+00
14.848049	2316721.581549	3.884800e-06	9.000000e+00
15.873367	2254565.495128	3.991900e-06	9.000000e+00
16.897176	2203236.309334	4.084900e-06	9.000000e+00
17.920959	2156980.227681	4.172500e-06	9.000000e+00
18.946215	2116004.043919	4.253300e-06	9.000000e+00
19.971296	2081935.737584	4.322900e-06	9.000000e+00
20.995892	2052123.948286	4.385700e-06	9.000000e+00
22.019545	2023199.352576	4.448400e-06	9.000000e+00
23.044643	2003472.685989	4.492200e-06	9.000000e+00
24.069399	1985089.770171	4.533800e-06	9.000000e+00
25.093114	1970227.670753	4.568000e-06	9.000000e+00
26.117065	1956053.987090	4.601100e-06	9.000000e+00
27.140983	1938986.556360	4.641600e-06	9.000000e+00
28.165150	1931786.473202	4.658900e-06	9.000000e+00
29.189935	1923981.358758	4.677800e-06	9.000000e+00
30.213385	1912614.756885	4.705600e-06	9.000000e+00
31.237947	1911842.804036	4.707500e-06	9.000000e+00
32.262038	1915831.151415	4.697700e-06	9.000000e+00
33.286345	1919713.322810	4.688200e-06	9.000000e+00
34.310237	1921147.565479	4.684700e-06	9.000000e+00
35.334833	1917790.705108	4.692900e-06	9.000000e+00
36.359026	1908437.413855	4.715900e-06	9.000000e+00
37.383167	1902426.650884	4.730800e-06	9.000000e+00
38.407295	1902024.599518	4.731800e-06	9.000000e+00
39.431728	1899375.316563	4.738400e-06	9.000000e+00
40.456194	1902104.996196	4.731600e-06	9.000000e+00
41.480176	1897333.192790	4.743500e-06	9.000000e+00
42.504328	1875000.000000	4.800000e-06	9.000000e+00
43.529020	1865053.050398	4.825600e-06	9.000000e+00
44.556457	1853644.470990	4.855300e-06	9.000000e+00
45.582199	1841582.942850	4.887100e-06	9.000000e+00
46.606305	1843695.585373	4.881500e-06	9.000000e+00
47.631402	1836847.153907	4.899700e-06	9.000000e+00
48.655268	1849112.426036	4.867200e-06	9.000000e+00
49.679455	1844300.088117	4.879900e-06	9.000000e+00
50.703250	1825668.904802	4.929700e-06	9.000000e+00
51.727262	1818990.258297	4.947800e-06	9.000000e+00
52.751324	1810719.459198	4.970400e-06	9.000000e+00
53.775432	1806938.644394	4.980800e-06	9.000000e+00
54.799357	1801982.180398	4.994500e-06	9.000000e+00
55.823080	1793686.224490	5.017600e-06	9.000000e+00
56.847568	1782425.286673	5.049300e-06	9.000000e+00
57.873309	1775428.075436	5.069200e-06	9.000000e+00
58.897236	1770503.413137	5.083300e-06	9.000000e+00
59.921229	1762494.125020	5.106400e-06	9.000000e+00
60.945535	1759668.400266	5.114600e-06	9.000000e+00
61.969983	1757743.838131	5.120200e-06	9.000000e+00
62.993492	1754591.180255	5.129400e-06	9.000000e+00
64.017324	1747742.499272	5.149500e-06	9.000000e+00
65.041966	1739365.711304	5.174300e-06	9.000000e+00
66.066270	1733202.380265	5.192700e-06	9.000000e+00
67.092156	1727812.014053	5.208900e-06	9.000000e+00
68.116495	1719296.234741	5.234700e-06	9.000000e+00
69.140558	1713013.190202	5.253900e-06	9.000000e+00
70.164375	1708752.610594	5.267000e-06	9.000000e+00
71.189517	1704061.346208	5.281500e-06	9.000000e+00
72.213493	1696928.559308	5.303700e-06	9.000000e+00
73.236231	1689442.859288	5.327200e-06	9.000000e+00
74.260260	1681488.677976	5.352400e-06	9.000000e+00
75.285378	1676445.934619	5.368500e-06	9.000000e+00
76.309428	1672458.327913	5.381300e-06	9.000000e+00
77.333612	1667315.066970	5.397900e-06	9.000000e+00
78.357515	1659751.037344	5.422500e-06	9.000000e+00
79.382994	1655020.228025	5.438000e-06	9.000000e+00
80.406291	1648593.200469	5.459200e-06	9.000000e+00
81.431080	1646301.309724	5.466800e-06	9.000000e+00
82.454331	1642245.862453	5.480300e-06	9.000000e+00
83.490520	1636363.636364	5.500000e-06	9.000000e+00
84.514367	1631883.374735	5.515100e-06	9.000000e+00
85.537489	1632356.942051	5.513500e-06	9.000000e+00
86.561434	1638657.757224	5.492300e-06	9.000000e+00
87.586314	1640001.457779	5.487800e-06	9.000000e+00
88.611489	1641377.297928	5.483200e-06	9.000000e+00
89.635510	1627633.601591	5.529500e-06	9.000000e+00
90.659447	1613047.764137	5.579500e-06	9.000000e+00
91.684101	1604077.922541	5.610700e-06	9.000000e+00
92.709029	1611401.561269	5.585200e-06	9.000000e+00
93.733256	1618122.977346	5.562000e-06	9.000000e+00
94.757303	1601622.977951	5.619300e-06	9.000000e+00
95.781826	1605050.559093	5.607300e-06	9.000000e+00
96.806959	1595009.392833	5.642600e-06	9.000000e+00
97.832768	1588366.100738	5.666200e-06	9.000000e+00
98.855330	1596848.884867	5.636100e-06	9.000000e+00
99.879126	1597103.918228	5.635200e-06	9.000000e+00
100.903163	1571640.618179	5.726500e-06	9.000000e+00
101.927580	1556366.403237	5.782700e-06	9.000000e+00
102.950541	1544136.570301	5.828500e-06	9.000000e+00
103.975018	1534579.184286	5.864800e-06	9.000000e+00
105.000303	1537672.988211	5.853000e-06	9.000000e+00
106.025550	1523538.672490	5.907300e-06	9.000000e+00
107.049419	1515636.314646	5.938100e-06	9.000000e+00
108.073521	1509231.465799	5.963300e-06	9.000000e+00
109.098654	1503407.724175	5.986400e-06	9.000000e+00
110.123519	1500300.060012	5.998800e-06	9.000000e+00
111.147444	1491597.335013	6.033800e-06	9.000000e+00
112.171514	1484634.037710	6.062100e-06	9.000000e+00
113.196992	1478123.768230	6.088800e-06	9.000000e+00
114.220461	1470179.852002	6.121700e-06	9.000000e+00
115.244332	1464343.242056	6.146100e-06	9.000000e+00
116.268243	1457088.736704	6.176700e-06	9.000000e+00
117.293076	1450864.070157	6.203200e-06	9.000000e+00
118.318270	1451706.561714	6.199600e-06	9.000000e+00
119.341583	1446015.424165	6.224000e-06	9.000000e+00
120.365470	1442353.921600	6.239800e-06	9.000000e+00
121.390165	1436025.082571	6.267300e-06	9.000000e+00
122.415231	1433212.306516	6.279600e-06	9.000000e+00
123.439186	1433486.238532	6.278400e-06	9.000000e+00
124.462534	1426759.670260	6.308000e-06	9.000000e+00
125.487187	1418976.444991	6.342600e-06	9.000000e+00
126.511642	1412185.592569	6.373100e-06	9.000000e+00
127.536200	1406601.650413	6.398400e-06	9.000000e+00
128.559671	1399536.597882	6.430700e-06	9.000000e+00
129.584294	1395457.012171	6.449500e-06	9.000000e+00
130.608765	1389596.553801	6.476700e-06	9.000000e+00
131.632672	1385361.348418	6.496500e-06	9.000000e+00
132.656987	1384977.609529	6.498300e-06	9.000000e+00
133.681209	1378613.115206	6.528300e-06	9.000000e+00
134.705510	1372369.624886	6.558000e-06	9.000000e+00
135.730371	1366721.841734	6.585100e-06	9.000000e+00
136.753834	1362542.200960	6.605300e-06	9.000000e+00
137.778847	1359660.387050	6.619300e-06	9.000000e+00
138.806617	1354340.661821	6.645300e-06	9.000000e+00
139.832623	1350459.156113	6.664400e-06	9.000000e+00
140.856296	1347285.220281	6.680100e-06	9.000000e+00
141.879787	1342141.759995	6.705700e-06	9.000000e+00
142.903742	1337931.854671	6.726800e-06	9.000000e+00
143.928569	1333313.580540	6.750100e-06	9.000000e+00
144.953671	1330082.021725	6.766500e-06	9.000000e+00
145.977796	1325166.382001	6.791600e-06	9.000000e+00
147.002147	1323860.376859	6.798300e-06	9.000000e+00
148.026367	1321877.065433	6.808500e-06	9.000000e+00
149.049850	1318700.640302	6.824900e-06	9.000000e+00
150.073557	1312603.914477	6.856600e-06	9.000000e+00
151.097695	1307816.382580	6.881700e-06	9.000000e+00
152.121562	1303497.718879	6.904500e-06	9.000000e+00
153.145666	1298364.061283	6.931800e-06	9.000000e+00
154.169461	1292342.154765	6.964100e-06	9.000000e+00
155.193728	1286909.272896	6.993500e-06	9.000000e+00
156.217576	1281430.646126	7.023400e-06	9.000000e+00
157.241562	1277646.858408	7.044200e-06	9.000000e+00
158.266395	1271545.634360	7.078000e-06	9.000000e+00
159.291028	1268731.409561	7.093700e-06	9.000000e+00
160.315651	1265591.382729	7.111300e-06	9.000000e+00
161.340564	1264560.003372	7.117100e-06	9.000000e+00
162.363329	1257158.821064	7.159000e-06	9.000000e+00
163.387263	1256298.943313	7.163900e-06	9.000000e+00
164.411287	1257106.141662	7.159300e-06	9.000000e+00
165.434779	1270145.925654	7.085800e-06	9.000000e+00
166.457810	1262590.836396	7.128200e-06	9.000000e+00
167.483558	1258899.721643	7.149100e-06	9.000000e+00
168.509625	1254687.652479	7.173100e-06	9.000000e+00
169.533945	1258283.701032	7.152600e-06	9.000000e+00
170.557579	1260645.450471	7.139200e-06	9.000000e+00
171.583608	1251268.647379	7.192700e-06	9.000000e+00
172.609986	1244864.932155	7.229700e-06	9.000000e+00
173.635434	1235160.914019	7.286500e-06	9.000000e+00
174.659606	1228585.079517	7.325500e-06	9.000000e+00
175.683926	1222128.676570	7.364200e-06	9.000000e+00
176.708386	1216742.375081	7.396800e-06	9.000000e+00
177.733531	1212611.156023	7.422000e-06	9.000000e+00
178.757507	1206822.570264	7.457600e-06	9.000000e+00
179.780822	1200352.103284	7.497800e-06	9.000000e+00
180.806126	1196378.959682	7.522700e-06	9.000000e+00
181.830652	1191800.413157	7.551600e-06	9.000000e+00
182.855352	1188275.679958	7.574000e-06	9.000000e+00
183.878791	1185739.506205	7.590200e-06	9.000000e+00
184.902751	1182561.164691	7.610600e-06	9.000000e+00
185.926537	1177902.548196	7.640700e-06	9.000000e+00
186.950882	1175487.174129	7.656400e-06	9.000000e+00
187.974808	1171341.185658	7.683500e-06	9.000000e+00
188.998492	1168603.518795	7.701500e-06	9.000000e+00
190.023548	1165908.825930	7.719300e-06	9.000000e+00
191.048529	1163903.473605	7.732600e-06	9.000000e+00
192.072645	1160197.491395	7.757300e-06	9.000000e+00
193.097619	1156916.432070	7.779300e-06	9.000000e+00
194.123219	1152590.126145	7.808500e-06	9.000000e+00
195.147671	1149954.001840	7.826400e-06	9.000000e+00
196.171788	1147110.555966	7.845800e-06	9.000000e+00
197.195931	1145140.152431	7.859300e-06	9.000000e+00
198.221107	1143161.986053	7.872900e-06	9.000000e+00
199.245746	1138519.924099	7.905000e-06	9.000000e+00
200.270486	1134487.148782	7.933100e-06	9.000000e+00
201.293822	1129801.657042	7.966000e-06	9.000000e+00
202.319296	1125056.252813	7.999600e-06	9.000000e+00
203.343584	1121663.052419	8.023800e-06	9.000000e+00
204.366847	1118721.177392	8.044900e-06	9.000000e+00
205.390650	1114979.125113	8.071900e-06	9.000000e+00
206.414734	1113999.257334	8.079000e-06	9.000000e+00
207.438852	1112897.242488	8.087000e-06	9.000000e+00
208.462831	1111440.426793	8.097600e-06	9.000000e+00
209.486703	1108647.450111	8.118000e-06	9.000000e+00
210.511389	1105664.688755	8.139900e-06	9.000000e+00
211.535944	1103590.347263	8.155200e-06	9.000000e+00
212.559614	1100513.573001	8.178000e-06	9.000000e+00
213.583000	1096785.200712	8.205800e-06	9.000000e+00
214.607805	1093281.179772	8.232100e-06	9.000000e+00
215.633036	1089219.150893	8.262800e-06	9.000000e+00
216.659075	1087140.337738	8.278600e-06	9.000000e+00
217.683620	1084311.221416	8.300200e-06	9.000000e+00
218.707015	1081834.791807	8.319200e-06	9.000000e+00
219.731037	1077805.587823	8.350300e-06	9.000000e+00
220.756919	1073947.233393	8.380300e-06	9.000000e+00
221.780576	1070460.059946	8.407600e-06	9.000000e+00
222.804843	1067197.894063	8.433300e-06	9.000000e+00
223.830182	1062297.868322	8.472200e-06	9.000000e+00
224.855675	1059197.363775	8.497000e-06	9.000000e+00
225.879016	1056313.232084	8.520200e-06	9.000000e+00
226.903116	1053013.373270	8.546900e-06	9.000000e+00
227.927572	1051770.480309	8.557000e-06	9.000000e+00
228.953796	1049379.117356	8.576500e-06	9.000000e+00
229.977757	1047925.108286	8.588400e-06	9.000000e+00
231.001799	1046389.954656	8.601000e-06	9.000000e+00
232.026593	1044556.121679	8.616100e-06	9.000000e+00
233.050952	1041570.224979	8.640800e-06	9.000000e+00
234.075760	1039332.979190	8.659400e-06	9.000000e+00
235.099713	1038625.321685	8.665300e-06	9.000000e+00
236.123905	1036520.056663	8.682900e-06	9.000000e+00
237.147698	1034161.811851	8.702700e-06	9.000000e+00
238.172668	1031837.932655	8.722300e-06	9.000000e+00
239.195935	1027197.918212	8.761700e-06	9.000000e+00
240.220835	1023041.160356	8.797300e-06	9.000000e+00
241.244830	1020211.523856	8.821700e-06	9.000000e+00
242.268065	1017972.876678	8.841100e-06	9.000000e+00
243.291996	1015102.468955	8.866100e-06	9.000000e+00
244.316352	1012943.162634	8.885000e-06	9.000000e+00
245.340093	1010350.479355	8.907800e-06	9.000000e+00
246.365861	1007387.508395	8.934000e-06	9.000000e+00
247.389771	1004453.075300	8.960100e-06	9.000000e+00
248.414432	1001903.616872	8.982900e-06	9.000000e+00
249.439657	997871.208089	9.019200e-06	9.000000e+00
250.464740	994694.960212	9.048000e-06	9.000000e+00
251.488643	992369.779032	9.069200e-06	9.000000e+00
252.512213	990643.918547	9.085000e-06	9.000000e+00
253.537767	988120.594629	9.108200e-06	9.000000e+00
254.562674	986171.681532	9.126200e-06	9.000000e+00
255.585919	983778.584233	9.148400e-06	9.000000e+00
256.609977	981536.213233	9.169300e-06	9.000000e+00
257.633715	979080.317222	9.192300e-06	9.000000e+00
258.658047	977188.086991	9.210100e-06	9.000000e+00
259.681681	974943.940723	9.231300e-06	9.000000e+00
260.706114	974078.683911	9.239500e-06	9.000000e+00
261.731479	971114.731810	9.267700e-06	9.000000e+00
262.756569	969388.854182	9.284200e-06	9.000000e+00
263.780012	967721.124277	9.300200e-06	9.000000e+00
264.804070	964557.857395	9.330700e-06	9.000000e+00
265.828148	960563.530605	9.369500e-06	9.000000e+00
266.853099	957823.824271	9.396300e-06	9.000000e+00
267.876923	954795.726759	9.426100e-06	9.000000e+00
268.900889	951665.944105	9.457100e-06	9.000000e+00
269.925319	949727.744713	9.476400e-06	9.000000e+00
270.949947	946760.501152	9.506100e-06	9.000000e+00
271.973865	943495.125275	9.539000e-06	9.000000e+00
272.997898	941688.552206	9.557300e-06	9.000000e+00
274.022320	939457.202505	9.580000e-06	9.000000e+00
275.045889	937138.811083	9.603700e-06	9.000000e+00
276.069871	934783.286075	9.627900e-06	9.000000e+00
277.093841	934045.975819	9.635500e-06	9.000000e+00
278.118047	933823.071655	9.637800e-06	9.000000e+00
279.141735	930184.486590	9.675500e-06	9.000000e+00
280.165900	927127.758205	9.707400e-06	9.000000e+00
281.190912	925764.012467	9.721700e-06	9.000000e+00
282.215581	923342.087984	9.747200e-06	9.000000e+00
283.239097	921781.701609	9.763700e-06	9.000000e+00
284.262946	920292.448489	9.779500e-06	9.000000e+00
285.286804	917141.372247	9.813100e-06	9.000000e+00
286.311060	914151.058384	9.845200e-06	9.000000e+00
287.335995	911069.494356	9.878500e-06	9.000000e+00
288.360737	908402.725208	9.907500e-06	9.000000e+00
289.384689	905377.944993	9.940600e-06	9.000000e+00
290.408861	902445.627651	9.972900e-06	9.000000e+00
291.432915	901984.365604	9.978000e-06	9.000000e+00
292.457728	899370.440692	1.000700e-05	9.000000e+00
293.481162	896682.275580	1.003700e-05	9.000000e+00
294.506145	895166.103044	1.005400e-05	9.000000e+00
295.529786	892237.533459	1.008700e-05	9.000000e+00
296.556416	890824.507572	1.010300e-05	9.000000e+00
297.580201	889855.645640	1.011400e-05	9.000000e+00
298.605313	887661.505079	1.013900e-05	9.000000e+00
299.630959	886088.411933	1.015700e-05	9.000000e+00
300.655167	884520.884521	1.017500e-05	9.000000e+00
301.679047	882525.985487	1.019800e-05	9.000000e+00
302.702859	880453.922911	1.022200e-05	9.000000e+00
303.727054	877620.672843	1.025500e-05	9.000000e+00
304.751161	875230.963727	1.028300e-05	9.000000e+00
305.774783	873023.571636	1.030900e-05	9.000000e+00
306.798106	870743.034056	1.033600e-05	9.000000e+00
307.822792	868139.288126	1.036700e-05	9.000000e+00
308.847822	865135.057195	1.040300e-05	9.000000e+00
309.871857	862068.965517	1.044000e-05	9.000000e+00
310.895280	859927.383910	1.046600e-05	9.000000e+00
311.920102	857632.933105	1.049400e-05	9.000000e+00
312.944316	854944.428612	1.052700e-05	9.000000e+00
313.968303	851708.148008	1.056700e-05	9.000000e+00
314.992269	849858.356941	1.059000e-05	9.000000e+00
316.016941	848336.318220	1.060900e-05	9.000000e+00
317.041314	845387.939132	1.064600e-05	9.000000e+00
318.065211	843328.335832	1.067200e-05	9.000000e+00
319.089072	841908.325538	1.069000e-05	9.000000e+00
320.113857	839787.253896	1.071700e-05	9.000000e+00
321.139010	837209.302326	1.075000e-05	9.000000e+00
322.163812	835809.806835	1.076800e-05	9.000000e+00
323.187187	833333.333333	1.080000e-05	9.000000e+00
324.211497	831408.775982	1.082500e-05	9.000000e+00
325.236962	828958.275767	1.085700e-05	9.000000e+00
326.264528	826825.907212	1.088500e-05	9.000000e+00
327.288962	824175.824176	1.092000e-05	9.000000e+00
328.333044	821767.713660	1.095200e-05	9.000000e+00
329.358083	819448.238186	1.098300e-05	9.000000e+00
330.382018	816548.720740	1.102200e-05	9.000000e+00
331.406074	814553.353245	1.104900e-05	9.000000e+00
332.432098	812127.774770	1.108200e-05	9.000000e+00
333.456311	809935.205184	1.111200e-05	9.000000e+00
334.480444	808480.057492	1.113200e-05	9.000000e+00
335.504425	806379.356688	1.116100e-05	9.000000e+00
336.528506	804073.974806	1.119300e-05	9.000000e+00
337.553194	801424.755120	1.123000e-05	9.000000e+00
338.576978	798792.935120	1.126700e-05	9.000000e+00
339.600947	796178.343949	1.130400e-05	9.000000e+00
340.625954	794561.666814	1.132700e-05	9.000000e+00
341.650076	793161.187979	1.134700e-05	9.000000e+00
342.673996	791626.352362	1.136900e-05	9.000000e+00
343.697235	790583.274772	1.138400e-05	9.000000e+00
344.722935	786782.061369	1.143900e-05	9.000000e+00
345.747484	784724.038713	1.146900e-05	9.000000e+00
346.771466	782132.614930	1.150700e-05	9.000000e+00
347.795937	779963.601699	1.153900e-05	9.000000e+00
348.821396	777806.585429	1.157100e-05	9.000000e+00
349.846303	776531.492666	1.159000e-05	9.000000e+00
350.870126	774260.151411	1.162400e-05	9.000000e+00
351.894189	772267.032778	1.165400e-05	9.000000e+00
352.918657	770152.319014	1.168600e-05	9.000000e+00
353.942158	768836.494106	1.170600e-05	9.000000e+00
354.966160	766609.880750	1.174000e-05	9.000000e+00
355.990012	764525.993884	1.177200e-05	9.000000e+00
357.014049	762001.524003	1.181100e-05	9.000000e+00
358.038312	760006.755616	1.184200e-05	9.000000e+00
359.062308	757958.564932	1.187400e-05	9.000000e+00
360.086357	755984.880302	1.190500e-05	9.000000e+00
361.110954	753201.104695	1.194900e-05	9.000000e+00
362.136070	755160.261789	1.191800e-05	9.000000e+00
363.161008	752634.219769	1.195800e-05	9.000000e+00
364.185428	749875.020830	1.200200e-05	9.000000e+00
365.209396	747260.046496	1.204400e-05	9.000000e+00
366.233400	745033.112583	1.208000e-05	9.000000e+00
367.258953	743003.384793	1.211300e-05	9.000000e+00
368.283182	741411.977922	1.213900e-05	9.000000e+00
369.307404	739037.608803	1.217800e-05	9.000000e+00
370.332683	736557.819789	1.221900e-05	9.000000e+00
371.358003	734513.996572	1.225300e-05	9.000000e+00
372.381940	731826.313222	1.229800e-05	9.000000e+00
373.405317	730400.908943	1.232200e-05	9.000000e+00
374.430041	728037.534380	1.236200e-05	9.000000e+00
375.454281	726978.998384	1.238000e-05	9.000000e+00
376.477490	724812.756705	1.241700e-05	9.000000e+00
377.501217	722195.474242	1.246200e-05	9.000000e+00
378.526231	719769.673704	1.250400e-05	9.000000e+00
379.550541	717760.586969	1.253900e-05	9.000000e+00
380.574503	715591.953566	1.257700e-05	9.000000e+00
381.598905	713832.487310	1.260800e-05	9.000000e+00
382.625671	711518.697130	1.264900e-05	9.000000e+00
383.650444	709387.562071	1.268700e-05	9.000000e+00
384.675133	707213.578501	1.272600e-05	9.000000e+00
385.698545	705605.644845	1.275500e-05	9.000000e+00
386.722544	703289.833555	1.279700e-05	9.000000e+00
387.746449	702850.449043	1.280500e-05	9.000000e+00
388.771195	699518.109747	1.286600e-05	9.000000e+00
389.794530	699355.039242	1.286900e-05	9.000000e+00
390.818688	695948.035880	1.293200e-05	9.000000e+00
391.842411	694444.444444	1.296000e-05	9.000000e+00
392.867371	692893.987220	1.298900e-05	9.000000e+00
393.891347	690184.049080	1.304000e-05	9.000000e+00
394.915308	687757.909216	1.308600e-05	9.000000e+00
395.939028	685400.959561	1.313100e-05	9.000000e+00
396.963746	682801.001441	1.318100e-05	9.000000e+00
397.987471	680272.108844	1.323000e-05	9.000000e+00
399.011336	677915.034649	1.327600e-05	9.000000e+00
400.035495	675574.238102	1.332200e-05	9.000000e+00
401.060427	673904.904530	1.335500e-05	9.000000e+00
402.084391	671441.360788	1.340400e-05	9.000000e+00
403.109056	669194.735668	1.344900e-05	9.000000e+00
404.134119	667853.962600	1.347600e-05	9.000000e+00
405.158350	665828.216320	1.351700e-05	9.000000e+00
406.182163	664746.288500	1.353900e-05	9.000000e+00
407.206216	662836.942112	1.357800e-05	9.000000e+00
408.231991	660792.951542	1.362000e-05	9.000000e+00
409.256480	659388.966225	1.364900e-05	9.000000e+00
410.280466	657414.170928	1.369000e-05	9.000000e+00
411.304369	655403.437227	1.373200e-05	9.000000e+00
412.329228	653073.071620	1.378100e-05	9.000000e+00
413.354445	651324.359531	1.381800e-05	9.000000e+00
414.378714	648742.161032	1.387300e-05	9.000000e+00
415.402737	646087.580761	1.393000e-05	9.000000e+00
416.427215	643961.076131	1.397600e-05	9.000000e+00
417.452390	642581.750678	1.400600e-05	9.000000e+00
418.477602	640341.515475	1.405500e-05	9.000000e+00
419.501525	637935.922881	1.410800e-05	9.000000e+00
420.525452	635503.459963	1.416200e-05	9.000000e+00
421.549315	633000.422000	1.421800e-05	9.000000e+00
422.574317	631800.631801	1.424500e-05	9.000000e+00
423.598186	628755.064971	1.431400e-05	9.000000e+00
424.622537	626435.581541	1.436700e-05	9.000000e+00
425.648585	624652.970572	1.440800e-05	9.000000e+00
426.673604	622751.176308	1.445200e-05	9.000000e+00
427.698876	620903.759917	1.449500e-05	9.000000e+00
428.725891	619024.692207	1.453900e-05	9.000000e+00
429.751436	616776.315789	1.459200e-05	9.000000e+00
430.775602	614964.127093	1.463500e-05	9.000000e+00
431.799836	612536.582046	1.469300e-05	9.000000e+00
432.823661	610790.634544	1.473500e-05	9.000000e+00
433.847701	608848.599648	1.478200e-05	9.000000e+00
434.871617	606632.515503	1.483600e-05	9.000000e+00
435.895749	604879.360172	1.487900e-05	9.000000e+00
436.920206	603217.158177	1.492000e-05	9.000000e+00
437.945341	602006.688963	1.495000e-05	9.000000e+00
438.969592	599800.066644	1.500500e-05	9.000000e+00
439.993345	597728.631201	1.505700e-05	9.000000e+00
441.016569	595238.095238	1.512000e-05	9.000000e+00
442.042952	592417.061611	1.519200e-05	9.000000e+00
443.067246	590318.772137	1.524600e-05	9.000000e+00
444.091486	588081.547308	1.530400e-05	9.000000e+00
445.115435	585251.658213	1.537800e-05	9.000000e+00
446.139226	583052.604302	1.543600e-05	9.000000e+00
447.163799	580682.624685	1.549900e-05	9.000000e+00
448.188484	578331.833955	1.556200e-05	9.000000e+00
449.212800	575815.738964	1.563000e-05	9.000000e+00
450.236327	573540.657660	1.569200e-05	9.000000e+00
451.260002	571864.277545	1.573800e-05	9.000000e+00
452.285228	569151.963574	1.581300e-05	9.000000e+00
453.309375	567715.889737	1.585300e-05	9.000000e+00
454.333460	565433.184645	1.591700e-05	9.000000e+00
455.357861	563521.382506	1.597100e-05	9.000000e+00
456.382275	561447.286338	1.603000e-05	9.000000e+00
457.405733	559631.886581	1.608200e-05	9.000000e+00
458.429604	557172.042345	1.615300e-05	9.000000e+00
459.453873	555384.140697	1.620500e-05	9.000000e+00
460.477748	552554.027505	1.628800e-05	9.000000e+00
461.501750	550223.146054	1.635700e-05	9.000000e+00
462.525531	547945.205479	1.642500e-05	9.000000e+00
463.550068	545223.238626	1.650700e-05	9.000000e+00
464.573309	542953.667954	1.657600e-05	9.000000e+00
465.597866	540151.242348	1.666200e-05	9.000000e+00
466.623326	537891.465455	1.673200e-05	9.000000e+00
467.648667	535427.449581	1.680900e-05	9.000000e+00
468.673620	533364.940145	1.687400e-05	9.000000e+00
469.698553	530503.978780	1.696500e-05	9.000000e+00
470.722390	528138.020069	1.704100e-05	9.000000e+00
471.746225	525608.830228	1.712300e-05	9.000000e+00
472.770536	523316.664728	1.719800e-05	9.000000e+00
473.795561	521648.408972	1.725300e-05	9.000000e+00
474.818820	519390.581717	1.732800e-05	9.000000e+00
475.842193	517419.799931	1.739400e-05	9.000000e+00
476.866806	514756.348662	1.748400e-05	9.000000e+00
477.891476	512528.473804	1.756000e-05	9.000000e+00
478.915382	510609.327130	1.762600e-05	9.000000e+00
479.939256	508216.161274	1.770900e-05	9.000000e+00
480.963717	506101.332734	1.778300e-05	9.000000e+00
481.987833	503806.538289	1.786400e-05	9.000000e+00
483.011945	501952.035694	1.793000e-05	9.000000e+00
484.035831	499140.369364	1.803100e-05	9.000000e+00
485.060572	497127.706584	1.810400e-05	9.000000e+00
486.086398	494695.762106	1.819300e-05	9.000000e+00
487.109858	492179.809690	1.828600e-05	9.000000e+00
488.135631	489369.800446	1.839100e-05	9.000000e+00
489.160423	487303.048351	1.846900e-05	9.000000e+00
490.184711	484783.194183	1.856500e-05	9.000000e+00
491.208568	482496.113226	1.865300e-05	9.000000e+00
492.232398	480179.266926	1.874300e-05	9.000000e+00
493.256451	477960.701009	1.883000e-05	9.000000e+00
494.280786	475260.072873	1.893700e-05	9.000000e+00
495.304553	472639.428631	1.904200e-05	9.000000e+00
496.328866	470121.186795	1.914400e-05	9.000000e+00
497.353253	467824.098139	1.923800e-05	9.000000e+00
498.377803	465260.545906	1.934400e-05	9.000000e+00
499.401898	463034.418892	1.943700e-05	9.000000e+00
500.425592	460735.128494	1.953400e-05	9.000000e+00
501.451134	458271.806100	1.963900e-05	9.000000e+00
502.475630	456088.785284	1.973300e-05	9.000000e+00
503.499590	453400.503778	1.985000e-05	9.000000e+00
504.523697	450856.627592	1.996200e-05	9.000000e+00
505.548274	448095.593727	2.008500e-05	9.000000e+00
506.573247	445588.672146	2.019800e-05	9.000000e+00
507.598545	443284.243708	2.030300e-05	9.000000e+00
508.621796	440658.049354	2.042400e-05	9.000000e+00
509.645839	438126.764677	2.054200e-05	9.000000e+00
510.669869	435645.481388	2.065900e-05	9.000000e+00
511.695036	432588.320115	2.080500e-05	9.000000e+00
512.718754	430230.890578	2.091900e-05	9.000000e+00
513.742717	427553.444181	2.105000e-05	9.000000e+00
514.769250	424828.888364	2.118500e-05	9.000000e+00
515.796122	422198.245532	2.131700e-05	9.000000e+00
516.820918	419795.699426	2.143900e-05	9.000000e+00
517.845967	417342.916763	2.156500e-05	9.000000e+00
518.870806	414517.317612	2.171200e-05	9.000000e+00
519.895675	411334.552102	2.188000e-05	9.000000e+00
520.921571	408700.785614	2.202100e-05	9.000000e+00
521.945071	406485.705253	2.214100e-05	9.000000e+00
522.968989	403677.954698	2.229500e-05	9.000000e+00
523.995180	400998.039565	2.244400e-05	9.000000e+00
525.019993	397825.222119	2.262300e-05	9.000000e+00
526.043871	394736.842105	2.280000e-05	9.000000e+00
527.068752	391986.062718	2.296000e-05	9.000000e+00
528.092525	389054.597328	2.313300e-05	9.000000e+00
529.117527	385868.633168	2.332400e-05	9.000000e+00
530.140907	383174.386921	2.348800e-05	9.000000e+00
531.164790	380485.330177	2.365400e-05	9.000000e+00
532.189077	377595.972310	2.383500e-05	9.000000e+00
533.214008	374734.563018	2.401700e-05	9.000000e+00
534.237815	372023.809524	2.419200e-05	9.000000e+00
535.262074	369549.150037	2.435400e-05	9.000000e+00
536.286531	367286.973555	2.450400e-05	9.000000e+00
537.311080	365037.517745	2.465500e-05	9.000000e+00
538.337477	362727.712397	2.481200e-05	9.000000e+00
539.364147	360432.519023	2.497000e-05	9.000000e+00
540.390696	358223.212864	2.512400e-05	9.000000e+00
541.416859	355900.031636	2.528800e-05	9.000000e+00
542.440742	353717.968873	2.544400e-05	9.000000e+00
543.464530	351452.671040	2.560800e-05	9.000000e+00
544.487861	349216.203632	2.577200e-05	9.000000e+00
545.512190	347088.314693	2.593000e-05	9.000000e+00
546.536764	344721.924314	2.610800e-05	9.000000e+00
547.560290	342491.818251	2.627800e-05	9.000000e+00
548.585799	340367.597005	2.644200e-05	9.000000e+00
549.610366	337875.886924	2.663700e-05	9.000000e+00
550.635061	335307.924444	2.684100e-05	9.000000e+00
551.660866	332667.997339	2.705400e-05	9.000000e+00
552.685114	330687.830688	2.721600e-05	9.000000e+00
553.713560	328539.096152	2.739400e-05	9.000000e+00
554.738268	327248.927351	2.750200e-05	9.000000e+00
555.762977	325015.347947	2.769100e-05	9.000000e+00
556.787970	323403.643681	2.782900e-05	9.000000e+00
557.812816	321531.920975	2.799100e-05	9.000000e+00
558.837044	319840.790362	2.813900e-05	9.000000e+00
559.862190	318201.103097	2.828400e-05	9.000000e+00
560.886989	316578.142038	2.842900e-05	9.000000e+00
561.910808	314916.547115	2.857900e-05	9.000000e+00
562.935087	313490.543035	2.870900e-05	9.000000e+00
563.959672	311958.405546	2.885000e-05	9.000000e+00
564.983947	310409.050148	2.899400e-05	9.000000e+00
566.007745	308694.906534	2.915500e-05	9.000000e+00
567.030987	307114.826821	2.930500e-05	9.000000e+00
568.055620	305633.850647	2.944700e-05	9.000000e+00
569.080689	304321.363360	2.957400e-05	9.000000e+00
570.104958	302938.503484	2.970900e-05	9.000000e+00
571.129279	301638.904716	2.983700e-05	9.000000e+00
572.153569	300420.588824	2.995800e-05	9.000000e+00
573.178095	299122.573784	3.008800e-05	9.000000e+00
574.202111	297707.651087	3.023100e-05	9.000000e+00
575.226147	296306.051228	3.037400e-05	9.000000e+00
576.250149	294917.586919	3.051700e-05	9.000000e+00
577.273952	293513.354858	3.066300e-05	9.000000e+00
578.297130	291895.047514	3.083300e-05	9.000000e+00
579.320150	290060.590434	3.102800e-05	9.000000e+00
580.344390	288628.054647	3.118200e-05	9.000000e+00
581.369540	287008.100006	3.135800e-05	9.000000e+00
582.394043	285460.543009	3.152800e-05	9.000000e+00
583.417912	284046.078586	3.168500e-05	9.000000e+00
584.442385	282752.120641	3.183000e-05	9.000000e+00
585.466846	281232.422974	3.200200e-05	9.000000e+00
586.491036	279676.817899	3.218000e-05	9.000000e+00
587.515178	278086.763070	3.236400e-05	9.000000e+00
588.540596	276404.287338	3.256100e-05	9.000000e+00
589.565690	274591.164267	3.277600e-05	9.000000e+00
590.592658	272843.024313	3.298600e-05	9.000000e+00
591.618623	271149.674620	3.319200e-05	9.000000e+00
592.643159	269469.145783	3.339900e-05	9.000000e+00
593.667433	267881.060809	3.359700e-05	9.000000e+00
594.692067	266429.840142	3.378000e-05	9.000000e+00
595.715927	264846.094991	3.398200e-05	9.000000e+00
596.739763	263250.263250	3.418800e-05	9.000000e+00
597.763565	261757.263764	3.438300e-05	9.000000e+00
598.787976	260123.124946	3.459900e-05	9.000000e+00
599.811046	258576.107568	3.480600e-05	9.000000e+00
600.834171	257076.751692	3.500900e-05	9.000000e+00
601.858642	255667.291631	3.520200e-05	9.000000e+00
602.884079	254100.906293	3.541900e-05	9.000000e+00
603.907904	252737.994945	3.561000e-05	9.000000e+00
604.932828	251319.426992	3.581100e-05	9.000000e+00
605.956343	250159.824332	3.597700e-05	9.000000e+00
606.980902	248859.394442	3.616500e-05	9.000000e+00
608.005065	247660.979637	3.634000e-05	9.000000e+00
609.029236	246521.310398	3.650800e-05	9.000000e+00
610.053178	245311.818578	3.668800e-05	9.000000e+00
611.077298	244127.380242	3.686600e-05	9.000000e+00
612.101102	242797.021690	3.706800e-05	9.000000e+00
613.125232	241578.311636	3.725500e-05	9.000000e+00
614.150956	240262.687205	3.745900e-05	9.000000e+00
615.175151	238929.595413	3.766800e-05	9.000000e+00
616.198321	237799.561392	3.784700e-05	9.000000e+00
617.222051	236624.161956	3.803500e-05	9.000000e+00
618.245919	235367.958575	3.823800e-05	9.000000e+00
619.269923	234112.842390	3.844300e-05	9.000000e+00
620.294011	232937.339856	3.863700e-05	9.000000e+00
621.318112	231713.910558	3.884100e-05	9.000000e+00
622.342105	230379.358010	3.906600e-05	9.000000e+00
623.366213	229194.254864	3.926800e-05	9.000000e+00
624.389919	228044.392642	3.946600e-05	9.000000e+00
625.414018	226946.062486	3.965700e-05	9.000000e+00
626.438332	225931.969374	3.983500e-05	9.000000e+00
627.463126	224921.277553	4.001400e-05	9.000000e+00
628.486365	223914.017017	4.019400e-05	9.000000e+00
629.509159	222772.277228	4.040000e-05	9.000000e+00
630.535491	221674.876847	4.060000e-05	9.000000e+00
631.559984	220555.800618	4.080600e-05	9.000000e+00
632.583305	219512.195122	4.100000e-05	9.000000e+00
633.607314	218494.331286	4.119100e-05	9.000000e+00
634.632524	217543.690024	4.137100e-05	9.000000e+00
635.658674	216637.781629	4.154400e-05	9.000000e+00
636.687234	215630.840002	4.173800e-05	9.000000e+00
637.711226	215028.073110	4.185500e-05	9.000000e+00
638.735376	213990.204004	4.205800e-05	9.000000e+00
639.759983	212816.268621	4.229000e-05	9.000000e+00
640.784315	211680.033869	4.251700e-05	9.000000e+00
641.808308	210605.138765	4.273400e-05	9.000000e+00
642.832300	209453.326817	4.296900e-05	9.000000e+00
643.856854	208453.966416	4.317500e-05	9.000000e+00
644.881123	207378.050185	4.339900e-05	9.000000e+00
645.905074	206303.724928	4.362500e-05	9.000000e+00
646.929176	205409.106470	4.381500e-05	9.000000e+00
647.953263	204443.232929	4.402200e-05	9.000000e+00
648.977015	203532.418191	4.421900e-05	9.000000e+00
650.000450	202698.137429	4.440100e-05	9.000000e+00
651.023344	201743.964493	4.461100e-05	9.000000e+00
652.047841	201000.536001	4.477600e-05	9.000000e+00
653.072318	200106.723586	4.497600e-05	9.000000e+00
654.096277	199273.757860	4.516400e-05	9.000000e+00
655.120240	198342.736248	4.537600e-05	9.000000e+00
656.144393	197450.692174	4.558100e-05	9.000000e+00
657.183347	196558.050144	4.578800e-05	9.000000e+00
658.208217	195775.597659	4.597100e-05	9.000000e+00
659.233211	194923.330157	4.617200e-05	9.000000e+00
660.257434	194091.007117	4.637000e-05	9.000000e+00
661.281419	193166.208791	4.659200e-05	9.000000e+00
662.305786	192332.350301	4.679400e-05	9.000000e+00
663.330129	191517.885643	4.699300e-05	9.000000e+00
664.353610	190577.024881	4.722500e-05	9.000000e+00
665.376438	189741.319335	4.743300e-05	9.000000e+00
666.400779	189031.946399	4.761100e-05	9.000000e+00
667.425328	188402.763241	4.777000e-05	9.000000e+00
668.449935	187730.752383	4.794100e-05	9.000000e+00
669.473150	187199.700480	4.807700e-05	9.000000e+00
670.497792	186455.074686	4.826900e-05	9.000000e+00
671.522452	185662.712739	4.847500e-05	9.000000e+00
672.548030	184789.750329	4.870400e-05	9.000000e+00
673.573136	183868.595244	4.894800e-05	9.000000e+00
674.599470	183064.499725	4.916300e-05	9.000000e+00
675.626132	182189.922873	4.939900e-05	9.000000e+00
676.651381	181426.008426	4.960700e-05	9.000000e+00
677.675607	180682.981671	4.981100e-05	9.000000e+00
678.699361	179845.333014	5.004300e-05	9.000000e+00
679.723514	179090.221674	5.025400e-05	9.000000e+00
680.747258	178362.631047	5.045900e-05	9.000000e+00
681.771394	177823.441081	5.061200e-05	9.000000e+00
682.796076	177228.151707	5.078200e-05	9.000000e+00
683.820261	176525.968931	5.098400e-05	9.000000e+00
684.844511	175805.285879	5.119300e-05	9.000000e+00
685.867268	175100.682893	5.139900e-05	9.000000e+00
686.890514	174347.649213	5.162100e-05	9.000000e+00
687.914847	173517.390298	5.186800e-05	9.000000e+00
688.939381	172714.886104	5.210900e-05	9.000000e+00
689.963252	172123.623011	5.228800e-05	9.000000e+00
690.987400	171307.840189	5.253700e-05	9.000000e+00
692.012263	170570.843757	5.276400e-05	9.000000e+00
693.037383	169865.806013	5.298300e-05	9.000000e+00
694.061228	169249.285392	5.317600e-05	9.000000e+00
695.085573	168574.050834	5.338900e-05	9.000000e+00
696.110442	167973.124300	5.358000e-05	9.000000e+00
697.135517	167317.345231	5.379000e-05	9.000000e+00
698.158334	166771.671052	5.396600e-05	9.000000e+00
699.181472	166152.823675	5.416700e-05	9.000000e+00
700.207693	165529.418256	5.437100e-05	9.000000e+00
701.231470	164898.587369	5.457900e-05	9.000000e+00
702.255367	164233.576642	5.480000e-05	9.000000e+00
703.279231	163642.314266	5.499800e-05	9.000000e+00
704.303551	162996.232976	5.521600e-05	9.000000e+00
705.328517	162343.518886	5.543800e-05	9.000000e+00
706.353087	161771.578531	5.563400e-05	9.000000e+00
707.376695	161151.697465	5.584800e-05	9.000000e+00
708.401097	160768.832282	5.598100e-05	9.000000e+00
709.425435	160071.142730	5.622500e-05	9.000000e+00
710.451445	159503.766061	5.642500e-05	9.000000e+00
711.477085	159230.034323	5.652200e-05	9.000000e+00
712.501598	158593.102962	5.674900e-05	9.000000e+00
713.526471	157770.181436	5.704500e-05	9.000000e+00
714.550297	157103.705902	5.728700e-05	9.000000e+00
715.574648	156467.315716	5.752000e-05	9.000000e+00
716.598463	155846.854491	5.774900e-05	9.000000e+00
717.623012	155220.585699	5.798200e-05	9.000000e+00
718.647568	154655.119084	5.819400e-05	9.000000e+00
719.671380	154109.589041	5.840000e-05	9.000000e+00
720.695498	153525.980008	5.862200e-05	9.000000e+00
721.719371	152915.590594	5.885600e-05	9.000000e+00
722.743613	152397.724194	5.905600e-05	9.000000e+00
723.767590	151737.393152	5.931300e-05	9.000000e+00
724.793819	151214.758560	5.951800e-05	9.000000e+00
725.819706	150720.948537	5.971300e-05	9.000000e+00
726.844084	150167.687251	5.993300e-05	9.000000e+00
727.869614	149665.746499	6.013400e-05	9.000000e+00
728.893630	149112.778965	6.035700e-05	9.000000e+00
729.918232	148612.945839	6.056000e-05	9.000000e+00
730.943310	148060.408647	6.078600e-05	9.000000e+00
731.967433	147577.273100	6.098500e-05	9.000000e+00
732.991144	146938.775510	6.125000e-05	9.000000e+00
734.015311	146405.739105	6.147300e-05	9.000000e+00
735.040335	145971.195018	6.165600e-05	9.000000e+00
736.064515	145454.545455	6.187500e-05	9.000000e+00
737.088407	144885.540423	6.211800e-05	9.000000e+00
738.112465	144418.235209	6.231900e-05	9.000000e+00
739.136987	143900.996115	6.254300e-05	9.000000e+00
740.161455	143469.735856	6.273100e-05	9.000000e+00
741.185530	143022.867767	6.292700e-05	9.000000e+00
742.209722	142499.762500	6.315800e-05	9.000000e+00
743.233496	142000.631114	6.338000e-05	9.000000e+00
744.258501	141529.461716	6.359100e-05	9.000000e+00
745.282660	141085.733097	6.379100e-05	9.000000e+00
746.307259	140660.165041	6.398400e-05	9.000000e+00
747.331872	140117.075601	6.423200e-05	9.000000e+00
748.355480	139604.144692	6.446800e-05	9.000000e+00
749.379313	139069.163731	6.471600e-05	9.000000e+00
750.402519	138553.196730	6.495700e-05	9.000000e+00
751.426601	138079.165388	6.518000e-05	9.000000e+00
752.450497	137614.678899	6.540000e-05	9.000000e+00
753.473590	137155.397065	6.561900e-05	9.000000e+00
754.497538	136653.507440	6.586000e-05	9.000000e+00
755.523328	136095.569333	6.613000e-05	9.000000e+00
756.553786	135587.092109	6.637800e-05	9.000000e+00
757.579673	135116.876098	6.660900e-05	9.000000e+00
758.604113	134605.605576	6.686200e-05	9.000000e+00
759.628579	134176.158388	6.707600e-05	9.000000e+00
760.653175	133727.582057	6.730100e-05	9.000000e+00
761.677736	133335.308671	6.749900e-05	9.000000e+00
762.700728	132874.669659	6.773300e-05	9.000000e+00
763.724571	132419.150752	6.796600e-05	9.000000e+00
764.749965	131976.420213	6.819400e-05	9.000000e+00
765.773494	131580.871065	6.839900e-05	9.000000e+00
766.797517	131183.861470	6.860600e-05	9.000000e+00
767.821400	130806.348468	6.880400e-05	9.000000e+00
768.846291	130402.654418	6.901700e-05	9.000000e+00
769.871208	129992.056041	6.923500e-05	9.000000e+00
770.895788	129546.730384	6.947300e-05	9.000000e+00
771.919466	129115.558425	6.970500e-05	9.000000e+00
772.943465	128624.715954	6.997100e-05	9.000000e+00
773.967632	128227.047359	7.018800e-05	9.000000e+00
774.992433	127808.230850	7.041800e-05	9.000000e+00
776.015666	127361.494375	7.066500e-05	9.000000e+00
777.041650	126885.661920	7.093000e-05	9.000000e+00
778.066900	126429.354086	7.118600e-05	9.000000e+00
779.091707	126006.300315	7.142500e-05	9.000000e+00
780.115786	125586.068319	7.166400e-05	9.000000e+00
781.139815	125206.939247	7.188100e-05	9.000000e+00
782.164168	124812.780829	7.210800e-05	9.000000e+00
783.189660	124426.256705	7.233200e-05	9.000000e+00
784.213549	124045.538495	7.255400e-05	9.000000e+00
785.237509	123702.838293	7.275500e-05	9.000000e+00
786.261889	123301.183691	7.299200e-05	9.000000e+00
787.286447	122841.738893	7.326500e-05	9.000000e+00
788.311778	122477.307677	7.348300e-05	9.000000e+00
789.336717	122058.723808	7.373500e-05	9.000000e+00
790.360792	121582.189560	7.402400e-05	9.000000e+00
791.384688	121217.018869	7.424700e-05	9.000000e+00
792.410322	120844.298835	7.447600e-05	9.000000e+00
793.433766	120509.352865	7.468300e-05	9.000000e+00
794.457990	120139.361660	7.491300e-05	9.000000e+00
795.482435	119793.954398	7.512900e-05	9.000000e+00
796.506698	119406.153397	7.537300e-05	9.000000e+00
797.530432	119077.545944	7.558100e-05	9.000000e+00
798.557549	118720.979316	7.580800e-05	9.000000e+00
799.583645	118329.191812	7.605900e-05	9.000000e+00
800.608048	117907.534291	7.633100e-05	9.000000e+00
801.631604	117516.484951	7.658500e-05	9.000000e+00
802.656263	117089.925062	7.686400e-05	9.000000e+00
803.681570	116725.461714	7.710400e-05	9.000000e+00
804.705645	116357.242592	7.734800e-05	9.000000e+00
805.728832	116013.766967	7.757700e-05	9.000000e+00
806.752525	115654.475828	7.781800e-05	9.000000e+00
807.776714	115332.863459	7.803500e-05	9.000000e+00
808.800771	114952.805487	7.829300e-05	9.000000e+00
809.824963	114592.750099	7.853900e-05	9.000000e+00
810.848828	114221.895068	7.879400e-05	9.000000e+00
811.872758	113906.748342	7.901200e-05	9.000000e+00
812.896931	113566.101780	7.924900e-05	9.000000e+00
813.920804	113217.516008	7.949300e-05	9.000000e+00
814.944937	112865.401738	7.974100e-05	9.000000e+00
815.968845	112471.882029	8.002000e-05	9.000000e+00
816.992644	112096.452770	8.028800e-05	9.000000e+00
818.016531	111693.017945	8.057800e-05	9.000000e+00
819.039695	111328.269959	8.084200e-05	9.000000e+00
820.064147	110959.056108	8.111100e-05	9.000000e+00
821.088744	110626.267593	8.135500e-05	9.000000e+00
822.112810	110263.038604	8.162300e-05	9.000000e+00
823.136522	109977.393536	8.183500e-05	9.000000e+00
824.161208	109626.417530	8.209700e-05	9.000000e+00
825.184834	109296.253567	8.234500e-05	9.000000e+00
826.208813	109015.589229	8.255700e-05	9.000000e+00
827.232887	108643.167552	8.284000e-05	9.000000e+00
828.257529	108270.676692	8.312500e-05	9.000000e+00
829.282483	107956.385620	8.336700e-05	9.000000e+00
830.306017	107660.653620	8.359600e-05	9.000000e+00
831.329921	107305.092223	8.387300e-05	9.000000e+00
832.353815	107005.278927	8.410800e-05	9.000000e+00
833.377789	106648.970837	8.438900e-05	9.000000e+00
834.401786	106261.142661	8.469700e-05	9.000000e+00
835.425748	105960.888659	8.493700e-05	9.000000e+00
836.450322	105647.442745	8.518900e-05	9.000000e+00
837.474983	105353.108502	8.542700e-05	9.000000e+00
838.498793	105081.262843	8.564800e-05	9.000000e+00
839.522600	104755.918709	8.591400e-05	9.000000e+00
840.546487	104388.976524	8.621600e-05	9.000000e+00
841.570981	104055.866439	8.649200e-05	9.000000e+00
842.596932	103647.230891	8.683300e-05	9.000000e+00
843.620900	103388.856979	8.705000e-05	9.000000e+00
844.645530	103144.769414	8.725600e-05	9.000000e+00
845.669931	102832.463066	8.752100e-05	9.000000e+00
846.694913	102527.881888	8.778100e-05	9.000000e+00
847.718920	102235.550709	8.803200e-05	9.000000e+00
848.742899	102006.120367	8.823000e-05	9.000000e+00
849.767629	101725.950290	8.847300e-05	9.000000e+00
850.792645	101459.895158	8.870500e-05	9.000000e+00
851.816064	101149.735325	8.897700e-05	9.000000e+00
852.840681	100879.896878	8.921500e-05	9.000000e+00
853.865582	100589.004504	8.947300e-05	9.000000e+00
854.889881	100270.730974	8.975700e-05	9.000000e+00
855.913101	99960.015994	9.003600e-05	9.000000e+00
856.937017	99677.708742	9.029100e-05	9.000000e+00
857.962386	99378.333315	9.056300e-05	9.000000e+00
858.986935	99106.936384	9.081100e-05	9.000000e+00
860.010732	98808.804962	9.108500e-05	9.000000e+00
861.033668	98523.246013	9.134900e-05	9.000000e+00
862.057728	98232.899289	9.161900e-05	9.000000e+00
863.081938	97952.786757	9.188100e-05	9.000000e+00
864.106070	97685.928885	9.213200e-05	9.000000e+00
865.130083	97437.396473	9.236700e-05	9.000000e+00
866.155495	97181.729835	9.261000e-05	9.000000e+00
867.179990	96900.268091	9.287900e-05	9.000000e+00
868.203844	96598.654059	9.316900e-05	9.000000e+00
869.227904	96298.911822	9.345900e-05	9.000000e+00
870.252624	96025.606828	9.372500e-05	9.000000e+00
871.278114	95756.905137	9.398800e-05	9.000000e+00
872.301966	95524.162306	9.421700e-05	9.000000e+00
873.325617	95283.468318	9.445500e-05	9.000000e+00
874.348591	94994.828059	9.474200e-05	9.000000e+00
875.373144	94728.864938	9.500800e-05	9.000000e+00
876.397133	94602.407106	9.513500e-05	9.000000e+00
877.421123	94307.988935	9.543200e-05	9.000000e+00
878.445904	93978.092662	9.576700e-05	9.000000e+00
879.470886	93666.090794	9.608600e-05	9.000000e+00
880.494920	93386.182995	9.637400e-05	9.000000e+00
881.518879	93145.524358	9.662300e-05	9.000000e+00
882.543441	92894.595599	9.688400e-05	9.000000e+00
883.568034	92611.648487	9.718000e-05	9.000000e+00
884.591747	92378.752887	9.742500e-05	9.000000e+00
885.616357	92093.280260	9.772700e-05	9.000000e+00
886.641025	91840.483285	9.799600e-05	9.000000e+00
887.664889	91580.682581	9.827400e-05	9.000000e+00
888.688823	91287.148798	9.859000e-05	9.000000e+00
889.712671	91013.894788	9.888600e-05	9.000000e+00
890.736431	90744.101633	9.918000e-05	9.000000e+00
891.762634	90452.261307	9.950000e-05	9.000000e+00
892.790111	90202.052598	9.977600e-05	9.000000e+00
893.814511	89982.003599	1.000200e-04	9.000000e+00
894.839046	89748.703630	1.002800e-04	9.000000e+00
895.863626	89543.329022	1.005100e-04	9.000000e+00
896.889078	89338.892198	1.007400e-04	9.000000e+00
897.913053	89073.634204	1.010400e-04	9.000000e+00
898.937044	88836.245188	1.013100e-04	9.000000e+00
899.961537	88591.396791	1.015900e-04	9.000000e+00
900.986148	88373.919874	1.018400e-04	9.000000e+00
902.010059	88114.352849	1.021400e-04	9.000000e+00
903.034278	87873.462214	1.024200e-04	9.000000e+00
904.058557	87608.293585	1.027300e-04	9.000000e+00
905.082930	87361.677344	1.030200e-04	9.000000e+00
906.107844	87133.313970	1.032900e-04	9.000000e+00
907.131723	86897.750314	1.035700e-04	9.000000e+00
908.155063	86655.112652	1.038600e-04	9.000000e+00
909.179091	86422.124064	1.041400e-04	9.000000e+00
910.203078	86173.879740	1.044400e-04	9.000000e+00
911.227103	85959.885387	1.047000e-04	9.000000e+00
912.252335	85714.285714	1.050000e-04	9.000000e+00
913.276761	85445.741954	1.053300e-04	9.000000e+00
914.301931	85203.067310	1.056300e-04	9.000000e+00
915.326201	84969.788520	1.059200e-04	9.000000e+00
916.351218	84753.743290	1.061900e-04	9.000000e+00
917.376011	84538.793913	1.064600e-04	9.000000e+00
918.399871	84340.736576	1.067100e-04	9.000000e+00
919.423254	84120.011216	1.069900e-04	9.000000e+00
920.447114	83931.735522	1.072300e-04	9.000000e+00
921.472835	83705.357143	1.075200e-04	9.000000e+00
922.497159	83487.940631	1.078000e-04	9.000000e+00
923.521026	83271.650629	1.080800e-04	9.000000e+00
924.545038	83087.149188	1.083200e-04	9.000000e+00
925.569265	82872.928177	1.086000e-04	9.000000e+00
926.594225	82674.995407	1.088600e-04	9.000000e+00
927.618351	82455.336693	1.091500e-04	9.000000e+00
928.642272	82274.430935	1.093900e-04	9.000000e+00
929.668091	82019.502415	1.097300e-04	9.000000e+00
930.694093	81758.720930	1.100800e-04	9.000000e+00
931.718876	81536.510237	1.103800e-04	9.000000e+00
932.742241	81322.851721	1.106700e-04	9.000000e+00
933.766301	81103.000811	1.109700e-04	9.000000e+00
934.790233	80884.335400	1.112700e-04	9.000000e+00
935.815303	80666.845926	1.115700e-04	9.000000e+00
936.839167	80443.332142	1.118800e-04	9.000000e+00
937.863428	80228.204671	1.121800e-04	9.000000e+00
938.887197	79992.889521	1.125100e-04	9.000000e+00
939.911386	79794.308006	1.127900e-04	9.000000e+00
940.935113	79568.561577	1.131100e-04	9.000000e+00
941.958942	79351.084465	1.134200e-04	9.000000e+00
942.982910	79155.672823	1.137000e-04	9.000000e+00
944.008078	78961.221267	1.139800e-04	9.000000e+00
945.032126	78767.722738	1.142600e-04	9.000000e+00
946.056199	78575.170246	1.145400e-04	9.000000e+00
947.080176	78376.730819	1.148300e-04	9.000000e+00
948.106129	78172.500651	1.151300e-04	9.000000e+00
949.130895	77962.577963	1.154400e-04	9.000000e+00
950.154299	77767.216798	1.157300e-04	9.000000e+00
951.179896	77566.146686	1.160300e-04	9.000000e+00
952.205033	77379.417075	1.163100e-04	9.000000e+00
953.228486	77160.493827	1.166400e-04	9.000000e+00
954.252160	76955.964087	1.169500e-04	9.000000e+00
955.276725	76759.061834	1.172500e-04	9.000000e+00
956.300996	76589.226449	1.175100e-04	9.000000e+00
957.324971	76316.458916	1.179300e-04	9.000000e+00
958.348279	76129.250550	1.182200e-04	9.000000e+00
959.373124	75936.550793	1.185200e-04	9.000000e+00
960.397057	75821.398484	1.187000e-04	9.000000e+00
961.422150	75617.543270	1.190200e-04	9.000000e+00
962.447302	75427.422058	1.193200e-04	9.000000e+00
963.471716	75194.251817	1.196900e-04	9.000000e+00
964.496300	75012.502084	1.199800e-04	9.000000e+00
965.522204	74831.628835	1.202700e-04	9.000000e+00
966.546223	74657.818333	1.205500e-04	9.000000e+00
967.570148	74435.530560	1.209100e-04	9.000000e+00
968.594433	74239.049740	1.212300e-04	9.000000e+00
969.618177	74025.333114	1.215800e-04	9.000000e+00
970.641961	73824.952834	1.219100e-04	9.000000e+00
971.666318	73637.702504	1.222200e-04	9.000000e+00
972.692804	73451.399657	1.225300e-04	9.000000e+00
973.718203	73242.187500	1.228800e-04	9.000000e+00
974.742266	73040.090894	1.232200e-04	9.000000e+00
975.766049	72868.593636	1.235100e-04	9.000000e+00
976.790905	72680.287491	1.238300e-04	9.000000e+00
977.815476	72487.113402	1.241600e-04	9.000000e+00
978.839374	72312.389523	1.244600e-04	9.000000e+00
979.863340	72173.215718	1.247000e-04	9.000000e+00
980.888172	72173.215718	1.247000e-04	9.000000e+00
981.913083	72132.724213	1.247700e-04	9.000000e+00
982.936491	71976.967370	1.250400e-04	9.000000e+00
983.960373	71741.729773	1.254500e-04	9.000000e+00
984.986455	71547.817792	1.257900e-04	9.000000e+00
986.014283	71315.372425	1.262000e-04	9.000000e+00
987.039485	71146.245059	1.265000e-04	9.000000e+00
988.063262	71061.981840	1.266500e-04	9.000000e+00
989.087160	70910.809959	1.269200e-04	9.000000e+00
990.112407	70776.973891	1.271600e-04	9.000000e+00
991.139471	70510.811658	1.276400e-04	9.000000e+00
992.164258	70296.024369	1.280300e-04	9.000000e+00
993.188267	70098.917361	1.283900e-04	9.000000e+00
994.214388	69924.636780	1.287100e-04	9.000000e+00
995.241451	69745.815251	1.290400e-04	9.000000e+00
996.269020	69535.656339	1.294300e-04	9.000000e+00
997.295513	69353.471527	1.297700e-04	9.000000e+00
998.319447	69188.191882	1.300800e-04	9.000000e+00
999.343314	69007.820886	1.304200e-04	9.000000e+00
1000.368542	68802.079352	1.308100e-04	9.000000e+00
1001.393380	68597.560976	1.312000e-04	9.000000e+00
1002.417395	68430.656934	1.315200e-04	9.000000e+00
1003.441425	68274.920346	1.318200e-04	9.000000e+00
1004.465670	68145.680321	1.320700e-04	9.000000e+00
1005.490243	67945.040012	1.324600e-04	9.000000e+00
1006.513510	67781.292363	1.327800e-04	9.000000e+00
1007.537426	67618.332081	1.331000e-04	9.000000e+00
1008.562171	67471.324687	1.333900e-04	9.000000e+00
1009.588300	67324.955117	1.336800e-04	9.000000e+00
1010.613240	67154.156096	1.340200e-04	9.000000e+00
1011.637425	67054.090300	1.342200e-04	9.000000e+00
1012.663103	66949.341665	1.344300e-04	9.000000e+00
1013.688434	66770.531939	1.347900e-04	9.000000e+00
1014.713284	66582.821632	1.351700e-04	9.000000e+00
1015.737448	66401.062417	1.355400e-04	9.000000e+00
1016.761492	66220.292841	1.359100e-04	9.000000e+00
1017.786410	66050.198151	1.362600e-04	9.000000e+00
1018.811361	65866.510539	1.366400e-04	9.000000e+00
1019.835359	65698.226148	1.369900e-04	9.000000e+00
1020.859452	65526.028395	1.373500e-04	9.000000e+00
1021.883871	65359.477124	1.377000e-04	9.000000e+00
1022.908321	65189.048240	1.380600e-04	9.000000e+00
1023.932270	65043.000650	1.383700e-04	9.000000e+00
1024.956264	64874.216103	1.387300e-04	9.000000e+00
1025.981687	64706.305270	1.390900e-04	9.000000e+00
1027.006211	64557.779212	1.394100e-04	9.000000e+00
1028.030172	64437.602921	1.396700e-04	9.000000e+00
1029.053533	64290.306450	1.399900e-04	9.000000e+00
1030.077953	64148.253742	1.403000e-04	9.000000e+00
1031.102942	63997.724525	1.406300e-04	9.000000e+00
1032.127449	63847.900114	1.409600e-04	9.000000e+00
1033.151390	63698.775568	1.412900e-04	9.000000e+00
1034.175602	63572.790846	1.415700e-04	9.000000e+00
1035.199535	63447.303490	1.418500e-04	9.000000e+00
1036.223232	63438.359061	1.418700e-04	9.000000e+00
1037.248207	63317.855635	1.421400e-04	9.000000e+00
1038.272421	63215.565077	1.423700e-04	9.000000e+00
1039.296340	63007.560907	1.428400e-04	9.000000e+00
1040.321155	62849.162011	1.432000e-04	9.000000e+00
1041.347687	62643.558154	1.436700e-04	9.000000e+00
1042.371451	62447.960033	1.441200e-04	9.000000e+00
1043.396778	62266.500623	1.445400e-04	9.000000e+00
1044.421511	62086.092715	1.449600e-04	9.000000e+00
1045.446149	61940.812113	1.453000e-04	9.000000e+00
1046.470644	61775.001716	1.456900e-04	9.000000e+00
1047.495209	61626.951520	1.460400e-04	9.000000e+00
1048.519612	61479.609263	1.463900e-04	9.000000e+00
1049.543597	61341.330425	1.467200e-04	9.000000e+00
1050.567645	61207.834603	1.470400e-04	9.000000e+00
1051.591632	61029.361904	1.474700e-04	9.000000e+00
1052.615661	60884.859965	1.478200e-04	9.000000e+00
1053.639604	60757.442787	1.481300e-04	9.000000e+00
1054.663473	60622.389869	1.484600e-04	9.000000e+00
1055.687882	60512.337793	1.487300e-04	9.000000e+00
1056.712428	60394.577909	1.490200e-04	9.000000e+00
1057.736518	60265.166734	1.493400e-04	9.000000e+00
1058.760295	60144.346431	1.496400e-04	9.000000e+00
1059.784958	60012.002400	1.499700e-04	9.000000e+00
1060.809315	59856.344773	1.503600e-04	9.000000e+00
1061.832701	59697.532502	1.507600e-04	9.000000e+00
1062.857306	59559.261465	1.511100e-04	9.000000e+00
1063.880612	59417.706477	1.514700e-04	9.000000e+00
1064.904592	59265.112604	1.518600e-04	9.000000e+00
1065.928715	59128.835162	1.522100e-04	9.000000e+00
1066.952714	58958.401572	1.526500e-04	9.000000e+00
1067.976780	58819.684988	1.530100e-04	9.000000e+00
1069.000663	58673.968316	1.533900e-04	9.000000e+00
1070.024638	58540.392871	1.537400e-04	9.000000e+00
1071.048678	58403.634004	1.541000e-04	9.000000e+00
1072.073064	58275.058275	1.544400e-04	9.000000e+00
1073.097331	58135.779342	1.548100e-04	9.000000e+00
1074.120702	58008.378988	1.551500e-04	9.000000e+00
1075.143865	57870.370370	1.555200e-04	9.000000e+00
1076.168539	57714.505579	1.559400e-04	9.000000e+00
1077.192561	57574.206755	1.563200e-04	9.000000e+00
1078.216512	57467.594662	1.566100e-04	9.000000e+00
1079.240556	57346.756722	1.569400e-04	9.000000e+00
1080.265042	57208.237986	1.573200e-04	9.000000e+00
1081.289692	57052.297940	1.577500e-04	9.000000e+00
1082.313999	56925.996205	1.581000e-04	9.000000e+00
1083.338790	56811.008711	1.584200e-04	9.000000e+00
1084.363432	56667.925954	1.588200e-04	9.000000e+00
1085.388353	56589.537223	1.590400e-04	9.000000e+00
1086.413845	56419.257773	1.595200e-04	9.000000e+00
1087.437487	56295.740289	1.598700e-04	9.000000e+00
1088.462545	56141.226374	1.603100e-04	9.000000e+00
1089.486004	55984.075641	1.607600e-04	9.000000e+00
1090.512287	55845.122859	1.611600e-04	9.000000e+00
1091.541866	55713.755107	1.615400e-04	9.000000e+00
1092.566896	55572.707626	1.619500e-04	9.000000e+00
1093.593480	55432.372506	1.623600e-04	9.000000e+00
1094.636135	55289.347586	1.627800e-04	9.000000e+00
1095.660635	55163.959546	1.631500e-04	9.000000e+00
1096.685040	55029.043106	1.635500e-04	9.000000e+00
1097.709596	54901.482340	1.639300e-04	9.000000e+00
1098.733432	54777.845405	1.643000e-04	9.000000e+00
1099.757642	54664.723032	1.646400e-04	9.000000e+00
1100.781438	54555.373704	1.649700e-04	9.000000e+00
1101.806598	54456.344164	1.652700e-04	9.000000e+00
1102.830735	54331.421672	1.656500e-04	9.000000e+00
1103.855507	54272.447687	1.658300e-04	9.000000e+00
1104.880097	54119.061936	1.663000e-04	9.000000e+00
1105.910305	53979.487795	1.667300e-04	9.000000e+00
1106.934389	53850.296177	1.671300e-04	9.000000e+00
1107.959444	53728.135634	1.675100e-04	9.000000e+00
1108.983711	53619.302949	1.678500e-04	9.000000e+00
1110.008163	53472.758600	1.683100e-04	9.000000e+00
1111.033672	53345.978306	1.687100e-04	9.000000e+00
1112.058804	53210.358283	1.691400e-04	9.000000e+00
1113.082607	53084.817742	1.695400e-04	9.000000e+00
1114.106809	52975.454706	1.698900e-04	9.000000e+00
1115.133040	52857.226758	1.702700e-04	9.000000e+00
1116.157533	52730.255449	1.706800e-04	9.000000e+00
1117.181799	52613.118204	1.710600e-04	9.000000e+00
1118.206398	52487.315565	1.714700e-04	9.000000e+00
1119.230359	52368.206680	1.718600e-04	9.000000e+00
1120.254884	52246.603971	1.722600e-04	9.000000e+00
1121.278739	52131.603336	1.726400e-04	9.000000e+00
1122.302728	52032.144302	1.729700e-04	9.000000e+00
1123.326801	51939.058172	1.732800e-04	9.000000e+00
1124.351584	51831.375259	1.736400e-04	9.000000e+00
1125.375483	51706.308170	1.740600e-04	9.000000e+00
1126.398661	51584.799679	1.744700e-04	9.000000e+00
1127.423053	51460.918291	1.748900e-04	9.000000e+00
1128.447862	51328.846812	1.753400e-04	9.000000e+00
1129.472859	51197.451505	1.757900e-04	9.000000e+00
1130.496790	51069.624922	1.762300e-04	9.000000e+00
1131.521376	50942.435048	1.766700e-04	9.000000e+00
1132.546739	50818.746471	1.771000e-04	9.000000e+00
1133.571507	50701.368937	1.775100e-04	9.000000e+00
1134.595520	50593.063129	1.778900e-04	9.000000e+00
1135.619794	50558.957362	1.780100e-04	9.000000e+00
1136.643882	50496.549402	1.782300e-04	9.000000e+00
1137.668512	50375.013993	1.786600e-04	9.000000e+00
1138.693741	50242.840395	1.791300e-04	9.000000e+00
1139.719112	50114.148895	1.795900e-04	9.000000e+00
1140.745154	49983.338887	1.800600e-04	9.000000e+00
1141.769677	49861.495845	1.805000e-04	9.000000e+00
1142.793552	49734.748011	1.809600e-04	9.000000e+00
1143.816782	49627.791563	1.813500e-04	9.000000e+00
1144.841299	49510.397183	1.817800e-04	9.000000e+00
1145.865659	49401.690636	1.821800e-04	9.000000e+00
1146.889661	49288.061336	1.826000e-04	9.000000e+00
1147.913722	49172.266842	1.830300e-04	9.000000e+00
1148.937727	49062.363716	1.834400e-04	9.000000e+00
1149.961648	48936.980045	1.839100e-04	9.000000e+00
1150.985606	48833.423766	1.843000e-04	9.000000e+00
1152.009758	48719.753153	1.847300e-04	9.000000e+00
1153.034374	48619.739614	1.851100e-04	9.000000e+00
1154.058906	48527.984471	1.854600e-04	9.000000e+00
1155.082833	48428.755919	1.858400e-04	9.000000e+00
1156.106932	48316.959253	1.862700e-04	9.000000e+00
1157.131528	48197.932844	1.867300e-04	9.000000e+00
1158.157058	48094.907284	1.871300e-04	9.000000e+00
1159.181702	47982.086688	1.875700e-04	9.000000e+00
1160.205734	47872.340426	1.880000e-04	9.000000e+00
1161.229961	47778.308648	1.883700e-04	9.000000e+00
1162.254032	47682.119205	1.887500e-04	9.000000e+00
1163.278954	47664.442326	1.888200e-04	9.000000e+00
1164.302890	47601.417464	1.890700e-04	9.000000e+00
1165.328963	47531.027198	1.893500e-04	9.000000e+00
1166.353625	47423.332279	1.897800e-04	9.000000e+00
1167.378879	47316.124284	1.902100e-04	9.000000e+00
1168.402829	47184.649261	1.907400e-04	9.000000e+00
1169.426861	47039.147023	1.913300e-04	9.000000e+00
1170.451128	46909.204628	1.918600e-04	9.000000e+00
1171.475883	46784.841711	1.923700e-04	9.000000e+00
1172.499676	46663.555763	1.928700e-04	9.000000e+00
1173.523128	46566.978838	1.932700e-04	9.000000e+00
1174.547465	46480.400764	1.936300e-04	9.000000e+00
1175.573007	46353.522868	1.941600e-04	9.000000e+00
1176.598043	46260.601388	1.945500e-04	9.000000e+00
1177.623107	46184.635911	1.948700e-04	9.000000e+00
1178.649497	46064.080254	1.953800e-04	9.000000e+00
1179.673985	45939.461998	1.959100e-04	9.000000e+00
1180.698781	45815.516188	1.964400e-04	9.000000e+00
1181.722616	45717.768973	1.968600e-04	9.000000e+00
1182.747017	45595.014945	1.973900e-04	9.000000e+00
1183.772324	45491.306106	1.978400e-04	9.000000e+00
1184.796501	45399.515738	1.982400e-04	9.000000e+00
1185.820922	45298.973223	1.986800e-04	9.000000e+00
1186.844940	45189.797148	1.991600e-04	9.000000e+00
1187.869251	45090.180361	1.996000e-04	9.000000e+00
1188.893182	44997.750112	2.000100e-04	9.000000e+00
1189.917138	44894.497930	2.004700e-04	9.000000e+00
1190.941003	44798.407168	2.009000e-04	9.000000e+00
1191.965277	44704.947348	2.013200e-04	9.000000e+00
1192.989654	44614.088138	2.017300e-04	9.000000e+00
1194.013097	44497.181845	2.022600e-04	9.000000e+00
1195.036277	44409.355571	2.026600e-04	9.000000e+00
1196.061544	44321.875308	2.030600e-04	9.000000e+00
1197.085885	44236.913246	2.034500e-04	9.000000e+00
1198.109936	44126.299274	2.039600e-04	9.000000e+00
1199.133971	44031.311155	2.044000e-04	9.000000e+00
1200.158122	43943.166838	2.048100e-04	9.000000e+00
1201.182753	43831.880388	2.053300e-04	9.000000e+00
1202.206718	43727.528909	2.058200e-04	9.000000e+00
1203.230747	43632.132642	2.062700e-04	9.000000e+00
1204.254901	43530.834341	2.067500e-04	9.000000e+00
1205.279205	43444.680440	2.071600e-04	9.000000e+00
1206.303622	43358.866888	2.075700e-04	9.000000e+00
1207.327208	43277.553376	2.079600e-04	9.000000e+00
1208.352176	43213.136794	2.082700e-04	9.000000e+00
1209.378144	43136.503067	2.086400e-04	9.000000e+00
1210.403094	43039.548563	2.091100e-04	9.000000e+00
1211.427027	42940.980009	2.095900e-04	9.000000e+00
1212.452448	42844.901457	2.100600e-04	9.000000e+00
1213.477365	42743.161094	2.105600e-04	9.000000e+00
1214.502846	42649.985783	2.110200e-04	9.000000e+00
1215.526761	42555.203556	2.114900e-04	9.000000e+00
1216.550243	42454.832775	2.119900e-04	9.000000e+00
1217.574360	42346.962782	2.125300e-04	9.000000e+00
1218.599798	42243.604788	2.130500e-04	9.000000e+00
1219.623686	42154.566745	2.135000e-04	9.000000e+00
1220.647239	42067.869496	2.139400e-04	9.000000e+00
1221.671983	41979.569943	2.143900e-04	9.000000e+00
1222.696947	41899.441341	2.148000e-04	9.000000e+00
1223.721191	41802.136554	2.153000e-04	9.000000e+00
1224.745144	41711.081244	2.157700e-04	9.000000e+00
1225.769491	41603.106365	2.163300e-04	9.000000e+00
1226.793959	41511.000415	2.168100e-04	9.000000e+00
1227.818327	41419.301394	2.172900e-04	9.000000e+00
1228.842177	41322.314050	2.178000e-04	9.000000e+00
1229.866429	41235.224045	2.182600e-04	9.000000e+00
1230.891797	41144.738045	2.187400e-04	9.000000e+00
1231.916767	41062.140706	2.191800e-04	9.000000e+00
1232.941792	40966.816878	2.196900e-04	9.000000e+00
1233.966719	40875.647198	2.201800e-04	9.000000e+00
1234.991263	40786.730717	2.206600e-04	9.000000e+00
1236.015991	40696.359937	2.211500e-04	9.000000e+00
1237.041009	40613.718412	2.216000e-04	9.000000e+00
1238.064863	40536.888569	2.220200e-04	9.000000e+00
1239.090592	40449.438202	2.225000e-04	9.000000e+00
1240.117075	40362.364338	2.229800e-04	9.000000e+00
1241.142167	40288.285062	2.233900e-04	9.000000e+00
1242.166139	40232.454180	2.237000e-04	9.000000e+00
1243.190233	40164.227062	2.240800e-04	9.000000e+00
1244.214209	40067.669842	2.246200e-04	9.000000e+00
1245.239888	39984.006397	2.250900e-04	9.000000e+00
1246.262951	39890.080667	2.256200e-04	9.000000e+00
1247.288842	39801.875111	2.261200e-04	9.000000e+00
1248.313492	39724.576271	2.265600e-04	9.000000e+00
1249.338182	39663.302631	2.269100e-04	9.000000e+00
1250.361946	39600.475206	2.272700e-04	9.000000e+00
1251.386618	39518.749451	2.277400e-04	9.000000e+00
1252.410239	39482.342619	2.279500e-04	9.000000e+00
1253.434349	39421.813403	2.283000e-04	9.000000e+00
1254.458321	39373.523493	2.285800e-04	9.000000e+00
1255.482393	39241.334205	2.293500e-04	9.000000e+00
1256.507428	39219.104061	2.294800e-04	9.000000e+00
1257.531983	39096.437880	2.302000e-04	9.000000e+00
1258.556869	39013.394599	2.306900e-04	9.000000e+00
1259.580829	38962.725659	2.309900e-04	9.000000e+00
1260.606300	38846.685083	2.316800e-04	9.000000e+00
1261.631066	38721.335456	2.324300e-04	9.000000e+00
1262.658817	38598.447485	2.331700e-04	9.000000e+00
1263.684153	38514.207463	2.336800e-04	9.000000e+00
1264.708159	38420.490928	2.342500e-04	9.000000e+00
1265.732458	38319.070124	2.348700e-04	9.000000e+00
1266.756010	38223.052748	2.354600e-04	9.000000e+00
1267.779169	38138.825324	2.359800e-04	9.000000e+00
1268.803915	38061.405735	2.364600e-04	9.000000e+00
1269.827997	37973.081305	2.370100e-04	9.000000e+00
1270.853021	37896.332477	2.374900e-04	9.000000e+00
1271.876362	37799.244015	2.381000e-04	9.000000e+00
1272.900484	37705.810884	2.386900e-04	9.000000e+00
1273.925542	37622.272385	2.392200e-04	9.000000e+00
1274.950115	37546.933667	2.397000e-04	9.000000e+00
1275.974512	37467.216186	2.402100e-04	9.000000e+00
1276.999024	37389.389722	2.407100e-04	9.000000e+00
1278.023545	37311.885909	2.412100e-04	9.000000e+00
1279.049283	37222.383060	2.417900e-04	9.000000e+00
1280.074210	37134.840733	2.423600e-04	9.000000e+00
1281.098012	37064.492216	2.428200e-04	9.000000e+00
1282.122345	36986.808038	2.433300e-04	9.000000e+00
1283.147126	36894.318275	2.439400e-04	9.000000e+00
1284.171356	36812.827225	2.444800e-04	9.000000e+00
1285.195132	36724.201249	2.450700e-04	9.000000e+00
1286.220349	36646.443259	2.455900e-04	9.000000e+00
1287.245329	36566.042335	2.461300e-04	9.000000e+00
1288.269360	36487.472634	2.466600e-04	9.000000e+00
1289.293983	36410.712841	2.471800e-04	9.000000e+00
1290.318532	36343.078663	2.476400e-04	9.000000e+00
1291.342825	36275.695284	2.481000e-04	9.000000e+00
1292.367331	36214.389184	2.485200e-04	9.000000e+00
1293.391218	36176.541523	2.487800e-04	9.000000e+00
1294.415216	36135.870874	2.490600e-04	9.000000e+00
1295.439406	36089.501965	2.493800e-04	9.000000e+00
1296.463331	36000.000000	2.500000e-04	9.000000e+00
1297.487166	35955.415285	2.503100e-04	9.000000e+00
1298.510659	35913.806864	2.506000e-04	9.000000e+00
1299.534880	35839.439312	2.511200e-04	9.000000e+00
1300.560227	35773.908896	2.515800e-04	9.000000e+00
1301.583717	35654.860946	2.524200e-04	9.000000e+00
1302.607985	35546.427584	2.531900e-04	9.000000e+00
1303.632737	35447.026388	2.539000e-04	9.000000e+00
1304.659233	35355.122564	2.545600e-04	9.000000e+00
1305.686249	35291.349698	2.550200e-04	9.000000e+00
1306.710355	35260.930889	2.552400e-04	9.000000e+00
1307.736214	35220.913396	2.555300e-04	9.000000e+00
1308.762849	35100.035100	2.564100e-04	9.000000e+00
1309.787393	35014.005602	2.570400e-04	9.000000e+00
1310.812578	34924.330617	2.577000e-04	9.000000e+00
1311.836568	34833.765530	2.583700e-04	9.000000e+00
1312.862920	34761.113901	2.589100e-04	9.000000e+00
1313.887864	34679.408138	2.595200e-04	9.000000e+00
1314.912063	34603.406513	2.600900e-04	9.000000e+00
1315.935980	34530.386740	2.606400e-04	9.000000e+00
1316.959446	34462.952326	2.611500e-04	9.000000e+00
1317.994517	34383.954155	2.617500e-04	9.000000e+00
1319.018558	34309.240622	2.623200e-04	9.000000e+00
1320.043155	34236.153378	2.628800e-04	9.000000e+00
1321.067034	34155.597723	2.635000e-04	9.000000e+00
1322.091272	34093.491931	2.639800e-04	9.000000e+00
1323.115455	34023.892333	2.645200e-04	9.000000e+00
1324.140225	33946.891973	2.651200e-04	9.000000e+00
1325.164277	33877.889031	2.656600e-04	9.000000e+00
1326.190574	33804.086538	2.662400e-04	9.000000e+00
1327.220234	33752.109507	2.666500e-04	9.000000e+00
1328.246653	33683.895355	2.671900e-04	9.000000e+00
1329.273841	33599.641604	2.678600e-04	9.000000e+00
1330.299722	33517.056458	2.685200e-04	9.000000e+00
1331.323578	33441.087950	2.691300e-04	9.000000e+00
1332.347624	33366.700033	2.697300e-04	9.000000e+00
1333.371790	33287.716832	2.703700e-04	9.000000e+00
1334.395515	33216.460602	2.709500e-04	9.000000e+00
1335.419675	33140.626726	2.715700e-04	9.000000e+00
1336.443552	33071.213346	2.721400e-04	9.000000e+00
1337.467884	33004.510616	2.726900e-04	9.000000e+00
1338.492475	32939.281924	2.732300e-04	9.000000e+00
1339.516537	32868.307647	2.738200e-04	9.000000e+00
1340.540422	32800.029156	2.743900e-04	9.000000e+00
1341.564728	32724.892735	2.750200e-04	9.000000e+00
1342.589375	32659.578329	2.755700e-04	9.000000e+00
1343.613647	32588.622950	2.761700e-04	9.000000e+00
1344.637617	32528.552841	2.766800e-04	9.000000e+00
1345.662347	32459.335666	2.772700e-04	9.000000e+00
1346.688211	32393.909945	2.778300e-04	9.000000e+00
1347.714395	32333.393210	2.783500e-04	9.000000e+00
1348.738519	32260.377088	2.789800e-04	9.000000e+00
1349.764619	32187.689997	2.796100e-04	9.000000e+00
1350.790660	32122.207153	2.801800e-04	9.000000e+00
1351.815137	32062.700392	2.807000e-04	9.000000e+00
1352.839224	31995.449536	2.812900e-04	9.000000e+00
1353.862371	31936.411057	2.818100e-04	9.000000e+00
1354.886244	31897.926635	2.821500e-04	9.000000e+00
1355.910152	31839.247179	2.826700e-04	9.000000e+00
1356.933580	31781.905502	2.831800e-04	9.000000e+00
1357.959665	31753.872208	2.834300e-04	9.000000e+00
1358.984034	31676.756300	2.841200e-04	9.000000e+00
1360.009308	31601.123596	2.848000e-04	9.000000e+00
1361.034579	31523.642732	2.855000e-04	9.000000e+00
1362.058631	31456.432841	2.861100e-04	9.000000e+00
1363.086687	31384.035987	2.867700e-04	9.000000e+00
1364.111723	31331.592689	2.872500e-04	9.000000e+00
1365.139499	31274.976544	2.877700e-04	9.000000e+00
1366.165284	31186.111785	2.885900e-04	9.000000e+00
1367.189332	31119.255904	2.892100e-04	9.000000e+00
1368.215332	31047.329930	2.898800e-04	9.000000e+00
1369.240143	30969.340353	2.906100e-04	9.000000e+00
1370.264408	30900.226602	2.912600e-04	9.000000e+00
1371.288255	30834.589557	2.918800e-04	9.000000e+00
1372.312388	30771.334792	2.924800e-04	9.000000e+00
1373.335345	30724.063770	2.929300e-04	9.000000e+00
1374.359525	30651.862952	2.936200e-04	9.000000e+00
1375.383340	30562.347188	2.944800e-04	9.000000e+00
1376.407493	30492.969676	2.951500e-04	9.000000e+00
1377.432218	30430.078442	2.957600e-04	9.000000e+00
1378.457218	30355.155317	2.964900e-04	9.000000e+00
1379.481326	30288.752776	2.971400e-04	9.000000e+00
1380.505621	30233.808116	2.976800e-04	9.000000e+00
1381.530289	30178.050498	2.982300e-04	9.000000e+00
1382.555581	30114.434852	2.988600e-04	9.000000e+00
1383.579460	30043.061722	2.995700e-04	9.000000e+00
1384.604594	29985.007496	3.001500e-04	9.000000e+00
1385.629203	29918.223522	3.008200e-04	9.000000e+00
1386.654282	29859.659600	3.014100e-04	9.000000e+00
1387.678736	29796.391326	3.020500e-04	9.000000e+00
1388.703689	29735.355337	3.026700e-04	9.000000e+00
1389.729592	29665.765706	3.033800e-04	9.000000e+00
1390.754027	29603.315571	3.040200e-04	9.000000e+00
1391.778885	29540.158204	3.046700e-04	9.000000e+00
1392.803615	29481.132075	3.052800e-04	9.000000e+00
1393.828589	29416.571335	3.059500e-04	9.000000e+00
1394.852937	29354.207436	3.066000e-04	9.000000e+00
1395.880553	29296.875000	3.072000e-04	9.000000e+00
1396.905692	29227.421817	3.079300e-04	9.000000e+00
1397.930671	29163.966299	3.086000e-04	9.000000e+00
1398.955475	29095.141111	3.093300e-04	9.000000e+00
1399.981306	29033.194619	3.099900e-04	9.000000e+00
1401.005834	28971.511347	3.106500e-04	9.000000e+00
1402.029733	28916.591698	3.112400e-04	9.000000e+00
1403.053532	28853.552193	3.119200e-04	9.000000e+00
1404.077974	28812.908183	3.123600e-04	9.000000e+00
1405.103883	28758.587634	3.129500e-04	9.000000e+00
1406.129869	28702.640643	3.135600e-04	9.000000e+00
1407.153679	28636.884307	3.142800e-04	9.000000e+00
1408.178768	28578.686651	3.149200e-04	9.000000e+00
1409.203419	28521.628902	3.155500e-04	9.000000e+00
1410.227548	28458.498024	3.162500e-04	9.000000e+00
1411.251734	28401.022437	3.168900e-04	9.000000e+00
1412.276572	28346.456693	3.175000e-04	9.000000e+00
1413.301305	28294.768612	3.180800e-04	9.000000e+00
1414.325878	28238.837815	3.187100e-04	9.000000e+00
1415.349793	28184.010272	3.193300e-04	9.000000e+00
1416.373811	28141.709140	3.198100e-04	9.000000e+00
1417.397829	28093.394931	3.203600e-04	9.000000e+00
1418.422611	28040.003739	3.209700e-04	9.000000e+00
1419.446669	27965.943695	3.218200e-04	9.000000e+00
1420.471481	27899.190923	3.225900e-04	9.000000e+00
1421.495419	27838.782517	3.232900e-04	9.000000e+00
1422.519760	27767.493521	3.241200e-04	9.000000e+00
1423.543618	27699.978456	3.249100e-04	9.000000e+00
1424.567531	27646.372182	3.255400e-04	9.000000e+00
1425.592214	27589.589528	3.262100e-04	9.000000e+00
1426.616750	27527.986787	3.269400e-04	9.000000e+00
1427.646393	27470.850375	3.276200e-04	9.000000e+00
1428.670919	27413.950655	3.283000e-04	9.000000e+00
1429.694893	27373.927854	3.287800e-04	9.000000e+00
1430.719317	27322.404372	3.294000e-04	9.000000e+00
1431.745115	27271.900851	3.300100e-04	9.000000e+00
1432.771673	27215.821464	3.306900e-04	9.000000e+00
1433.797170	27164.070989	3.313200e-04	9.000000e+00
1434.821711	27112.516945	3.319500e-04	9.000000e+00
1435.846253	27050.584593	3.327100e-04	9.000000e+00
1436.871463	26988.125225	3.334800e-04	9.000000e+00
1437.894811	26929.176266	3.342100e-04	9.000000e+00
1438.918696	26867.275658	3.349800e-04	9.000000e+00
1439.943094	26804.860615	3.357600e-04	9.000000e+00
1440.966699	26736.379300	3.366200e-04	9.000000e+00
1441.990949	26676.942230	3.373700e-04	9.000000e+00
1443.015066	26619.343390	3.381000e-04	9.000000e+00
1444.039539	26559.641150	3.388600e-04	9.000000e+00
1445.063583	26502.547189	3.395900e-04	9.000000e+00
1446.087518	26448.029622	3.402900e-04	9.000000e+00
1447.113153	26393.735887	3.409900e-04	9.000000e+00
1448.138107	26332.728656	3.417800e-04	9.000000e+00
1449.163803	26275.070797	3.425300e-04	9.000000e+00
1450.188739	26219.956300	3.432500e-04	9.000000e+00
1451.212504	26163.551266	3.439900e-04	9.000000e+00
1452.235896	26117.237377	3.446000e-04	9.000000e+00
1453.259841	26068.066618	3.452500e-04	9.000000e+00
1454.284646	26007.802341	3.460500e-04	9.000000e+00
1455.307924	25965.782868	3.466100e-04	9.000000e+00
1456.332142	25904.498748	3.474300e-04	9.000000e+00
1457.355766	25855.382229	3.480900e-04	9.000000e+00
1458.380841	25817.555938	3.486000e-04	9.000000e+00
1459.404734	25781.317139	3.490900e-04	9.000000e+00
1460.431823	25728.252480	3.498100e-04	9.000000e+00
1461.456159	25662.959795	3.507000e-04	9.000000e+00
1462.484518	25608.194622	3.514500e-04	9.000000e+00
1463.508584	25541.334393	3.523700e-04	9.000000e+00
1464.531914	25493.584115	3.530300e-04	9.000000e+00
1465.556393	25440.976934	3.537600e-04	9.000000e+00
1466.580894	25391.451545	3.544500e-04	9.000000e+00
1467.605158	25362.114637	3.548600e-04	9.000000e+00
1468.629766	25305.066637	3.556600e-04	9.000000e+00
1469.654284	25251.816728	3.564100e-04	9.000000e+00
1470.679858	25193.147464	3.572400e-04	9.000000e+00
1471.705031	25140.367049	3.579900e-04	9.000000e+00
1472.729073	25099.001617	3.585800e-04	9.000000e+00
1473.753758	25050.797450	3.592700e-04	9.000000e+00
1474.784663	24990.281557	3.601400e-04	9.000000e+00
1475.809904	24938.346865	3.608900e-04	9.000000e+00
1476.834058	24888.003982	3.616200e-04	9.000000e+00
1477.858817	24833.066608	3.624200e-04	9.000000e+00
1478.882887	24779.053440	3.632100e-04	9.000000e+00
1479.907384	24731.389629	3.639100e-04	9.000000e+00
1480.931873	24671.052632	3.648000e-04	9.000000e+00
1481.956633	24615.047999	3.656300e-04	9.000000e+00
1482.980025	24555.276656	3.665200e-04	9.000000e+00
1484.005012	24500.462787	3.673400e-04	9.000000e+00
1485.030705	24457.850970	3.679800e-04	9.000000e+00
1486.054713	24402.809034	3.688100e-04	9.000000e+00
1487.079119	24348.014284	3.696400e-04	9.000000e+00
1488.103948	24295.432459	3.704400e-04	9.000000e+00
1489.128756	24243.730302	3.712300e-04	9.000000e+00
1490.154865	24189.646831	3.720600e-04	9.000000e+00
1491.179268	24144.221483	3.727600e-04	9.000000e+00
1492.203237	24100.257069	3.734400e-04	9.000000e+00
1493.227625	24044.241404	3.743100e-04	9.000000e+00
1494.252080	23992.322457	3.751200e-04	9.000000e+00
1495.276115	23939.353637	3.759500e-04	9.000000e+00
1496.299883	23891.056781	3.767100e-04	9.000000e+00
1497.324668	23849.272597	3.773700e-04	9.000000e+00
1498.348854	23803.856225	3.780900e-04	9.000000e+00
1499.372963	23761.121525	3.787700e-04	9.000000e+00
1500.397020	23702.923361	3.797000e-04	9.000000e+00
1501.421826	23653.709690	3.804900e-04	9.000000e+00
1502.445834	23609.653725	3.812000e-04	9.000000e+00
1503.470011	23555.276382	3.820800e-04	9.000000e+00
1504.493962	23500.535290	3.829700e-04	9.000000e+00
1505.518160	23452.768730	3.837500e-04	9.000000e+00
1506.542860	23397.894190	3.846500e-04	9.000000e+00
1507.566672	23351.149395	3.854200e-04	9.000000e+00
1508.591012	23294.336888	3.863600e-04	9.000000e+00
1509.615295	23252.809715	3.870500e-04	9.000000e+00
1510.639972	23209.036051	3.877800e-04	9.000000e+00
1511.663990	23158.869847	3.886200e-04	9.000000e+00
1512.692267	23118.417673	3.893000e-04	9.000000e+00
1513.717610	23075.148066	3.900300e-04	9.000000e+00
1514.742745	23034.987587	3.907100e-04	9.000000e+00
1515.766983	22988.505747	3.915000e-04	9.000000e+00
1516.790839	22939.287353	3.923400e-04	9.000000e+00
1517.814827	22893.190548	3.931300e-04	9.000000e+00
1518.839366	22842.639594	3.940000e-04	9.000000e+00
1519.863263	22797.507473	3.947800e-04	9.000000e+00
1520.887094	22746.227917	3.956700e-04	9.000000e+00
1521.910985	22699.185351	3.964900e-04	9.000000e+00
1522.935887	22651.766838	3.973200e-04	9.000000e+00
1523.960234	22602.842935	3.981800e-04	9.000000e+00
1524.984193	22556.956315	3.989900e-04	9.000000e+00
1526.008134	22509.003601	3.998400e-04	9.000000e+00
1527.032291	22458.451864	4.007400e-04	9.000000e+00
1528.056923	22415.940224	4.015000e-04	9.000000e+00
1529.081709	22378.039684	4.021800e-04	9.000000e+00
1530.107779	22324.750707	4.031400e-04	9.000000e+00
1531.133070	22273.919715	4.040600e-04	9.000000e+00
1532.159490	22216.188196	4.051100e-04	9.000000e+00
1533.184727	22157.664090	4.061800e-04	9.000000e+00
1534.208198	22104.875353	4.071500e-04	9.000000e+00
1535.231980	22058.282885	4.080100e-04	9.000000e+00
1536.257204	22005.966062	4.089800e-04	9.000000e+00
1537.282127	21959.253385	4.098500e-04	9.000000e+00
1538.306039	21922.880179	4.105300e-04	9.000000e+00
1539.330211	21871.734429	4.114900e-04	9.000000e+00
1540.354109	21834.061135	4.122000e-04	9.000000e+00
1541.378252	21794.406102	4.129500e-04	9.000000e+00
1542.401805	21759.102558	4.136200e-04	9.000000e+00
1543.425188	21727.584375	4.142200e-04	9.000000e+00
1544.449701	21688.837478	4.149600e-04	9.000000e+00
1545.473984	21648.666202	4.157300e-04	9.000000e+00
1546.500269	21609.681137	4.164800e-04	9.000000e+00
1547.523957	21574.973031	4.171500e-04	9.000000e+00
1548.548999	21543.469935	4.177600e-04	9.000000e+00
1549.573762	21507.945991	4.184500e-04	9.000000e+00
1550.598847	21480.226258	4.189900e-04	9.000000e+00
1551.622879	21448.487882	4.196100e-04	9.000000e+00
1552.646334	21414.804768	4.202700e-04	9.000000e+00
1553.670162	21394.442199	4.206700e-04	9.000000e+00
1554.694880	21367.014078	4.212100e-04	9.000000e+00
1555.719101	21331.058020	4.219200e-04	9.000000e+00
1556.744512	21304.296366	4.224500e-04	9.000000e+00
1557.769722	21269.556175	4.231400e-04	9.000000e+00
1558.794178	21235.430135	4.238200e-04	9.000000e+00
1559.818874	21209.907383	4.243300e-04	9.000000e+00
1560.842039	21188.934667	4.247500e-04	9.000000e+00
1561.866508	21168.999177	4.251500e-04	9.000000e+00
1562.890994	21148.604192	4.255600e-04	9.000000e+00
1563.914869	21108.922038	4.263600e-04	9.000000e+00
1564.938195	21070.868354	4.271300e-04	9.000000e+00
1565.963024	21031.968592	4.279200e-04	9.000000e+00
1566.987215	21007.912981	4.284100e-04	9.000000e+00
1568.011245	20985.380185	4.288700e-04	9.000000e+00
1569.035241	20958.014112	4.294300e-04	9.000000e+00
1570.059846	20929.745820	4.300100e-04	9.000000e+00
1571.083891	20899.612196	4.306300e-04	9.000000e+00
1572.108381	20877.311002	4.310900e-04	9.000000e+00
1573.133277	20856.507230	4.315200e-04	9.000000e+00
1574.157824	20827.547903	4.321200e-04	9.000000e+00
1575.182136	20796.746465	4.327600e-04	9.000000e+00
1576.205966	20770.349173	4.333100e-04	9.000000e+00
1577.229446	20742.106476	4.339000e-04	9.000000e+00
1578.253241	20720.617014	4.343500e-04	9.000000e+00
1579.277353	20696.791997	4.348500e-04	9.000000e+00
1580.301052	20673.971470	4.353300e-04	9.000000e+00
1581.325522	20644.095789	4.359600e-04	9.000000e+00
1582.350986	20619.501466	4.364800e-04	9.000000e+00
1583.379548	20599.208075	4.369100e-04	9.000000e+00
1584.407909	20575.190892	4.374200e-04	9.000000e+00
1585.434141	20555.923532	4.378300e-04	9.000000e+00
1586.458713	20536.223617	4.382500e-04	9.000000e+00
1587.485112	20514.223195	4.387200e-04	9.000000e+00
1588.511199	20496.003279	4.391100e-04	9.000000e+00
1589.536103	20474.554678	4.395700e-04	9.000000e+00
1590.560072	20455.010341	4.399900e-04	9.000000e+00
1591.583974	20432.255721	4.404800e-04	9.000000e+00
1592.608898	20413.718019	4.408800e-04	9.000000e+00
1593.633941	20395.676117	4.412700e-04	9.000000e+00
1594.658878	20377.666078	4.416600e-04	9.000000e+00
1595.683317	20369.825498	4.418300e-04	9.000000e+00
1596.710103	20356.924747	4.421100e-04	9.000000e+00
1597.735210	20337.604230	4.425300e-04	9.000000e+00
1598.759179	20328.416868	4.427300e-04	9.000000e+00
1599.783900	20327.039480	4.427600e-04	9.000000e+00
1600.809020	20316.027088	4.430000e-04	9.000000e+00
1601.832429	20305.484737	4.432300e-04	9.000000e+00
1602.857424	20300.904518	4.433300e-04	9.000000e+00
1603.881197	20287.176250	4.436300e-04	9.000000e+00
1604.905242	20266.162264	4.440900e-04	9.000000e+00
1605.930765	20251.569497	4.444100e-04	9.000000e+00
1606.960393	20237.452779	4.447200e-04	9.000000e+00
1607.984951	20216.995754	4.451700e-04	9.000000e+00
1609.009162	20207.463290	4.453800e-04	9.000000e+00
1610.033254	20188.425303	4.458000e-04	9.000000e+00
1611.057137	20180.277142	4.459800e-04	9.000000e+00
1612.080372	20167.615292	4.462600e-04	9.000000e+00
1613.104242	20153.164047	4.465800e-04	9.000000e+00
1614.128431	20140.085483	4.468700e-04	9.000000e+00
1615.153143	20125.223614	4.472000e-04	9.000000e+00
1616.180321	20104.543627	4.476600e-04	9.000000e+00
1617.205016	20086.147254	4.480700e-04	9.000000e+00
1618.229387	20075.842070	4.483000e-04	9.000000e+00
1619.253360	20061.074828	4.486300e-04	9.000000e+00
1620.280631	20051.688798	4.488400e-04	9.000000e+00
1621.305518	20047.222346	4.489400e-04	9.000000e+00
1622.329574	20044.989866	4.489900e-04	9.000000e+00
1623.353475	20032.497162	4.492700e-04	9.000000e+00
1624.377995	20035.172859	4.492100e-04	9.000000e+00
1625.402120	20047.668902	4.489300e-04	9.000000e+00
1626.426247	20044.543430	4.490000e-04	9.000000e+00
1627.450480	20017.793594	4.496000e-04	9.000000e+00
1628.474636	20021.801517	4.495100e-04	9.000000e+00
1629.498422	20014.232343	4.496800e-04	9.000000e+00
1630.522324	20000.888928	4.499800e-04	9.000000e+00
1631.546093	19972.482358	4.506200e-04	9.000000e+00
1632.570388	19955.654102	4.510000e-04	9.000000e+00
1633.594452	19940.179462	4.513500e-04	9.000000e+00
1634.617602	19926.052206	4.516700e-04	9.000000e+00
1635.640761	19912.385504	4.519800e-04	9.000000e+00
1636.664613	19905.339054	4.521400e-04	9.000000e+00
1637.691193	19888.623707	4.525200e-04	9.000000e+00
1638.715624	19878.520155	4.527500e-04	9.000000e+00
1639.739522	19864.041670	4.530800e-04	9.000000e+00
1640.763552	19854.401059	4.533000e-04	9.000000e+00
1641.788096	19841.269841	4.536000e-04	9.000000e+00
1642.812381	19833.399445	4.537800e-04	9.000000e+00
1643.836563	19825.098575	4.539700e-04	9.000000e+00
1644.860480	19813.750743	4.542300e-04	9.000000e+00
1645.885125	19808.517663	4.543500e-04	9.000000e+00
1646.909209	19799.366420	4.545600e-04	9.000000e+00
1647.933161	19788.918206	4.548000e-04	9.000000e+00
1648.957869	19779.350358	4.550200e-04	9.000000e+00
1649.981322	19771.094660	4.552100e-04	9.000000e+00
1651.005341	19765.449993	4.553400e-04	9.000000e+00
1652.029333	19767.186470	4.553000e-04	9.000000e+00
1653.053405	19757.205892	4.555300e-04	9.000000e+00
1654.078644	19745.935628	4.557900e-04	9.000000e+00
1655.102522	19739.006470	4.559500e-04	9.000000e+00
1656.127366	19731.649566	4.561200e-04	9.000000e+00
1657.152019	19719.544259	4.564000e-04	9.000000e+00
1658.175534	19709.180098	4.566400e-04	9.000000e+00
1659.199395	19696.671263	4.569300e-04	9.000000e+00
1660.224217	19683.747786	4.572300e-04	9.000000e+00
1661.249286	19676.432007	4.574000e-04	9.000000e+00
1662.273444	19672.131148	4.575000e-04	9.000000e+00
1663.298585	19666.972597	4.576200e-04	9.000000e+00
1664.322367	19657.092934	4.578500e-04	9.000000e+00
1665.346252	19644.221325	4.581500e-04	9.000000e+00
1666.370203	19648.509988	4.580500e-04	9.000000e+00
1667.395507	19650.655022	4.580000e-04	9.000000e+00
1668.419372	19652.800524	4.579500e-04	9.000000e+00
1669.443215	19636.078021	4.583400e-04	9.000000e+00
1670.468628	19629.653864	4.584900e-04	9.000000e+00
1671.493287	19637.363357	4.583100e-04	9.000000e+00
1672.518289	19645.507727	4.581200e-04	9.000000e+00
1673.543133	19652.371386	4.579600e-04	9.000000e+00
1674.566805	19645.078908	4.581300e-04	9.000000e+00
1675.590664	19627.941465	4.585300e-04	9.000000e+00
1676.614591	19615.963035	4.588100e-04	9.000000e+00
1677.640226	19592.049981	4.593700e-04	9.000000e+00
1678.666115	19575.430659	4.597600e-04	9.000000e+00
1679.691539	19561.390163	4.600900e-04	9.000000e+00
1680.717270	19547.369793	4.604200e-04	9.000000e+00
1681.740745	19534.217438	4.607300e-04	9.000000e+00
1682.764554	19524.047118	4.609700e-04	9.000000e+00
1683.789468	19513.887383	4.612100e-04	9.000000e+00
1684.815725	19499.512512	4.615500e-04	9.000000e+00
1685.840386	19492.333016	4.617200e-04	9.000000e+00
1686.863784	19482.206252	4.619600e-04	9.000000e+00
1687.888119	19477.146814	4.620800e-04	9.000000e+00
1688.914407	19472.511305	4.621900e-04	9.000000e+00
1689.938646	19468.299120	4.622900e-04	9.000000e+00
1690.963466	19461.984257	4.624400e-04	9.000000e+00
1691.987994	19460.300986	4.624800e-04	9.000000e+00
1693.011573	19451.888995	4.626800e-04	9.000000e+00
1694.036452	19448.526234	4.627600e-04	9.000000e+00
1695.060617	19444.324418	4.628600e-04	9.000000e+00
1696.085391	19443.484272	4.628800e-04	9.000000e+00
1697.109553	19438.444924	4.630000e-04	9.000000e+00
1698.134280	19432.149412	4.631500e-04	9.000000e+00
1699.157594	19424.600177	4.633300e-04	9.000000e+00
1700.181637	19420.408692	4.634300e-04	9.000000e+00
1701.205487	19417.894669	4.634900e-04	9.000000e+00
1702.230580	19411.193788	4.636500e-04	9.000000e+00
1703.254459	19406.171162	4.637700e-04	9.000000e+00
1704.278567	19412.868575	4.636100e-04	9.000000e+00
1705.302158	19424.600177	4.633300e-04	9.000000e+00
1706.327297	19438.444924	4.630000e-04	9.000000e+00
1707.350684	19445.584772	4.628300e-04	9.000000e+00
1708.374752	19428.374061	4.632400e-04	9.000000e+00
1709.399791	19410.356504	4.636700e-04	9.000000e+00
1710.424393	19409.519291	4.636900e-04	9.000000e+00
1711.448403	19393.208068	4.640800e-04	9.000000e+00
1712.471688	19393.625962	4.640700e-04	9.000000e+00
1713.496834	19391.118868	4.641300e-04	9.000000e+00
1714.521265	19378.593114	4.644300e-04	9.000000e+00
1715.544539	19371.085426	4.646100e-04	9.000000e+00
1716.569393	19358.169147	4.649200e-04	9.000000e+00
1717.594476	19362.333807	4.648200e-04	9.000000e+00
1718.619585	19364.000172	4.647800e-04	9.000000e+00
1719.643300	19347.765333	4.651700e-04	9.000000e+00
1720.668461	19331.972935	4.655500e-04	9.000000e+00
1721.695218	19325.746189	4.657000e-04	9.000000e+00
1722.719640	19319.938176	4.658400e-04	9.000000e+00
1723.744781	19308.332618	4.661200e-04	9.000000e+00
1724.768772	19298.396089	4.663600e-04	9.000000e+00
1725.793759	19294.258886	4.664600e-04	9.000000e+00
1726.819353	19288.883174	4.665900e-04	9.000000e+00
1727.844540	19280.618694	4.667900e-04	9.000000e+00
1728.868571	19274.424980	4.669400e-04	9.000000e+00
1729.892571	19270.710661	4.670300e-04	9.000000e+00
1730.916769	19263.286317	4.672100e-04	9.000000e+00
1731.940801	19252.160520	4.674800e-04	9.000000e+00
1732.964695	19242.693122	4.677100e-04	9.000000e+00
1733.988640	19240.636224	4.677600e-04	9.000000e+00
1735.013846	19242.281707	4.677200e-04	9.000000e+00
1736.038633	19245.161980	4.676500e-04	9.000000e+00
1737.062702	19249.278152	4.675500e-04	9.000000e+00
1738.086626	19248.866456	4.675600e-04	9.000000e+00
1739.110859	19239.402296	4.677900e-04	9.000000e+00
1740.136767	19234.879248	4.679000e-04	9.000000e+00
1741.161769	19232.824020	4.679500e-04	9.000000e+00
1742.185802	19230.769231	4.680000e-04	9.000000e+00
1743.210691	19225.428834	4.681300e-04	9.000000e+00
1744.235875	19222.554464	4.682000e-04	9.000000e+00
1745.261381	19215.577428	4.683700e-04	9.000000e+00
1746.285831	19209.015431	4.685300e-04	9.000000e+00
1747.309942	19200.819235	4.687300e-04	9.000000e+00
1748.334385	19223.375625	4.681800e-04	9.000000e+00
1749.358321	19215.577428	4.683700e-04	9.000000e+00
1750.381625	19216.808302	4.683400e-04	9.000000e+00
1751.405472	19209.835436	4.685100e-04	9.000000e+00
1752.429654	19220.501869	4.682500e-04	9.000000e+00
1753.454483	19212.295869	4.684500e-04	9.000000e+00
1754.477880	19197.133228	4.688200e-04	9.000000e+00
1755.501790	19189.765458	4.690000e-04	9.000000e+00
1756.526331	19180.359312	4.692300e-04	9.000000e+00
1757.552676	19170.962382	4.694600e-04	9.000000e+00
1758.576561	19162.390615	4.696700e-04	9.000000e+00
1759.600753	19158.719346	4.697600e-04	9.000000e+00
1760.625537	19152.603690	4.699100e-04	9.000000e+00
1761.649818	19145.677332	4.700800e-04	9.000000e+00
1762.673674	19135.093762	4.703400e-04	9.000000e+00
1763.697701	19129.806364	4.704700e-04	9.000000e+00
1764.722131	19126.147569	4.705600e-04	9.000000e+00
1765.746691	19120.458891	4.707000e-04	9.000000e+00
1766.770789	19117.615821	4.707700e-04	9.000000e+00
1767.794641	19119.240329	4.707300e-04	9.000000e+00
1768.819074	19111.120549	4.709300e-04	9.000000e+00
1769.843010	19105.846389	4.710600e-04	9.000000e+00
1770.867747	19097.332739	4.712700e-04	9.000000e+00
1771.891637	19091.256205	4.714200e-04	9.000000e+00
1772.915718	19085.588260	4.715600e-04	9.000000e+00
1773.939773	19083.969466	4.716000e-04	9.000000e+00
1774.964446	19078.305846	4.717400e-04	9.000000e+00
1775.987947	19074.666723	4.718300e-04	9.000000e+00
1777.011906	19075.475297	4.718100e-04	9.000000e+00
1778.035832	19071.433112	4.719100e-04	9.000000e+00
1779.060706	19064.565328	4.720800e-04	9.000000e+00
1780.084739	19063.353879	4.721100e-04	9.000000e+00
1781.109755	19060.527765	4.721800e-04	9.000000e+00
1782.137319	19057.702488	4.722500e-04	9.000000e+00
1783.161801	19054.878049	4.723200e-04	9.000000e+00
1784.185565	19051.247857	4.724100e-04	9.000000e+00
1785.209522	19047.619048	4.725000e-04	9.000000e+00
1786.233942	19044.394600	4.725800e-04	9.000000e+00
1787.258549	19041.574103	4.726500e-04	9.000000e+00
1788.281953	19039.962766	4.726900e-04	9.000000e+00
1789.305740	19034.727803	4.728200e-04	9.000000e+00
1790.330485	19029.898084	4.729400e-04	9.000000e+00
1791.356024	19024.266509	4.730800e-04	9.000000e+00
1792.379662	19022.658099	4.731200e-04	9.000000e+00
1793.403238	19022.658099	4.731200e-04	9.000000e+00
1794.427188	19021.853997	4.731400e-04	9.000000e+00
1795.451855	19008.997592	4.734600e-04	9.000000e+00
1796.475917	19000.570017	4.736700e-04	9.000000e+00
1797.499923	19002.977133	4.736100e-04	9.000000e+00
1798.524460	18994.554894	4.738200e-04	9.000000e+00
1799.549431	18999.767781	4.736900e-04	9.000000e+00
1800.574747	18994.154021	4.738300e-04	9.000000e+00
1801.598652	18989.344868	4.739500e-04	9.000000e+00
1802.622609	18980.534407	4.741700e-04	9.000000e+00
1803.646696	18980.934706	4.741600e-04	9.000000e+00
1804.670009	18981.735352	4.741400e-04	9.000000e+00
1805.693908	18980.134126	4.741800e-04	9.000000e+00
1806.718548	18980.134126	4.741800e-04	9.000000e+00
1807.744837	18978.533170	4.742200e-04	9.000000e+00
1808.769659	18974.932006	4.743100e-04	9.000000e+00
1809.792705	18974.932006	4.743100e-04	9.000000e+00
1810.816801	18967.733777	4.744900e-04	9.000000e+00
1811.841583	18967.733777	4.744900e-04	9.000000e+00
1812.867083	18963.737120	4.745900e-04	9.000000e+00
1813.891142	18959.342743	4.747000e-04	9.000000e+00
1814.914750	18955.349621	4.748000e-04	9.000000e+00
1815.939670	18953.353691	4.748500e-04	9.000000e+00
1816.963950	18950.959129	4.749100e-04	9.000000e+00
1817.987683	18949.762075	4.749400e-04	9.000000e+00
1819.010838	18946.171821	4.750300e-04	9.000000e+00
1820.035484	18940.988299	4.751600e-04	9.000000e+00
1821.059991	18938.198346	4.752300e-04	9.000000e+00
1822.085673	18937.401368	4.752500e-04	9.000000e+00
1823.111403	18934.612472	4.753200e-04	9.000000e+00
1824.136006	18931.027955	4.754100e-04	9.000000e+00
1825.159967	18929.833417	4.754400e-04	9.000000e+00
1826.184083	18927.842857	4.754900e-04	9.000000e+00
1827.208959	18931.824397	4.753900e-04	9.000000e+00
1828.233185	18932.222643	4.753800e-04	9.000000e+00
1829.257105	18933.815795	4.753400e-04	9.000000e+00
1830.281604	18932.222643	4.753800e-04	9.000000e+00
1831.305846	18928.639031	4.754700e-04	9.000000e+00
1832.330043	18925.056775	4.755600e-04	9.000000e+00
1833.353994	18925.852715	4.755400e-04	9.000000e+00
1834.378974	18924.260902	4.755800e-04	9.000000e+00
1835.402817	18923.862991	4.755900e-04	9.000000e+00
1836.426327	18924.260902	4.755800e-04	9.000000e+00
1837.450104	18919.884799	4.756900e-04	9.000000e+00
1838.476069	18918.293990	4.757300e-04	9.000000e+00
1839.500043	18911.933430	4.758900e-04	9.000000e+00
1840.523842	18908.357494	4.759800e-04	9.000000e+00
1841.549312	18905.180019	4.760600e-04	9.000000e+00
1842.573952	18898.828273	4.762200e-04	9.000000e+00
1843.597635	18898.828273	4.762200e-04	9.000000e+00
1844.621135	18890.894589	4.764200e-04	9.000000e+00
1845.646042	18888.515782	4.764800e-04	9.000000e+00
1846.672586	18886.930244	4.765200e-04	9.000000e+00
1847.701397	18886.137575	4.765400e-04	9.000000e+00
1848.727971	18885.344972	4.765600e-04	9.000000e+00
1849.755456	18880.590753	4.766800e-04	9.000000e+00
1850.783585	18879.402572	4.767100e-04	9.000000e+00
1851.809578	18876.234820	4.767900e-04	9.000000e+00
1852.834089	18889.705111	4.764500e-04	9.000000e+00
1853.857928	18908.754753	4.759700e-04	9.000000e+00
1854.881834	18917.498686	4.757500e-04	9.000000e+00
1855.905426	18924.260902	4.755800e-04	9.000000e+00
1856.930038	18921.475875	4.756500e-04	9.000000e+00
1857.953496	18918.293990	4.757300e-04	9.000000e+00
1858.977059	18926.250710	4.755300e-04	9.000000e+00
1860.001700	18912.728266	4.758700e-04	9.000000e+00
1861.026754	18897.241003	4.762600e-04	9.000000e+00
1862.050503	18886.930244	4.765200e-04	9.000000e+00
1863.074910	18878.610534	4.767300e-04	9.000000e+00
1864.100135	18868.320091	4.769900e-04	9.000000e+00
1865.124205	18861.202506	4.771700e-04	9.000000e+00
1866.149951	18859.621550	4.772100e-04	9.000000e+00
1867.174036	18860.807243	4.771800e-04	9.000000e+00
1868.198238	18864.365214	4.770900e-04	9.000000e+00
1869.222004	18869.506877	4.769600e-04	9.000000e+00
1870.247154	18875.443049	4.768100e-04	9.000000e+00
1871.271051	18863.179074	4.771200e-04	9.000000e+00
1872.295444	18856.065368	4.773000e-04	9.000000e+00
1873.321502	18851.720743	4.774100e-04	9.000000e+00
1874.346134	18852.905442	4.773800e-04	9.000000e+00
1875.370872	18854.880272	4.773300e-04	9.000000e+00
1876.394120	18861.993084	4.771500e-04	9.000000e+00
1877.418454	18862.388398	4.771400e-04	9.000000e+00
1878.442211	18865.946966	4.770500e-04	9.000000e+00
1879.466132	18859.226353	4.772200e-04	9.000000e+00
1880.490236	18842.642995	4.776400e-04	9.000000e+00
1881.515187	18831.209591	4.779300e-04	9.000000e+00
1882.540302	18827.270255	4.780300e-04	9.000000e+00
1883.564897	18820.970744	4.781900e-04	9.000000e+00
1884.590006	18814.675447	4.783500e-04	9.000000e+00
1885.614963	18806.026287	4.785700e-04	9.000000e+00
1886.641747	18799.348289	4.787400e-04	9.000000e+00
1887.666975	18798.170311	4.787700e-04	9.000000e+00
1888.690222	18798.562954	4.787600e-04	9.000000e+00
1889.714261	18793.067446	4.789000e-04	9.000000e+00
1890.738785	18791.497891	4.789400e-04	9.000000e+00
1891.762395	18790.320897	4.789700e-04	9.000000e+00
1892.786730	18785.222292	4.791000e-04	9.000000e+00
1893.811948	18782.086064	4.791800e-04	9.000000e+00
1894.835952	18778.950883	4.792600e-04	9.000000e+00
1895.861106	18777.383685	4.793000e-04	9.000000e+00
1896.885070	18775.816748	4.793400e-04	9.000000e+00
1897.909143	18774.641717	4.793700e-04	9.000000e+00
1898.933627	18775.033378	4.793600e-04	9.000000e+00
1899.958960	18771.900551	4.794400e-04	9.000000e+00
1900.983197	18772.292097	4.794300e-04	9.000000e+00
1902.006969	18774.641717	4.793700e-04	9.000000e+00
1903.031592	18776.600184	4.793200e-04	9.000000e+00
1904.056934	18780.518342	4.792200e-04	9.000000e+00
1905.080917	18782.478035	4.791700e-04	9.000000e+00
1906.104523	18783.262027	4.791500e-04	9.000000e+00
1907.129115	18800.133690	4.787200e-04	9.000000e+00
1908.152989	18802.883109	4.786500e-04	9.000000e+00
1909.176964	18799.348289	4.787400e-04	9.000000e+00
1910.201013	18807.598270	4.785300e-04	9.000000e+00
1911.224529	18799.740981	4.787300e-04	9.000000e+00
1912.248318	18816.248876	4.783100e-04	9.000000e+00
1913.272001	18816.248876	4.783100e-04	9.000000e+00
1914.296079	18827.270255	4.780300e-04	9.000000e+00
1915.320660	18834.756404	4.778400e-04	9.000000e+00
1916.345648	18830.815584	4.779400e-04	9.000000e+00
1917.369923	18810.349873	4.784600e-04	9.000000e+00
1918.394344	18806.812245	4.785500e-04	9.000000e+00
1919.418263	18801.311914	4.786900e-04	9.000000e+00
1920.441718	18791.497891	4.789400e-04	9.000000e+00
1921.466374	18791.105543	4.789500e-04	9.000000e+00
1922.489964	18782.478035	4.791700e-04	9.000000e+00
1923.514057	18767.594620	4.795500e-04	9.000000e+00
1924.542143	18759.770714	4.797500e-04	9.000000e+00
1925.568189	18748.047078	4.800500e-04	9.000000e+00
1926.593330	18740.629685	4.802400e-04	9.000000e+00
1927.616454	18736.338087	4.803500e-04	9.000000e+00
1928.641794	18734.388010	4.804000e-04	9.000000e+00
1929.666223	18730.878894	4.804900e-04	9.000000e+00
1930.690841	18730.878894	4.804900e-04	9.000000e+00
1931.714070	18730.878894	4.804900e-04	9.000000e+00
1932.737941	18728.929954	4.805400e-04	9.000000e+00
1933.762141	18724.643712	4.806500e-04	9.000000e+00
1934.786385	18725.812492	4.806200e-04	9.000000e+00
1935.809934	18728.929954	4.805400e-04	9.000000e+00
1936.833908	18727.371093	4.805800e-04	9.000000e+00
1937.858265	18728.150491	4.805600e-04	9.000000e+00
1938.881470	18733.218159	4.804300e-04	9.000000e+00
1939.905352	18732.048454	4.804600e-04	9.000000e+00
1940.929818	18731.658584	4.804700e-04	9.000000e+00
