Time	SourceV	Current	Voltage
1.030279	5846153.846154	1.625000e-06	9.500000e+00
2.076382	5100123.476674	1.862700e-06	9.500000e+00
3.107400	4709965.294993	2.017000e-06	9.500000e+00
4.134739	4411218.424963	2.153600e-06	9.500000e+00
5.161117	4132411.153160	2.298900e-06	9.500000e+00
6.189453	3879134.340547	2.449000e-06	9.500000e+00
7.213435	3668803.583842	2.589400e-06	9.500000e+00
8.237138	3486238.532110	2.725000e-06	9.500000e+00
9.261269	3327845.307738	2.854700e-06	9.500000e+00
10.285562	3192633.418470	2.975600e-06	9.500000e+00
11.309482	3072643.767385	3.091800e-06	9.500000e+00
12.335152	2970142.254182	3.198500e-06	9.500000e+00
13.358626	2882456.459737	3.295800e-06	9.500000e+00
14.405582	2809819.580006	3.381000e-06	9.500000e+00
15.430373	2747411.649025	3.457800e-06	9.500000e+00
16.454336	2695035.460993	3.525000e-06	9.500000e+00
17.480431	2653186.616768	3.580600e-06	9.500000e+00
18.506390	2619100.132333	3.627200e-06	9.500000e+00
19.532352	2589755.472562	3.668300e-06	9.500000e+00
20.556576	2564587.101477	3.704300e-06	9.500000e+00
21.580517	2542146.106503	3.737000e-06	9.500000e+00
22.604681	2523575.508036	3.764500e-06	9.500000e+00
23.628374	2509576.013737	3.785500e-06	9.500000e+00
24.652239	2498356.344510	3.802500e-06	9.500000e+00
25.676155	2491803.278689	3.812500e-06	9.500000e+00
26.700162	2486390.284757	3.820800e-06	9.500000e+00
27.724417	2481973.037935	3.827600e-06	9.500000e+00
28.747725	2474989.578991	3.838400e-06	9.500000e+00
29.771537	2467340.207257	3.850300e-06	9.500000e+00
30.796356	2468622.508640	3.848300e-06	9.500000e+00
31.821477	2467596.560950	3.849900e-06	9.500000e+00
32.845575	2458019.612409	3.864900e-06	9.500000e+00
33.869512	2452372.347566	3.873800e-06	9.500000e+00
34.899429	2445491.286328	3.884700e-06	9.500000e+00
35.924232	2437522.450865	3.897400e-06	9.500000e+00
36.949221	2431595.382528	3.906900e-06	9.500000e+00
37.973332	2426936.439812	3.914400e-06	9.500000e+00
38.997362	2419888.939834	3.925800e-06	9.500000e+00
40.022284	2412085.819474	3.938500e-06	9.500000e+00
41.046570	2408905.342698	3.943700e-06	9.500000e+00
42.070404	2400566.028200	3.957400e-06	9.500000e+00
43.094526	2393610.320240	3.968900e-06	9.500000e+00
44.118543	2387414.555690	3.979200e-06	9.500000e+00
45.143373	2382504.890405	3.987400e-06	9.500000e+00
46.167160	2376960.992819	3.996700e-06	9.500000e+00
47.190528	2372568.117679	4.004100e-06	9.500000e+00
48.215202	2367601.246106	4.012500e-06	9.500000e+00
49.240433	2362008.950771	4.022000e-06	9.500000e+00
50.264420	2355624.984502	4.032900e-06	9.500000e+00
51.288205	2346837.944664	4.048000e-06	9.500000e+00
52.311714	2337886.058816	4.063500e-06	9.500000e+00
53.335492	2331917.818307	4.073900e-06	9.500000e+00
54.359221	2321035.914977	4.093000e-06	9.500000e+00
55.382454	2310367.470026	4.111900e-06	9.500000e+00
56.406919	2299406.995038	4.131500e-06	9.500000e+00
57.430797	2290039.533314	4.148400e-06	9.500000e+00
58.455199	2280474.338662	4.165800e-06	9.500000e+00
59.478527	2272727.272727	4.180000e-06	9.500000e+00
60.503544	2264007.054169	4.196100e-06	9.500000e+00
61.527651	2256210.516316	4.210600e-06	9.500000e+00
62.551459	2245279.005460	4.231100e-06	9.500000e+00
63.575468	2235557.124368	4.249500e-06	9.500000e+00
64.600844	2219574.309011	4.280100e-06	9.500000e+00
65.624660	2208634.598842	4.301300e-06	9.500000e+00
66.648481	2198870.474956	4.320400e-06	9.500000e+00
67.672600	2190605.760140	4.336700e-06	9.500000e+00
68.696810	2181901.699587	4.354000e-06	9.500000e+00
69.721615	2169643.264971	4.378600e-06	9.500000e+00
70.745493	2157570.802389	4.403100e-06	9.500000e+00
71.769404	2147232.330538	4.424300e-06	9.500000e+00
72.794183	2138965.191156	4.441400e-06	9.500000e+00
73.818612	2125945.486282	4.468600e-06	9.500000e+00
74.842552	2115483.109537	4.490700e-06	9.500000e+00
75.866363	2105263.157895	4.512500e-06	9.500000e+00
76.889606	2095187.684707	4.534200e-06	9.500000e+00
77.913554	2084064.584065	4.558400e-06	9.500000e+00
78.936820	2073511.437053	4.581600e-06	9.500000e+00
79.960744	2063423.110339	4.604000e-06	9.500000e+00
80.985960	2049180.327869	4.636000e-06	9.500000e+00
82.010856	2039720.880301	4.657500e-06	9.500000e+00
83.035587	2029480.880154	4.681000e-06	9.500000e+00
84.059795	2018914.036765	4.705500e-06	9.500000e+00
85.084201	2010752.232993	4.724600e-06	9.500000e+00
86.108594	2002445.090848	4.744200e-06	9.500000e+00
87.132766	1992575.036181	4.767700e-06	9.500000e+00
88.156786	1984126.984127	4.788000e-06	9.500000e+00
89.180813	1974846.689533	4.810500e-06	9.500000e+00
90.204565	1962363.925554	4.841100e-06	9.500000e+00
91.228630	1952763.674485	4.864900e-06	9.500000e+00
92.252726	1942144.536441	4.891500e-06	9.500000e+00
93.276896	1930619.627289	4.920700e-06	9.500000e+00
94.300674	1920045.272646	4.947800e-06	9.500000e+00
95.324422	1910623.064237	4.972200e-06	9.500000e+00
96.347914	1901749.609641	4.995400e-06	9.500000e+00
97.372273	1891149.420711	5.023400e-06	9.500000e+00
98.396826	1881597.971835	5.048900e-06	9.500000e+00
99.421789	1870888.967663	5.077800e-06	9.500000e+00
100.445737	1860884.213825	5.105100e-06	9.500000e+00
101.470018	1851238.381043	5.131700e-06	9.500000e+00
102.492798	1843800.947131	5.152400e-06	9.500000e+00
103.516775	1836991.201779	5.171500e-06	9.500000e+00
104.541085	1827169.041986	5.199300e-06	9.500000e+00
105.565313	1819435.400467	5.221400e-06	9.500000e+00
106.589379	1810247.908687	5.247900e-06	9.500000e+00
107.612830	1803683.311183	5.267000e-06	9.500000e+00
108.638543	1796180.752505	5.289000e-06	9.500000e+00
109.662737	1785244.484534	5.321400e-06	9.500000e+00
110.686601	1779859.484778	5.337500e-06	9.500000e+00
111.711672	1771991.345221	5.361200e-06	9.500000e+00
112.735599	1764323.521218	5.384500e-06	9.500000e+00
113.759128	1755001.755002	5.413100e-06	9.500000e+00
114.782853	1745745.892903	5.441800e-06	9.500000e+00
115.806586	1736460.180226	5.470900e-06	9.500000e+00
116.831425	1730324.390288	5.490300e-06	9.500000e+00
117.855238	1722262.509065	5.516000e-06	9.500000e+00
118.879532	1714863.352468	5.539800e-06	9.500000e+00
119.903855	1706607.264758	5.566600e-06	9.500000e+00
120.927752	1700041.158891	5.588100e-06	9.500000e+00
121.952249	1690331.304936	5.620200e-06	9.500000e+00
122.975756	1681237.390720	5.650600e-06	9.500000e+00
123.999662	1672918.097452	5.678700e-06	9.500000e+00
125.023610	1664709.902395	5.706700e-06	9.500000e+00
126.048077	1659156.799050	5.725800e-06	9.500000e+00
127.071760	1651915.352380	5.750900e-06	9.500000e+00
128.095528	1645107.105131	5.774700e-06	9.500000e+00
129.118622	1637535.767229	5.801400e-06	9.500000e+00
130.142910	1630649.341733	5.825900e-06	9.500000e+00
131.166864	1624181.498008	5.849100e-06	9.500000e+00
132.190971	1618343.497666	5.870200e-06	9.500000e+00
133.215551	1612574.687670	5.891200e-06	9.500000e+00
134.241200	1607009.946546	5.911600e-06	9.500000e+00
135.265454	1599434.305340	5.939600e-06	9.500000e+00
136.289719	1591263.127921	5.970100e-06	9.500000e+00
137.314026	1582410.260681	6.003500e-06	9.500000e+00
138.337927	1575273.185534	6.030700e-06	9.500000e+00
139.361983	1568251.976823	6.057700e-06	9.500000e+00
140.385583	1561960.507062	6.082100e-06	9.500000e+00
141.408734	1553404.408398	6.115600e-06	9.500000e+00
142.433826	1548164.203184	6.136300e-06	9.500000e+00
143.457807	1543360.301524	6.155400e-06	9.500000e+00
144.481815	1537938.514837	6.177100e-06	9.500000e+00
145.505765	1535378.349549	6.187400e-06	9.500000e+00
146.529379	1531541.698238	6.202900e-06	9.500000e+00
147.552840	1529987.760098	6.209200e-06	9.500000e+00
148.576770	1526570.358824	6.223100e-06	9.500000e+00
149.600822	1526227.006185	6.224500e-06	9.500000e+00
150.625149	1513968.350093	6.274900e-06	9.500000e+00
151.649662	1508559.087878	6.297400e-06	9.500000e+00
152.673918	1500481.733609	6.331300e-06	9.500000e+00
153.697942	1493898.603598	6.359200e-06	9.500000e+00
154.722521	1485582.035404	6.394800e-06	9.500000e+00
155.746592	1479036.602264	6.423100e-06	9.500000e+00
156.771128	1472274.741964	6.452600e-06	9.500000e+00
157.795822	1467476.095587	6.473700e-06	9.500000e+00
158.819631	1459383.065012	6.509600e-06	9.500000e+00
159.843802	1452532.758436	6.540300e-06	9.500000e+00
160.867799	1447663.166877	6.562300e-06	9.500000e+00
161.891835	1441972.010564	6.588200e-06	9.500000e+00
162.915938	1436499.175903	6.613300e-06	9.500000e+00
163.939846	1427605.379818	6.654500e-06	9.500000e+00
164.964031	1421177.033779	6.684600e-06	9.500000e+00
165.988132	1418418.537984	6.697600e-06	9.500000e+00
167.012589	1413900.878107	6.719000e-06	9.500000e+00
168.036808	1412156.437204	6.727300e-06	9.500000e+00
169.060955	1408262.796662	6.745900e-06	9.500000e+00
170.084914	1401820.891558	6.776900e-06	9.500000e+00
171.108802	1395294.186764	6.808600e-06	9.500000e+00
172.133067	1389437.351001	6.837300e-06	9.500000e+00
173.157048	1383528.726425	6.866500e-06	9.500000e+00
174.180887	1381054.835146	6.878800e-06	9.500000e+00
175.204792	1376013.904983	6.904000e-06	9.500000e+00
176.228612	1370831.589732	6.930100e-06	9.500000e+00
177.252631	1365060.206340	6.959400e-06	9.500000e+00
178.275890	1359026.078995	6.990300e-06	9.500000e+00
179.300271	1353797.044447	7.017300e-06	9.500000e+00
180.323831	1347383.947693	7.050700e-06	9.500000e+00
181.348054	1342699.249502	7.075300e-06	9.500000e+00
182.372143	1337764.384488	7.101400e-06	9.500000e+00
183.396460	1332547.831454	7.129200e-06	9.500000e+00
184.420885	1325834.228853	7.165300e-06	9.500000e+00
185.446045	1318949.838255	7.202700e-06	9.500000e+00
186.469991	1314951.692827	7.224600e-06	9.500000e+00
187.494032	1309495.912994	7.254700e-06	9.500000e+00
188.518057	1306668.133803	7.270400e-06	9.500000e+00
189.543020	1301155.974360	7.301200e-06	9.500000e+00
190.567727	1297938.327436	7.319300e-06	9.500000e+00
191.591171	1295142.533844	7.335100e-06	9.500000e+00
192.614915	1290305.055279	7.362600e-06	9.500000e+00
193.638887	1286687.524549	7.383300e-06	9.500000e+00
194.662964	1282120.492334	7.409600e-06	9.500000e+00
195.687099	1277706.046912	7.435200e-06	9.500000e+00
196.711030	1274398.014622	7.454500e-06	9.500000e+00
197.734877	1270274.245524	7.478700e-06	9.500000e+00
198.758995	1266666.666667	7.500000e-06	9.500000e+00
199.783020	1262240.410295	7.526300e-06	9.500000e+00
200.807228	1258628.227719	7.547900e-06	9.500000e+00
201.831289	1255086.402790	7.569200e-06	9.500000e+00
202.855900	1250757.037154	7.595400e-06	9.500000e+00
203.880018	1246244.867439	7.622900e-06	9.500000e+00
204.903890	1241505.488761	7.652000e-06	9.500000e+00
205.927960	1236512.254487	7.682900e-06	9.500000e+00
206.953318	1233814.304453	7.699700e-06	9.500000e+00
207.977071	1232229.947079	7.709600e-06	9.500000e+00
209.003029	1226772.039928	7.743900e-06	9.500000e+00
210.028115	1221535.019480	7.777100e-06	9.500000e+00
211.051881	1216576.170474	7.808800e-06	9.500000e+00
212.075015	1213452.720050	7.828900e-06	9.500000e+00
213.099634	1208313.194780	7.862200e-06	9.500000e+00
214.124045	1204773.439184	7.885300e-06	9.500000e+00
215.147942	1200389.178807	7.914100e-06	9.500000e+00
216.172215	1196051.770157	7.942800e-06	9.500000e+00
217.196727	1192793.019022	7.964500e-06	9.500000e+00
218.221793	1187945.479555	7.997000e-06	9.500000e+00
219.245803	1183830.126608	8.024800e-06	9.500000e+00
220.269986	1180490.835663	8.047500e-06	9.500000e+00
221.294556	1176106.468586	8.077500e-06	9.500000e+00
222.319183	1172853.985852	8.099900e-06	9.500000e+00
223.343181	1168281.764966	8.131600e-06	9.500000e+00
224.366978	1164458.281750	8.158300e-06	9.500000e+00
225.391000	1160177.812515	8.188400e-06	9.500000e+00
226.415170	1155239.925092	8.223400e-06	9.500000e+00
227.439006	1151333.729231	8.251300e-06	9.500000e+00
228.463138	1147370.709437	8.279800e-06	9.500000e+00
229.486916	1143366.069709	8.308800e-06	9.500000e+00
230.512076	1138529.020506	8.344100e-06	9.500000e+00
231.535417	1135589.370883	8.365700e-06	9.500000e+00
232.559330	1131262.131298	8.397700e-06	9.500000e+00
233.583884	1127221.813522	8.427800e-06	9.500000e+00
234.608340	1123343.068973	8.456900e-06	9.500000e+00
235.632245	1119504.118597	8.485900e-06	9.500000e+00
236.656307	1116255.023148	8.510600e-06	9.500000e+00
237.680765	1111982.489202	8.543300e-06	9.500000e+00
238.705335	1108492.217218	8.570200e-06	9.500000e+00
239.728953	1104342.974054	8.602400e-06	9.500000e+00
240.752230	1100211.935562	8.634700e-06	9.500000e+00
241.776421	1098151.637402	8.650900e-06	9.500000e+00
242.800215	1094470.046083	8.680000e-06	9.500000e+00
243.823448	1091013.494114	8.707500e-06	9.500000e+00
244.847411	1087292.412988	8.737300e-06	9.500000e+00
245.871508	1084351.101472	8.761000e-06	9.500000e+00
246.895899	1080835.087320	8.789500e-06	9.500000e+00
247.920422	1077891.870426	8.813500e-06	9.500000e+00
248.944325	1074539.079290	8.841000e-06	9.500000e+00
249.969675	1071593.741893	8.865300e-06	9.500000e+00
250.993364	1068063.769028	8.894600e-06	9.500000e+00
252.017131	1064688.214462	8.922800e-06	9.500000e+00
253.041217	1061179.808541	8.952300e-06	9.500000e+00
254.065746	1057812.221628	8.980800e-06	9.500000e+00
255.090332	1054126.628348	9.012200e-06	9.500000e+00
256.114083	1051280.348804	9.036600e-06	9.500000e+00
257.138173	1048090.819828	9.064100e-06	9.500000e+00
258.162554	1045127.505556	9.089800e-06	9.500000e+00
259.187238	1042089.444182	9.116300e-06	9.500000e+00
260.211129	1038705.445003	9.146000e-06	9.500000e+00
261.235019	1036314.646944	9.167100e-06	9.500000e+00
262.258854	1033529.885333	9.191800e-06	9.500000e+00
263.283127	1030279.368385	9.220800e-06	9.500000e+00
264.306990	1026849.409832	9.251600e-06	9.500000e+00
265.330414	1023673.803649	9.280300e-06	9.500000e+00
266.355535	1019280.495263	9.320300e-06	9.500000e+00
267.379047	1015651.727677	9.353600e-06	9.500000e+00
268.403178	1012285.954799	9.384700e-06	9.500000e+00
269.427022	1009274.703326	9.412700e-06	9.500000e+00
270.450923	1005120.826104	9.451600e-06	9.500000e+00
271.476308	1001676.490126	9.484100e-06	9.500000e+00
272.502094	997312.505249	9.525600e-06	9.500000e+00
273.525468	993287.467849	9.564200e-06	9.500000e+00
274.549388	989933.934935	9.596600e-06	9.500000e+00
275.573343	987998.419203	9.615400e-06	9.500000e+00
276.597021	985272.764987	9.642000e-06	9.500000e+00
277.621429	981263.040469	9.681400e-06	9.500000e+00
278.645495	978523.973837	9.708500e-06	9.500000e+00
279.669269	975669.874395	9.736900e-06	9.500000e+00
280.693350	972324.572177	9.770400e-06	9.500000e+00
281.717256	969951.910805	9.794300e-06	9.500000e+00
282.741238	968004.890972	9.814000e-06	9.500000e+00
283.765303	965613.978025	9.838300e-06	9.500000e+00
284.789332	962473.658616	9.870400e-06	9.500000e+00
285.813364	959130.926420	9.904800e-06	9.500000e+00
286.837725	956513.859382	9.931900e-06	9.500000e+00
287.862104	953623.770327	9.962000e-06	9.500000e+00
288.886159	952094.608138	9.978000e-06	9.500000e+00
289.909399	948671.859397	1.001400e-05	9.500000e+00
290.934102	945367.698278	1.004900e-05	9.500000e+00
291.958190	942273.358461	1.008200e-05	9.500000e+00
292.982391	939199.209095	1.011500e-05	9.500000e+00
294.006372	935868.387351	1.015100e-05	9.500000e+00
295.029928	932561.107294	1.018700e-05	9.500000e+00
296.053326	929095.354523	1.022500e-05	9.500000e+00
297.077141	925925.925926	1.026000e-05	9.500000e+00
298.100379	922151.038633	1.030200e-05	9.500000e+00
299.124673	919473.480449	1.033200e-05	9.500000e+00
300.148642	916192.496866	1.036900e-05	9.500000e+00
301.173103	913461.538462	1.040000e-05	9.500000e+00
302.197082	911008.822401	1.042800e-05	9.500000e+00
303.221759	908221.797323	1.046000e-05	9.500000e+00
304.246461	905192.949023	1.049500e-05	9.500000e+00
305.270342	903127.673733	1.051900e-05	9.500000e+00
306.294438	899876.858956	1.055700e-05	9.500000e+00
307.318734	897666.068223	1.058300e-05	9.500000e+00
308.342377	894791.372327	1.061700e-05	9.500000e+00
309.366243	891181.988743	1.066000e-05	9.500000e+00
310.390120	888681.010290	1.069000e-05	9.500000e+00
311.413990	886276.704917	1.071900e-05	9.500000e+00
312.438320	883474.379243	1.075300e-05	9.500000e+00
313.462364	880526.462137	1.078900e-05	9.500000e+00
314.486163	877192.982456	1.083000e-05	9.500000e+00
315.511612	874286.766059	1.086600e-05	9.500000e+00
316.536578	869883.710283	1.092100e-05	9.500000e+00
317.560574	867421.475530	1.095200e-05	9.500000e+00
318.584601	863793.416985	1.099800e-05	9.500000e+00
319.608480	861053.204024	1.103300e-05	9.500000e+00
320.632559	858252.778029	1.106900e-05	9.500000e+00
321.656529	855008.550086	1.111100e-05	9.500000e+00
322.680372	851941.529908	1.115100e-05	9.500000e+00
323.704729	849124.061494	1.118800e-05	9.500000e+00
324.729308	846325.167038	1.122500e-05	9.500000e+00
325.753361	843394.886364	1.126400e-05	9.500000e+00
326.777452	841080.123949	1.129500e-05	9.500000e+00
327.801566	838629.943503	1.132800e-05	9.500000e+00
328.825496	835973.248856	1.136400e-05	9.500000e+00
329.849300	833406.439161	1.139900e-05	9.500000e+00
330.873245	830419.580420	1.144000e-05	9.500000e+00
331.897485	827021.850788	1.148700e-05	9.500000e+00
332.921624	823866.100078	1.153100e-05	9.500000e+00
333.946144	820450.816133	1.157900e-05	9.500000e+00
334.970732	817696.677569	1.161800e-05	9.500000e+00
335.994662	814471.879287	1.166400e-05	9.500000e+00
337.018669	811133.879781	1.171200e-05	9.500000e+00
338.043456	808992.591331	1.174300e-05	9.500000e+00
339.067414	805221.223936	1.179800e-05	9.500000e+00
340.091526	802229.353150	1.184200e-05	9.500000e+00
341.115503	799461.415467	1.188300e-05	9.500000e+00
342.139566	796044.913692	1.193400e-05	9.500000e+00
343.163230	793186.941638	1.197700e-05	9.500000e+00
344.186896	790086.493679	1.202400e-05	9.500000e+00
345.210441	787728.026534	1.206000e-05	9.500000e+00
346.233790	785059.086026	1.210100e-05	9.500000e+00
347.256666	783053.082756	1.213200e-05	9.500000e+00
348.281176	780415.674033	1.217300e-05	9.500000e+00
349.305436	777795.971836	1.221400e-05	9.500000e+00
350.329401	775067.308477	1.225700e-05	9.500000e+00
351.353814	772294.935371	1.230100e-05	9.500000e+00
352.377764	769230.769231	1.235000e-05	9.500000e+00
353.402727	766252.621391	1.239800e-05	9.500000e+00
354.426640	762990.924424	1.245100e-05	9.500000e+00
355.450559	760243.277849	1.249600e-05	9.500000e+00
356.475273	757394.562704	1.254300e-05	9.500000e+00
357.499683	754687.003495	1.258800e-05	9.500000e+00
358.523500	751463.376048	1.264200e-05	9.500000e+00
359.547565	748326.112643	1.269500e-05	9.500000e+00
360.572152	745273.397662	1.274700e-05	9.500000e+00
361.596638	742767.787334	1.279000e-05	9.500000e+00
362.621408	739587.388089	1.284500e-05	9.500000e+00
363.645479	736548.302062	1.289800e-05	9.500000e+00
364.669399	733590.733591	1.295000e-05	9.500000e+00
365.693621	730319.803198	1.300800e-05	9.500000e+00
366.718413	727133.562954	1.306500e-05	9.500000e+00
367.742528	724692.959036	1.310900e-05	9.500000e+00
368.766543	722543.352601	1.314800e-05	9.500000e+00
369.790686	719261.053907	1.320800e-05	9.500000e+00
370.815833	716981.132075	1.325000e-05	9.500000e+00
371.840433	714339.424017	1.329900e-05	9.500000e+00
372.862629	711983.811736	1.334300e-05	9.500000e+00
373.886733	709908.832760	1.338200e-05	9.500000e+00
374.911701	707687.723480	1.342400e-05	9.500000e+00
375.935540	705061.600119	1.347400e-05	9.500000e+00
376.959446	703130.782326	1.351100e-05	9.500000e+00
377.985201	700022.105961	1.357100e-05	9.500000e+00
379.009733	698016.164585	1.361000e-05	9.500000e+00
380.033591	695003.292121	1.366900e-05	9.500000e+00
381.057463	691713.994466	1.373400e-05	9.500000e+00
382.082424	688605.392867	1.379600e-05	9.500000e+00
383.107763	686019.641826	1.384800e-05	9.500000e+00
384.131562	682324.211736	1.392300e-05	9.500000e+00
385.155582	678619.901422	1.399900e-05	9.500000e+00
386.180190	675483.503982	1.406400e-05	9.500000e+00
387.204688	672471.154527	1.412700e-05	9.500000e+00
388.228742	669485.553206	1.419000e-05	9.500000e+00
389.252989	666573.112546	1.425200e-05	9.500000e+00
390.277272	663639.538945	1.431500e-05	9.500000e+00
391.300717	660685.722234	1.437900e-05	9.500000e+00
392.324632	657667.012807	1.444500e-05	9.500000e+00
393.348545	654405.180134	1.451700e-05	9.500000e+00
394.373009	651220.180971	1.458800e-05	9.500000e+00
395.396629	648818.467422	1.464200e-05	9.500000e+00
396.420827	646610.400218	1.469200e-05	9.500000e+00
397.444475	644329.896907	1.474400e-05	9.500000e+00
398.469549	641458.474004	1.481000e-05	9.500000e+00
399.493762	638569.604087	1.487700e-05	9.500000e+00
400.517791	636004.552454	1.493700e-05	9.500000e+00
401.542404	633671.291355	1.499200e-05	9.500000e+00
402.567199	631439.016284	1.504500e-05	9.500000e+00
403.590771	628805.930633	1.510800e-05	9.500000e+00
404.614497	626029.654036	1.517500e-05	9.500000e+00
405.637893	623236.895624	1.524300e-05	9.500000e+00
406.662429	620347.394541	1.531400e-05	9.500000e+00
407.686824	617524.700988	1.538400e-05	9.500000e+00
408.710518	614131.488784	1.546900e-05	9.500000e+00
409.733881	610775.363251	1.555400e-05	9.500000e+00
410.758200	608194.622279	1.562000e-05	9.500000e+00
411.783004	605249.745158	1.569600e-05	9.500000e+00
412.806602	602180.527383	1.577600e-05	9.500000e+00
413.830487	599331.272475	1.585100e-05	9.500000e+00
414.854980	596808.644302	1.591800e-05	9.500000e+00
415.878827	593935.604877	1.599500e-05	9.500000e+00
416.902754	591605.430315	1.605800e-05	9.500000e+00
417.926916	589330.024814	1.612000e-05	9.500000e+00
418.951315	587108.336938	1.618100e-05	9.500000e+00
419.975906	584435.558290	1.625500e-05	9.500000e+00
420.999656	581395.348837	1.634000e-05	9.500000e+00
422.023850	578985.860556	1.640800e-05	9.500000e+00
423.048506	576316.428051	1.648400e-05	9.500000e+00
424.072576	573290.688552	1.657100e-05	9.500000e+00
425.096000	570433.529482	1.665400e-05	9.500000e+00
426.120756	567265.778945	1.674700e-05	9.500000e+00
427.144497	565038.957949	1.681300e-05	9.500000e+00
428.168841	562263.257576	1.689600e-05	9.500000e+00
429.192827	560571.192541	1.694700e-05	9.500000e+00
430.216628	557970.163280	1.702600e-05	9.500000e+00
431.239795	556075.860454	1.708400e-05	9.500000e+00
432.263981	552132.976869	1.720600e-05	9.500000e+00
433.287965	549132.947977	1.730000e-05	9.500000e+00
434.312006	546542.400184	1.738200e-05	9.500000e+00
435.336084	544412.607450	1.745000e-05	9.500000e+00
436.359988	541403.088847	1.754700e-05	9.500000e+00
437.384045	538243.626062	1.765000e-05	9.500000e+00
438.408056	535362.073824	1.774500e-05	9.500000e+00
439.433397	532153.260139	1.785200e-05	9.500000e+00
440.458837	528894.332480	1.796200e-05	9.500000e+00
441.483014	525791.454505	1.806800e-05	9.500000e+00
442.506719	522667.253521	1.817600e-05	9.500000e+00
443.531317	519750.519751	1.827800e-05	9.500000e+00
444.554921	516781.809280	1.838300e-05	9.500000e+00
445.578747	513513.513514	1.850000e-05	9.500000e+00
446.602698	510752.688172	1.860000e-05	9.500000e+00
447.627066	507831.293099	1.870700e-05	9.500000e+00
448.650901	504701.694735	1.882300e-05	9.500000e+00
449.674857	501716.398204	1.893500e-05	9.500000e+00
450.698873	498870.976212	1.904300e-05	9.500000e+00
451.723132	495565.988524	1.917000e-05	9.500000e+00
452.747242	492585.295033	1.928600e-05	9.500000e+00
453.771652	489388.007418	1.941200e-05	9.500000e+00
454.795719	485759.574577	1.955700e-05	9.500000e+00
455.820104	482650.002540	1.968300e-05	9.500000e+00
456.844034	479701.070491	1.980400e-05	9.500000e+00
457.868834	476883.690578	1.992100e-05	9.500000e+00
458.892182	473248.978779	2.007400e-05	9.500000e+00
459.916020	469669.253967	2.022700e-05	9.500000e+00
460.940886	465937.515327	2.038900e-05	9.500000e+00
461.965640	462422.118380	2.054400e-05	9.500000e+00
462.988966	459003.720346	2.069700e-05	9.500000e+00
464.013519	455679.201842	2.084800e-05	9.500000e+00
465.037935	452596.474512	2.099000e-05	9.500000e+00
466.062211	449385.052034	2.114000e-05	9.500000e+00
467.086069	445904.717203	2.130500e-05	9.500000e+00
468.110854	442745.957030	2.145700e-05	9.500000e+00
469.135427	439916.647372	2.159500e-05	9.500000e+00
470.160159	436520.700271	2.176300e-05	9.500000e+00
471.184198	433255.803347	2.192700e-05	9.500000e+00
472.208048	430331.581808	2.207600e-05	9.500000e+00
473.233485	427004.674577	2.224800e-05	9.500000e+00
474.258139	423294.568462	2.244300e-05	9.500000e+00
475.282144	420186.651334	2.260900e-05	9.500000e+00
476.306069	417032.484636	2.278000e-05	9.500000e+00
477.330960	413709.010147	2.296300e-05	9.500000e+00
478.356223	410455.821992	2.314500e-05	9.500000e+00
479.379250	406852.248394	2.335000e-05	9.500000e+00
480.403111	403242.922026	2.355900e-05	9.500000e+00
481.427349	399932.642923	2.375400e-05	9.500000e+00
482.451682	396974.635410	2.393100e-05	9.500000e+00
483.474974	393358.453066	2.415100e-05	9.500000e+00
484.499061	389935.558018	2.436300e-05	9.500000e+00
485.523523	386666.123977	2.456900e-05	9.500000e+00
486.547202	383079.962902	2.479900e-05	9.500000e+00
487.571131	379650.721336	2.502300e-05	9.500000e+00
488.595064	376103.567045	2.525900e-05	9.500000e+00
489.619685	372782.922618	2.548400e-05	9.500000e+00
490.644791	369621.041164	2.570200e-05	9.500000e+00
491.669055	366611.353375	2.591300e-05	9.500000e+00
492.693148	363705.972435	2.612000e-05	9.500000e+00
493.717584	360668.185270	2.634000e-05	9.500000e+00
494.742004	357613.401092	2.656500e-05	9.500000e+00
495.765843	354782.089106	2.677700e-05	9.500000e+00
496.788969	351890.950846	2.699700e-05	9.500000e+00
497.812965	348803.054780	2.723600e-05	9.500000e+00
498.837028	346071.181378	2.745100e-05	9.500000e+00
499.860760	343195.693797	2.768100e-05	9.500000e+00
500.885291	340501.792115	2.790000e-05	9.500000e+00
501.909219	337970.045181	2.810900e-05	9.500000e+00
502.933789	335617.890200	2.830600e-05	9.500000e+00
503.957861	333263.172665	2.850600e-05	9.500000e+00
504.982229	330987.387638	2.870200e-05	9.500000e+00
506.006811	328822.124537	2.889100e-05	9.500000e+00
507.031086	326853.603991	2.906500e-05	9.500000e+00
508.055807	324730.815245	2.925500e-05	9.500000e+00
509.079845	322624.465123	2.944600e-05	9.500000e+00
510.104357	320545.264365	2.963700e-05	9.500000e+00
511.128851	318471.337580	2.983000e-05	9.500000e+00
512.153141	316782.820367	2.998900e-05	9.500000e+00
513.176917	314997.181604	3.015900e-05	9.500000e+00
514.200514	312870.504545	3.036400e-05	9.500000e+00
515.224188	311006.351077	3.054600e-05	9.500000e+00
516.247364	309083.810515	3.073600e-05	9.500000e+00
517.271247	307314.074985	3.091300e-05	9.500000e+00
518.295107	305466.237942	3.110000e-05	9.500000e+00
519.319272	303601.674603	3.129100e-05	9.500000e+00
520.343807	301922.771333	3.146500e-05	9.500000e+00
521.368232	300376.260790	3.162700e-05	9.500000e+00
522.392637	298920.738806	3.178100e-05	9.500000e+00
523.417291	297014.225418	3.198500e-05	9.500000e+00
524.440987	295297.006621	3.217100e-05	9.500000e+00
525.465026	293400.043238	3.237900e-05	9.500000e+00
526.489484	291607.833507	3.257800e-05	9.500000e+00
527.513875	289757.823461	3.278600e-05	9.500000e+00
528.537220	287756.709275	3.301400e-05	9.500000e+00
529.561158	285791.642851	3.324100e-05	9.500000e+00
530.585700	283878.679217	3.346500e-05	9.500000e+00
531.609938	281832.206005	3.370800e-05	9.500000e+00
532.633430	279847.998350	3.394700e-05	9.500000e+00
533.658009	277867.150253	3.418900e-05	9.500000e+00
534.683377	275890.108614	3.443400e-05	9.500000e+00
535.708278	273775.216138	3.470000e-05	9.500000e+00
536.733984	271816.881259	3.495000e-05	9.500000e+00
537.757327	270047.471503	3.517900e-05	9.500000e+00
538.781330	268255.492178	3.541400e-05	9.500000e+00
539.805593	266674.152257	3.562400e-05	9.500000e+00
540.830338	264970.853206	3.585300e-05	9.500000e+00
541.854347	263486.340313	3.605500e-05	9.500000e+00
542.878270	261881.133532	3.627600e-05	9.500000e+00
543.903553	260559.517279	3.646000e-05	9.500000e+00
544.928187	259081.487946	3.666800e-05	9.500000e+00
545.952029	257536.326177	3.688800e-05	9.500000e+00
546.975888	255857.796930	3.713000e-05	9.500000e+00
548.006529	254316.691206	3.735500e-05	9.500000e+00
549.032031	252874.787053	3.756800e-05	9.500000e+00
550.056208	251622.301682	3.775500e-05	9.500000e+00
551.080102	250164.581962	3.797500e-05	9.500000e+00
552.105150	248769.246884	3.818800e-05	9.500000e+00
553.130306	247511.854515	3.838200e-05	9.500000e+00
554.155218	246177.766261	3.859000e-05	9.500000e+00
555.179386	244757.046427	3.881400e-05	9.500000e+00
556.203483	243670.967245	3.898700e-05	9.500000e+00
557.227872	242384.038373	3.919400e-05	9.500000e+00
558.252889	241165.718928	3.939200e-05	9.500000e+00
559.276978	239911.106622	3.959800e-05	9.500000e+00
560.301310	238753.455642	3.979000e-05	9.500000e+00
561.325538	237363.515978	4.002300e-05	9.500000e+00
562.352306	235977.942272	4.025800e-05	9.500000e+00
563.377226	234620.039021	4.049100e-05	9.500000e+00
564.401389	233231.857017	4.073200e-05	9.500000e+00
565.425203	232063.903071	4.093700e-05	9.500000e+00
566.449988	231031.128405	4.112000e-05	9.500000e+00
567.474996	230057.635492	4.129400e-05	9.500000e+00
568.498401	229097.836834	4.146700e-05	9.500000e+00
569.522434	227998.176015	4.166700e-05	9.500000e+00
570.547392	226887.344463	4.187100e-05	9.500000e+00
571.572430	225792.651043	4.207400e-05	9.500000e+00
572.597258	224655.331426	4.228700e-05	9.500000e+00
573.622216	223703.110651	4.246700e-05	9.500000e+00
574.646593	222722.370704	4.265400e-05	9.500000e+00
575.671253	221833.041448	4.282500e-05	9.500000e+00
576.696363	220632.635050	4.305800e-05	9.500000e+00
577.720417	219333.687346	4.331300e-05	9.500000e+00
578.745919	218079.977962	4.356200e-05	9.500000e+00
579.769462	216875.171217	4.380400e-05	9.500000e+00
580.794125	215659.122381	4.405100e-05	9.500000e+00
581.817972	214563.194507	4.427600e-05	9.500000e+00
582.843539	213416.003954	4.451400e-05	9.500000e+00
583.867995	212371.180113	4.473300e-05	9.500000e+00
584.892329	211261.341398	4.496800e-05	9.500000e+00
585.916221	210172.341320	4.520100e-05	9.500000e+00
586.940283	209085.306805	4.543600e-05	9.500000e+00
587.965009	207945.715224	4.568500e-05	9.500000e+00
588.989124	206822.981299	4.593300e-05	9.500000e+00
590.012575	205761.316872	4.617000e-05	9.500000e+00
591.036530	204723.730713	4.640400e-05	9.500000e+00
592.061285	203635.428277	4.665200e-05	9.500000e+00
593.085540	202442.090907	4.692700e-05	9.500000e+00
594.110073	201279.715242	4.719800e-05	9.500000e+00
595.133589	200193.871960	4.745400e-05	9.500000e+00
596.157256	199094.643306	4.771600e-05	9.500000e+00
597.181455	197838.355651	4.801900e-05	9.500000e+00
598.205257	196768.848384	4.828000e-05	9.500000e+00
599.229184	195835.910122	4.851000e-05	9.500000e+00
600.253018	194859.803499	4.875300e-05	9.500000e+00
601.277405	193893.379051	4.899600e-05	9.500000e+00
602.301210	193026.657997	4.921600e-05	9.500000e+00
603.324963	192043.341150	4.946800e-05	9.500000e+00
604.352183	190889.545281	4.976700e-05	9.500000e+00
605.376602	189927.827426	5.001900e-05	9.500000e+00
606.400749	188987.029522	5.026800e-05	9.500000e+00
607.424680	188010.845257	5.052900e-05	9.500000e+00
608.448534	186974.748568	5.080900e-05	9.500000e+00
609.472734	186070.197430	5.105600e-05	9.500000e+00
610.496445	185181.575408	5.130100e-05	9.500000e+00
611.520465	184304.976234	5.154500e-05	9.500000e+00
612.544932	183755.972069	5.169900e-05	9.500000e+00
613.570487	182942.094013	5.192900e-05	9.500000e+00
614.594437	181901.734768	5.222600e-05	9.500000e+00
615.618395	180993.750953	5.248800e-05	9.500000e+00
616.642753	180132.349874	5.273900e-05	9.500000e+00
617.668277	179279.109266	5.299000e-05	9.500000e+00
618.693353	178413.807351	5.324700e-05	9.500000e+00
619.716364	177629.856774	5.348200e-05	9.500000e+00
620.742961	176701.448952	5.376300e-05	9.500000e+00
621.767205	175916.152806	5.400300e-05	9.500000e+00
622.791662	175137.805800	5.424300e-05	9.500000e+00
623.815741	174292.738414	5.450600e-05	9.500000e+00
624.840174	173449.453178	5.477100e-05	9.500000e+00
625.864276	172633.109213	5.503000e-05	9.500000e+00
626.889345	171821.305842	5.529000e-05	9.500000e+00
627.913596	171026.338056	5.554700e-05	9.500000e+00
628.937798	170220.390611	5.581000e-05	9.500000e+00
629.961606	169452.223392	5.606300e-05	9.500000e+00
630.984596	168825.860568	5.627100e-05	9.500000e+00
632.008175	168016.695554	5.654200e-05	9.500000e+00
633.032473	167394.981675	5.675200e-05	9.500000e+00
634.057267	166774.924074	5.696300e-05	9.500000e+00
635.081478	166078.109157	5.720200e-05	9.500000e+00
636.105417	165343.915344	5.745600e-05	9.500000e+00
637.129402	164593.367754	5.771800e-05	9.500000e+00
638.153780	164041.994751	5.791200e-05	9.500000e+00
639.178406	163409.935324	5.813600e-05	9.500000e+00
640.202362	162665.662135	5.840200e-05	9.500000e+00
641.226398	161917.098446	5.867200e-05	9.500000e+00
642.250872	161142.585745	5.895400e-05	9.500000e+00
643.275547	160421.486347	5.921900e-05	9.500000e+00
644.299577	159776.649063	5.945800e-05	9.500000e+00
645.323412	159115.651955	5.970500e-05	9.500000e+00
646.348816	158431.032470	5.996300e-05	9.500000e+00
647.372821	157673.731556	6.025100e-05	9.500000e+00
648.396371	156858.860049	6.056400e-05	9.500000e+00
649.420389	156185.778874	6.082500e-05	9.500000e+00
650.444899	155475.181251	6.110300e-05	9.500000e+00
651.474610	154750.851130	6.138900e-05	9.500000e+00
652.500792	153990.792972	6.169200e-05	9.500000e+00
653.524549	153394.045082	6.193200e-05	9.500000e+00
654.548657	152774.874162	6.218300e-05	9.500000e+00
655.574253	152146.060218	6.244000e-05	9.500000e+00
656.599747	151563.497128	6.268000e-05	9.500000e+00
657.624379	151016.580031	6.290700e-05	9.500000e+00
658.647860	150468.829194	6.313600e-05	9.500000e+00
659.672257	149943.968307	6.335700e-05	9.500000e+00
660.695658	149387.511204	6.359300e-05	9.500000e+00
661.719482	148823.510982	6.383400e-05	9.500000e+00
662.743778	148270.695468	6.407200e-05	9.500000e+00
663.768030	147731.160389	6.430600e-05	9.500000e+00
664.793400	147115.756872	6.457500e-05	9.500000e+00
665.817798	146652.464533	6.477900e-05	9.500000e+00
666.841593	146138.108204	6.500700e-05	9.500000e+00
667.867853	145638.509888	6.523000e-05	9.500000e+00
668.892271	145146.751005	6.545100e-05	9.500000e+00
669.916325	144612.059123	6.569300e-05	9.500000e+00
670.939707	143965.569497	6.598800e-05	9.500000e+00
671.963714	143326.996771	6.628200e-05	9.500000e+00
672.988498	142664.063673	6.659000e-05	9.500000e+00
674.013484	142164.491799	6.682400e-05	9.500000e+00
675.037916	141689.535855	6.704800e-05	9.500000e+00
676.061777	141158.989599	6.730000e-05	9.500000e+00
677.086935	140649.058392	6.754400e-05	9.500000e+00
678.113636	140101.462954	6.780800e-05	9.500000e+00
679.138607	139611.439320	6.804600e-05	9.500000e+00
680.162605	139067.806535	6.831200e-05	9.500000e+00
681.188538	138504.155125	6.859000e-05	9.500000e+00
682.214178	137985.126656	6.884800e-05	9.500000e+00
683.238655	137454.061406	6.911400e-05	9.500000e+00
684.262347	136923.121271	6.938200e-05	9.500000e+00
685.285531	136578.633351	6.955700e-05	9.500000e+00
686.310337	135972.633718	6.986700e-05	9.500000e+00
687.334686	135499.422345	7.011100e-05	9.500000e+00
688.358832	134968.104906	7.038700e-05	9.500000e+00
689.382853	134479.000042	7.064300e-05	9.500000e+00
690.407099	133991.537377	7.090000e-05	9.500000e+00
691.431831	133528.237708	7.114600e-05	9.500000e+00
692.455889	133055.084805	7.139900e-05	9.500000e+00
693.480366	132607.481854	7.164000e-05	9.500000e+00
694.503807	132142.658432	7.189200e-05	9.500000e+00
695.528791	131650.060282	7.216100e-05	9.500000e+00
696.552887	131148.446236	7.243700e-05	9.500000e+00
697.576728	130781.938326	7.264000e-05	9.500000e+00
698.600703	130272.612583	7.292400e-05	9.500000e+00
699.624848	129802.699896	7.318800e-05	9.500000e+00
700.648610	129283.361912	7.348200e-05	9.500000e+00
701.672622	128803.080427	7.375600e-05	9.500000e+00
702.696860	128348.892822	7.401700e-05	9.500000e+00
703.721719	127885.845056	7.428500e-05	9.500000e+00
704.745707	127419.289939	7.455700e-05	9.500000e+00
705.769639	126991.765587	7.480800e-05	9.500000e+00
706.794375	126609.270464	7.503400e-05	9.500000e+00
707.818826	126197.213034	7.527900e-05	9.500000e+00
708.842603	125756.191838	7.554300e-05	9.500000e+00
709.867713	125305.018796	7.581500e-05	9.500000e+00
710.894542	124866.918153	7.608100e-05	9.500000e+00
711.919812	124407.427778	7.636200e-05	9.500000e+00
712.943833	123943.220958	7.664800e-05	9.500000e+00
713.968670	123445.560508	7.695700e-05	9.500000e+00
714.992885	122999.637475	7.723600e-05	9.500000e+00
716.017412	122504.771238	7.754800e-05	9.500000e+00
717.041517	122060.901966	7.783000e-05	9.500000e+00
718.065760	121573.545596	7.814200e-05	9.500000e+00
719.089732	121158.015559	7.841000e-05	9.500000e+00
720.113908	120710.029097	7.870100e-05	9.500000e+00
721.138597	120324.750168	7.895300e-05	9.500000e+00
722.162861	119958.582721	7.919400e-05	9.500000e+00
723.186800	119591.626068	7.943700e-05	9.500000e+00
724.211070	119232.893218	7.967600e-05	9.500000e+00
725.237813	118848.049641	7.993400e-05	9.500000e+00
726.261744	118442.050668	8.020800e-05	9.500000e+00
727.285923	118054.951473	8.047100e-05	9.500000e+00
728.310352	117645.601912	8.075100e-05	9.500000e+00
729.335781	117247.763036	8.102500e-05	9.500000e+00
730.359974	116826.739796	8.131700e-05	9.500000e+00
731.383916	116424.422167	8.159800e-05	9.500000e+00
732.408096	116046.125281	8.186400e-05	9.500000e+00
733.432136	115705.499056	8.210500e-05	9.500000e+00
734.456783	115347.255949	8.236000e-05	9.500000e+00
735.480686	114896.653484	8.268300e-05	9.500000e+00
736.506406	114413.720012	8.303200e-05	9.500000e+00
737.530690	113988.145233	8.334200e-05	9.500000e+00
738.554794	113575.228645	8.364500e-05	9.500000e+00
739.578659	113131.601824	8.397300e-05	9.500000e+00
740.603720	112718.168982	8.428100e-05	9.500000e+00
741.628229	112295.798955	8.459800e-05	9.500000e+00
742.652860	111933.264210	8.487200e-05	9.500000e+00
743.676795	111520.672411	8.518600e-05	9.500000e+00
744.700822	111141.008692	8.547700e-05	9.500000e+00
745.725103	110775.545424	8.575900e-05	9.500000e+00
746.748895	110411.194533	8.604200e-05	9.500000e+00
747.772651	110078.561331	8.630200e-05	9.500000e+00
748.796648	109730.179264	8.657600e-05	9.500000e+00
749.820909	109343.707557	8.688200e-05	9.500000e+00
750.845547	108996.202343	8.715900e-05	9.500000e+00
751.869728	108583.838153	8.749000e-05	9.500000e+00
752.894873	108201.687946	8.779900e-05	9.500000e+00
753.919038	107769.622579	8.815100e-05	9.500000e+00
754.942880	107377.391973	8.847300e-05	9.500000e+00
755.966090	107007.287759	8.877900e-05	9.500000e+00
756.989898	106649.303412	8.907700e-05	9.500000e+00
758.014909	106283.003670	8.938400e-05	9.500000e+00
759.038929	105965.288002	8.965200e-05	9.500000e+00
760.063095	105655.341156	8.991500e-05	9.500000e+00
761.087068	105308.665240	9.021100e-05	9.500000e+00
762.111500	104934.112423	9.053300e-05	9.500000e+00
763.136088	104594.448787	9.082700e-05	9.500000e+00
764.159884	104242.105032	9.113400e-05	9.500000e+00
765.183973	103964.892697	9.137700e-05	9.500000e+00
766.208082	103613.380305	9.168700e-05	9.500000e+00
767.232046	103308.031928	9.195800e-05	9.500000e+00
768.255691	103007.828595	9.222600e-05	9.500000e+00
769.278980	102701.592415	9.250100e-05	9.500000e+00
770.303570	102337.606377	9.283000e-05	9.500000e+00
771.327165	102018.900344	9.312000e-05	9.500000e+00
772.350979	101728.310453	9.338600e-05	9.500000e+00
773.374977	101409.052092	9.368000e-05	9.500000e+00
774.399087	101099.322102	9.396700e-05	9.500000e+00
775.422955	100773.302500	9.427100e-05	9.500000e+00
776.446962	100437.696911	9.458600e-05	9.500000e+00
777.471178	100083.227105	9.492100e-05	9.500000e+00
778.495345	99722.875378	9.526400e-05	9.500000e+00
779.519689	99390.058902	9.558300e-05	9.500000e+00
780.543970	99051.193828	9.591000e-05	9.500000e+00
781.567962	98650.051921	9.630000e-05	9.500000e+00
782.591362	98368.124586	9.657600e-05	9.500000e+00
783.615978	98005.839085	9.693300e-05	9.500000e+00
784.639692	97690.393435	9.724600e-05	9.500000e+00
785.663951	97399.934383	9.753600e-05	9.500000e+00
786.688637	97065.555011	9.787200e-05	9.500000e+00
787.712913	96751.196660	9.819000e-05	9.500000e+00
788.737086	96457.472408	9.848900e-05	9.500000e+00
789.761212	96161.632521	9.879200e-05	9.500000e+00
790.785121	95912.124302	9.904900e-05	9.500000e+00
791.809755	95694.743840	9.927400e-05	9.500000e+00
792.833941	95600.370326	9.937200e-05	9.500000e+00
793.858018	95318.363334	9.966600e-05	9.500000e+00
794.882502	95076.060849	9.992000e-05	9.500000e+00
795.911371	94753.640535	1.002600e-04	9.500000e+00
796.935895	94565.000995	1.004600e-04	9.500000e+00
797.959785	94236.682869	1.008100e-04	9.500000e+00
798.984033	93873.517787	1.012000e-04	9.500000e+00
800.008641	93549.975382	1.015500e-04	9.500000e+00
801.032711	93210.361068	1.019200e-04	9.500000e+00
802.056826	92945.895705	1.022100e-04	9.500000e+00
803.080296	92574.546872	1.026200e-04	9.500000e+00
804.104880	92268.842269	1.029600e-04	9.500000e+00
805.128850	91920.657958	1.033500e-04	9.500000e+00
806.153067	91610.414658	1.037000e-04	9.500000e+00
807.176862	91302.258530	1.040500e-04	9.500000e+00
808.201768	90996.168582	1.044000e-04	9.500000e+00
809.226099	90744.101633	1.046900e-04	9.500000e+00
810.249992	90450.347520	1.050300e-04	9.500000e+00
811.273931	90175.605126	1.053500e-04	9.500000e+00
812.299625	89919.545670	1.056500e-04	9.500000e+00
813.326102	89673.400038	1.059400e-04	9.500000e+00
814.350015	89394.937424	1.062700e-04	9.500000e+00
815.374182	89118.198874	1.066000e-04	9.500000e+00
816.401191	88843.168428	1.069300e-04	9.500000e+00
817.426195	88569.830319	1.072600e-04	9.500000e+00
818.450248	88363.873128	1.075100e-04	9.500000e+00
819.473852	88199.795748	1.077100e-04	9.500000e+00
820.498385	88020.012971	1.079300e-04	9.500000e+00
821.522851	87784.143412	1.082200e-04	9.500000e+00
822.546856	87565.674256	1.084900e-04	9.500000e+00
823.571035	87260.034904	1.088700e-04	9.500000e+00
824.595074	86980.406519	1.092200e-04	9.500000e+00
825.619408	86663.017698	1.096200e-04	9.500000e+00
826.643379	86387.196508	1.099700e-04	9.500000e+00
827.667886	86105.320402	1.103300e-04	9.500000e+00
828.691282	85802.023121	1.107200e-04	9.500000e+00
829.716213	85485.467471	1.111300e-04	9.500000e+00
830.740165	85232.370357	1.114600e-04	9.500000e+00
831.763988	84950.371099	1.118300e-04	9.500000e+00
832.787927	84685.327153	1.121800e-04	9.500000e+00
833.812310	84451.951285	1.124900e-04	9.500000e+00
834.836091	84227.325117	1.127900e-04	9.500000e+00
835.860081	83974.188986	1.131300e-04	9.500000e+00
836.884087	83700.440529	1.135000e-04	9.500000e+00
837.908378	83479.789104	1.138000e-04	9.500000e+00
838.932139	83231.119678	1.141400e-04	9.500000e+00
839.956065	82947.699293	1.145300e-04	9.500000e+00
840.980275	82723.789620	1.148400e-04	9.500000e+00
842.005074	82486.758705	1.151700e-04	9.500000e+00
843.032342	82243.961562	1.155100e-04	9.500000e+00
844.056135	82002.589555	1.158500e-04	9.500000e+00
845.080048	81811.918705	1.161200e-04	9.500000e+00
846.105305	81559.065934	1.164800e-04	9.500000e+00
847.130116	81314.730805	1.168300e-04	9.500000e+00
848.155237	81071.855265	1.171800e-04	9.500000e+00
849.179303	80830.426274	1.175300e-04	9.500000e+00
850.204586	80604.106567	1.178600e-04	9.500000e+00
851.228960	80351.856551	1.182300e-04	9.500000e+00
852.253386	80128.205128	1.185600e-04	9.500000e+00
853.277324	79912.516824	1.188800e-04	9.500000e+00
854.301311	79677.933406	1.192300e-04	9.500000e+00
855.325904	79431.438127	1.196000e-04	9.500000e+00
856.349991	79199.666528	1.199500e-04	9.500000e+00
857.374224	78962.679744	1.203100e-04	9.500000e+00
858.398334	78759.741336	1.206200e-04	9.500000e+00
859.422736	78525.376095	1.209800e-04	9.500000e+00
860.447313	78292.401516	1.213400e-04	9.500000e+00
861.471949	78092.889437	1.216500e-04	9.500000e+00
862.496277	77913.556959	1.219300e-04	9.500000e+00
863.520895	77690.546287	1.222800e-04	9.500000e+00
864.545288	77513.054830	1.225600e-04	9.500000e+00
865.569214	77311.197917	1.228800e-04	9.500000e+00
866.593228	77104.131158	1.232100e-04	9.500000e+00
867.617434	76860.841424	1.236000e-04	9.500000e+00
868.644136	76637.625040	1.239600e-04	9.500000e+00
869.669086	76434.145949	1.242900e-04	9.500000e+00
870.693038	76207.283812	1.246600e-04	9.500000e+00
871.718038	76000.000000	1.250000e-04	9.500000e+00
872.742676	75757.575758	1.254000e-04	9.500000e+00
873.767329	75546.719682	1.257500e-04	9.500000e+00
874.791178	75331.060186	1.261100e-04	9.500000e+00
875.815300	75122.568401	1.264600e-04	9.500000e+00
876.840647	74897.508672	1.268400e-04	9.500000e+00
877.865179	74697.279446	1.271800e-04	9.500000e+00
878.889409	74474.756977	1.275600e-04	9.500000e+00
879.913364	74300.015642	1.278600e-04	9.500000e+00
880.937414	74085.627388	1.282300e-04	9.500000e+00
881.961436	73912.705205	1.285300e-04	9.500000e+00
882.985398	73677.679541	1.289400e-04	9.500000e+00
884.009386	73478.227241	1.292900e-04	9.500000e+00
885.033504	73279.851898	1.296400e-04	9.500000e+00
886.058110	73088.167410	1.299800e-04	9.500000e+00
887.082135	72858.348033	1.303900e-04	9.500000e+00
888.105397	72629.969419	1.308000e-04	9.500000e+00
889.130223	72408.536585	1.312000e-04	9.500000e+00
890.154490	72215.887495	1.315500e-04	9.500000e+00
891.178768	72035.183500	1.318800e-04	9.500000e+00
892.202447	71986.057437	1.319700e-04	9.500000e+00
893.227662	71855.381590	1.322100e-04	9.500000e+00
894.252181	71654.849902	1.325800e-04	9.500000e+00
895.276339	71396.362543	1.330600e-04	9.500000e+00
896.300248	71166.379504	1.334900e-04	9.500000e+00
897.324699	70943.170786	1.339100e-04	9.500000e+00
898.349506	70716.093494	1.343400e-04	9.500000e+00
899.373314	70511.393157	1.347300e-04	9.500000e+00
900.397419	70292.267851	1.351500e-04	9.500000e+00
901.422456	70084.839543	1.355500e-04	9.500000e+00
902.445571	69888.913411	1.359300e-04	9.500000e+00
903.469369	69683.855351	1.363300e-04	9.500000e+00
904.494109	69495.245062	1.367000e-04	9.500000e+00
905.518472	69312.709762	1.370600e-04	9.500000e+00
906.543412	69111.014113	1.374600e-04	9.500000e+00
907.567522	68915.487849	1.378500e-04	9.500000e+00
908.591285	68726.036316	1.382300e-04	9.500000e+00
909.615345	68572.253501	1.385400e-04	9.500000e+00
910.639501	68374.838060	1.389400e-04	9.500000e+00
911.664222	68207.926479	1.392800e-04	9.500000e+00
912.687528	68036.954809	1.396300e-04	9.500000e+00
913.712429	67881.386209	1.399500e-04	9.500000e+00
914.736383	67654.180316	1.404200e-04	9.500000e+00
915.760571	67462.008237	1.408200e-04	9.500000e+00
916.784603	67285.218500	1.411900e-04	9.500000e+00
917.808647	67114.093960	1.415500e-04	9.500000e+00
918.832355	66962.712342	1.418700e-04	9.500000e+00
919.856285	66797.918717	1.422200e-04	9.500000e+00
920.879666	66605.903386	1.426300e-04	9.500000e+00
921.903880	66438.212462	1.429900e-04	9.500000e+00
922.927315	66252.876770	1.433900e-04	9.500000e+00
923.951297	66091.554195	1.437400e-04	9.500000e+00
924.975425	65921.865242	1.441100e-04	9.500000e+00
925.999715	65775.808350	1.444300e-04	9.500000e+00
927.024112	65616.797900	1.447800e-04	9.500000e+00
928.047754	65463.065050	1.451200e-04	9.500000e+00
929.072422	65287.609099	1.455100e-04	9.500000e+00
930.096561	65108.628607	1.459100e-04	9.500000e+00
931.121307	64957.264957	1.462500e-04	9.500000e+00
932.145775	64766.839378	1.466800e-04	9.500000e+00
933.169630	64577.527021	1.471100e-04	9.500000e+00
934.193634	64380.590946	1.475600e-04	9.500000e+00
935.217475	64210.882055	1.479500e-04	9.500000e+00
936.241271	64020.486556	1.483900e-04	9.500000e+00
937.264508	63852.668369	1.487800e-04	9.500000e+00
938.288381	63689.997318	1.491600e-04	9.500000e+00
939.312492	63515.410844	1.495700e-04	9.500000e+00
940.336523	63354.451484	1.499500e-04	9.500000e+00
941.360434	63181.697260	1.503600e-04	9.500000e+00
942.384718	63001.525300	1.507900e-04	9.500000e+00
943.408517	62855.630541	1.511400e-04	9.500000e+00
944.432475	62710.409928	1.514900e-04	9.500000e+00
945.456570	62561.738558	1.518500e-04	9.500000e+00
946.480922	62401.471361	1.522400e-04	9.500000e+00
947.506375	62237.945493	1.526400e-04	9.500000e+00
948.530734	62071.218556	1.530500e-04	9.500000e+00
949.555625	61921.522618	1.534200e-04	9.500000e+00
950.579666	61776.563922	1.537800e-04	9.500000e+00
951.603972	61632.282341	1.541400e-04	9.500000e+00
952.628442	61484.693547	1.545100e-04	9.500000e+00
953.652229	61341.770517	1.548700e-04	9.500000e+00
954.675667	61195.568153	1.552400e-04	9.500000e+00
955.699570	61034.371988	1.556500e-04	9.500000e+00
956.724472	60877.923742	1.560500e-04	9.500000e+00
957.748373	60737.804488	1.564100e-04	9.500000e+00
958.772571	60567.421103	1.568500e-04	9.500000e+00
959.796528	60401.831129	1.572800e-04	9.500000e+00
960.821557	60271.539145	1.576200e-04	9.500000e+00
961.845715	60107.560898	1.580500e-04	9.500000e+00
962.869627	59967.175862	1.584200e-04	9.500000e+00
963.894420	59823.677582	1.588000e-04	9.500000e+00
964.918722	59647.140077	1.592700e-04	9.500000e+00
965.942676	59486.537257	1.597000e-04	9.500000e+00
966.966680	59330.502123	1.601200e-04	9.500000e+00
967.991214	59201.096778	1.604700e-04	9.500000e+00
969.015607	59061.237177	1.608500e-04	9.500000e+00
970.039575	58918.382535	1.612400e-04	9.500000e+00
971.063383	58768.945252	1.616500e-04	9.500000e+00
972.086973	58620.264100	1.620600e-04	9.500000e+00
973.111787	58468.734613	1.624800e-04	9.500000e+00
974.135657	58321.566701	1.628900e-04	9.500000e+00
975.159474	58150.211177	1.633700e-04	9.500000e+00
976.184238	58011.724475	1.637600e-04	9.500000e+00
977.208750	57866.845343	1.641700e-04	9.500000e+00
978.232700	57719.180995	1.645900e-04	9.500000e+00
979.257379	57565.291159	1.650300e-04	9.500000e+00
980.281267	57405.281286	1.654900e-04	9.500000e+00
981.305733	57270.315891	1.658800e-04	9.500000e+00
982.329757	57118.807119	1.663200e-04	9.500000e+00
983.353729	56961.266339	1.667800e-04	9.500000e+00
984.378055	56818.181818	1.672000e-04	9.500000e+00
985.403440	56669.052732	1.676400e-04	9.500000e+00
986.427347	56517.341900	1.680900e-04	9.500000e+00
987.450860	56369.785795	1.685300e-04	9.500000e+00
988.476211	56219.670967	1.689800e-04	9.500000e+00
989.500724	56083.594073	1.693900e-04	9.500000e+00
990.524597	55934.997645	1.698400e-04	9.500000e+00
991.547862	55800.293686	1.702500e-04	9.500000e+00
992.572291	55662.975333	1.706700e-04	9.500000e+00
993.597609	55532.822821	1.710700e-04	9.500000e+00
994.622525	55400.046653	1.714800e-04	9.500000e+00
995.647023	55267.903892	1.718900e-04	9.500000e+00
996.671431	55133.190180	1.723100e-04	9.500000e+00
997.694800	55018.242891	1.726700e-04	9.500000e+00
998.719447	54887.913104	1.730800e-04	9.500000e+00
999.742780	54751.887499	1.735100e-04	9.500000e+00
1000.766793	54622.815087	1.739200e-04	9.500000e+00
1001.791756	54481.848942	1.743700e-04	9.500000e+00
1002.815926	54341.608512	1.748200e-04	9.500000e+00
1003.839732	54214.460994	1.752300e-04	9.500000e+00
1004.863717	54072.514087	1.756900e-04	9.500000e+00
1005.887601	53965.007953	1.760400e-04	9.500000e+00
1006.911525	53812.167214	1.765400e-04	9.500000e+00
1007.934839	53666.252401	1.770200e-04	9.500000e+00
1008.959079	53530.174114	1.774700e-04	9.500000e+00
1009.983812	53382.782648	1.779600e-04	9.500000e+00
1011.007738	53236.200616	1.784500e-04	9.500000e+00
1012.031660	53120.107359	1.788400e-04	9.500000e+00
1013.056865	52986.781192	1.792900e-04	9.500000e+00
1014.080891	52857.063373	1.797300e-04	9.500000e+00
1015.105535	52730.905861	1.801600e-04	9.500000e+00
1016.128886	52599.523836	1.806100e-04	9.500000e+00
1017.152744	52491.988065	1.809800e-04	9.500000e+00
1018.176852	52358.906526	1.814400e-04	9.500000e+00
1019.201437	52240.857850	1.818500e-04	9.500000e+00
1020.224758	52117.621242	1.822800e-04	9.500000e+00
1021.249067	52020.589202	1.826200e-04	9.500000e+00
1022.272844	51906.895421	1.830200e-04	9.500000e+00
1023.296577	51768.296006	1.835100e-04	9.500000e+00
1024.320967	51672.559151	1.838500e-04	9.500000e+00
1025.344824	51538.002496	1.843300e-04	9.500000e+00
1026.367921	51440.329218	1.846800e-04	9.500000e+00
1027.392054	51304.206945	1.851700e-04	9.500000e+00
1028.416750	51152.272238	1.857200e-04	9.500000e+00
1029.440920	51020.408163	1.862000e-04	9.500000e+00
1030.465046	50900.128590	1.866400e-04	9.500000e+00
1031.488710	50791.274594	1.870400e-04	9.500000e+00
1032.512714	50699.114100	1.873800e-04	9.500000e+00
1033.536889	50574.957411	1.878400e-04	9.500000e+00
1034.561725	50432.659128	1.883700e-04	9.500000e+00
1035.585803	50312.466900	1.888200e-04	9.500000e+00
1036.609987	50184.891706	1.893000e-04	9.500000e+00
1037.633940	50071.153745	1.897300e-04	9.500000e+00
1038.657807	49978.956229	1.900800e-04	9.500000e+00
1039.681630	49826.917025	1.906600e-04	9.500000e+00
1040.705588	49719.997907	1.910700e-04	9.500000e+00
1041.729398	49600.584765	1.915300e-04	9.500000e+00
1042.752850	49510.110486	1.918800e-04	9.500000e+00
1043.777619	49376.299376	1.924000e-04	9.500000e+00
1044.802106	49227.899264	1.929800e-04	9.500000e+00
1045.826252	49093.070126	1.935100e-04	9.500000e+00
1046.850910	48976.645873	1.939700e-04	9.500000e+00
1047.875881	48853.234598	1.944600e-04	9.500000e+00
1048.899879	48732.943470	1.949400e-04	9.500000e+00
1049.923971	48593.350384	1.955000e-04	9.500000e+00
1050.948230	48469.387755	1.960000e-04	9.500000e+00
1051.972951	48341.135762	1.965200e-04	9.500000e+00
1052.996763	48230.695030	1.969700e-04	9.500000e+00
1054.020177	48120.757775	1.974200e-04	9.500000e+00
1055.046294	47994.341720	1.979400e-04	9.500000e+00
1056.071864	47873.412618	1.984400e-04	9.500000e+00
1057.095887	47772.302122	1.988600e-04	9.500000e+00
1058.119910	47664.442326	1.993100e-04	9.500000e+00
1059.145144	47561.830379	1.997400e-04	9.500000e+00
1060.169760	47447.807412	2.002200e-04	9.500000e+00
1061.193678	47334.329846	2.007000e-04	9.500000e+00
1062.217036	47226.088686	2.011600e-04	9.500000e+00
1063.241200	47111.331515	2.016500e-04	9.500000e+00
1064.265641	46983.184965	2.022000e-04	9.500000e+00
1065.288933	46871.916321	2.026800e-04	9.500000e+00
1066.313617	46749.667831	2.032100e-04	9.500000e+00
1067.338016	46641.791045	2.036800e-04	9.500000e+00
1068.362103	46525.295068	2.041900e-04	9.500000e+00
1069.386127	46413.914403	2.046800e-04	9.500000e+00
1070.409775	46300.809046	2.051800e-04	9.500000e+00
1071.434622	46194.991490	2.056500e-04	9.500000e+00
1072.458826	46082.949309	2.061500e-04	9.500000e+00
1073.482704	45975.898950	2.066300e-04	9.500000e+00
1074.505994	45867.130166	2.071200e-04	9.500000e+00
1075.530420	45763.283395	2.075900e-04	9.500000e+00
1076.554759	45648.935659	2.081100e-04	9.500000e+00
1077.578859	45526.429290	2.086700e-04	9.500000e+00
1078.603759	45421.945972	2.091500e-04	9.500000e+00
1079.628334	45339.569513	2.095300e-04	9.500000e+00
1080.652869	45251.024102	2.099400e-04	9.500000e+00
1081.677006	45175.709734	2.102900e-04	9.500000e+00
1082.700996	45104.928307	2.106200e-04	9.500000e+00
1083.725443	44989.581360	2.111600e-04	9.500000e+00
1084.749013	44885.424049	2.116500e-04	9.500000e+00
1085.773974	44766.976109	2.122100e-04	9.500000e+00
1086.798025	44668.045891	2.126800e-04	9.500000e+00
1087.821985	44552.830277	2.132300e-04	9.500000e+00
1088.846017	44450.683137	2.137200e-04	9.500000e+00
1089.869965	44342.793129	2.142400e-04	9.500000e+00
1090.893914	44231.306453	2.147800e-04	9.500000e+00
1091.918232	44114.232645	2.153500e-04	9.500000e+00
1092.941166	44003.890870	2.158900e-04	9.500000e+00
1093.965084	43892.071706	2.164400e-04	9.500000e+00
1094.989033	43774.767303	2.170200e-04	9.500000e+00
1096.013530	43668.122271	2.175500e-04	9.500000e+00
1097.037100	43556.003851	2.181100e-04	9.500000e+00
1098.061016	43452.408178	2.186300e-04	9.500000e+00
1099.085057	43361.175773	2.190900e-04	9.500000e+00
1100.109779	43270.325666	2.195500e-04	9.500000e+00
1101.134108	43172.006362	2.200500e-04	9.500000e+00
1102.157961	43079.992744	2.205200e-04	9.500000e+00
1103.182212	42986.425339	2.210000e-04	9.500000e+00
1104.206167	42879.711126	2.215500e-04	9.500000e+00
1105.229987	42787.010764	2.220300e-04	9.500000e+00
1106.253960	42673.614231	2.226200e-04	9.500000e+00
1107.277910	42560.817168	2.232100e-04	9.500000e+00
1108.301710	42465.692191	2.237100e-04	9.500000e+00
1109.326811	42352.102002	2.243100e-04	9.500000e+00
1110.350155	42244.752757	2.248800e-04	9.500000e+00
1111.374072	42154.774583	2.253600e-04	9.500000e+00
1112.398619	42063.316360	2.258500e-04	9.500000e+00
1113.422987	41970.399823	2.263500e-04	9.500000e+00
1114.447108	41876.046901	2.268600e-04	9.500000e+00
1115.471303	41771.094403	2.274300e-04	9.500000e+00
1116.495521	41668.494232	2.279900e-04	9.500000e+00
1117.519743	41573.672925	2.285100e-04	9.500000e+00
1118.544788	41475.660336	2.290500e-04	9.500000e+00
1119.569311	41385.319103	2.295500e-04	9.500000e+00
1120.593029	41307.939821	2.299800e-04	9.500000e+00
1121.616730	41227.270755	2.304300e-04	9.500000e+00
1122.641232	41129.102087	2.309800e-04	9.500000e+00
1123.665141	41034.944495	2.315100e-04	9.500000e+00
1124.689264	40941.217032	2.320400e-04	9.500000e+00
1125.713113	40835.625860	2.326400e-04	9.500000e+00
1126.737017	40732.324315	2.332300e-04	9.500000e+00
1127.760876	40643.449987	2.337400e-04	9.500000e+00
1128.785289	40563.620837	2.342000e-04	9.500000e+00
1129.809293	40477.204942	2.347000e-04	9.500000e+00
1130.833106	40391.156463	2.352000e-04	9.500000e+00
1131.857290	40305.473059	2.357000e-04	9.500000e+00
1132.881481	40216.747100	2.362200e-04	9.500000e+00
1133.905855	40118.243243	2.368000e-04	9.500000e+00
1134.930440	40023.592855	2.373600e-04	9.500000e+00
1135.954355	39927.709831	2.379300e-04	9.500000e+00
1136.978958	39838.966703	2.384600e-04	9.500000e+00
1138.002978	39748.953975	2.390000e-04	9.500000e+00
1139.027157	39651.070579	2.395900e-04	9.500000e+00
1140.050880	39552.021316	2.401900e-04	9.500000e+00
1141.074673	39464.938518	2.407200e-04	9.500000e+00
1142.098416	39383.135727	2.412200e-04	9.500000e+00
1143.123064	39287.043547	2.418100e-04	9.500000e+00
1144.147332	39201.122390	2.423400e-04	9.500000e+00
1145.171189	39128.464929	2.427900e-04	9.500000e+00
1146.195303	39067.319159	2.431700e-04	9.500000e+00
1147.219382	38971.161341	2.437700e-04	9.500000e+00
1148.243399	38880.248834	2.443400e-04	9.500000e+00
1149.267413	38794.511598	2.448800e-04	9.500000e+00
1150.291478	38709.151658	2.454200e-04	9.500000e+00
1151.316410	38628.878136	2.459300e-04	9.500000e+00
1152.340328	38547.372692	2.464500e-04	9.500000e+00
1153.364364	38467.768060	2.469600e-04	9.500000e+00
1154.388120	38379.186361	2.475300e-04	9.500000e+00
1155.412241	38284.839204	2.481400e-04	9.500000e+00
1156.436198	38207.850708	2.486400e-04	9.500000e+00
1157.460020	38132.701802	2.491300e-04	9.500000e+00
1158.486190	38047.178501	2.496900e-04	9.500000e+00
1159.511100	37955.971074	2.502900e-04	9.500000e+00
1160.535124	37872.747568	2.508400e-04	9.500000e+00
1161.559097	37783.876228	2.514300e-04	9.500000e+00
1162.583596	37705.894027	2.519500e-04	9.500000e+00
1163.608501	37655.079472	2.522900e-04	9.500000e+00
1164.632424	37583.574000	2.527700e-04	9.500000e+00
1165.656344	37494.573154	2.533700e-04	9.500000e+00
1166.680806	37414.832027	2.539100e-04	9.500000e+00
1167.705344	37351.576630	2.543400e-04	9.500000e+00
1168.729209	37270.979638	2.548900e-04	9.500000e+00
1169.753146	37174.721190	2.555500e-04	9.500000e+00
1170.777396	37060.154482	2.563400e-04	9.500000e+00
1171.801386	36973.612517	2.569400e-04	9.500000e+00
1172.825146	36884.609411	2.575600e-04	9.500000e+00
1173.849107	36808.865125	2.580900e-04	9.500000e+00
1174.873567	36757.593345	2.584500e-04	9.500000e+00
1175.898176	36672.457055	2.590500e-04	9.500000e+00
1176.922448	36559.553589	2.598500e-04	9.500000e+00
1177.946318	36471.130221	2.604800e-04	9.500000e+00
1178.970481	36374.775051	2.611700e-04	9.500000e+00
1179.994454	36310.820625	2.616300e-04	9.500000e+00
1181.018321	36213.929021	2.623300e-04	9.500000e+00
1182.042391	36138.161899	2.628800e-04	9.500000e+00
1183.066524	36046.291026	2.635500e-04	9.500000e+00
1184.091109	35965.775725	2.641400e-04	9.500000e+00
1185.115478	35886.974917	2.647200e-04	9.500000e+00
1186.139460	35800.422068	2.653600e-04	9.500000e+00
1187.163388	35725.030084	2.659200e-04	9.500000e+00
1188.188242	35655.307011	2.664400e-04	9.500000e+00
1189.211487	35561.877667	2.671400e-04	9.500000e+00
1190.235244	35482.184209	2.677400e-04	9.500000e+00
1191.259600	35405.485987	2.683200e-04	9.500000e+00
1192.283365	35326.491150	2.689200e-04	9.500000e+00
1193.307263	35254.388244	2.694700e-04	9.500000e+00
1194.331293	35187.791688	2.699800e-04	9.500000e+00
1195.355610	35109.764210	2.705800e-04	9.500000e+00
1196.379458	35029.498525	2.712000e-04	9.500000e+00
1197.403476	34949.598999	2.718200e-04	9.500000e+00
1198.427438	34881.586194	2.723500e-04	9.500000e+00
1199.451864	34804.909324	2.729500e-04	9.500000e+00
1200.476324	34729.838415	2.735400e-04	9.500000e+00
1201.500136	34652.562466	2.741500e-04	9.500000e+00
1202.523678	34578.146611	2.747400e-04	9.500000e+00
1203.548157	34504.049686	2.753300e-04	9.500000e+00
1204.572603	34427.774154	2.759400e-04	9.500000e+00
1205.597626	34351.835111	2.765500e-04	9.500000e+00
1206.621591	34274.993686	2.771700e-04	9.500000e+00
1207.645499	34198.495266	2.777900e-04	9.500000e+00
1208.669431	34122.337560	2.784100e-04	9.500000e+00
1209.693342	34047.738513	2.790200e-04	9.500000e+00
1210.717355	33977.110157	2.796000e-04	9.500000e+00
1211.741521	33905.564082	2.801900e-04	9.500000e+00
1212.765561	33836.728879	2.807600e-04	9.500000e+00
1213.789149	33759.772566	2.814000e-04	9.500000e+00
1214.812540	33691.527467	2.819700e-04	9.500000e+00
1215.836882	33619.987968	2.825700e-04	9.500000e+00
1216.861599	33546.382288	2.831900e-04	9.500000e+00
1217.885553	33474.277660	2.838000e-04	9.500000e+00
1218.909549	33397.785200	2.844500e-04	9.500000e+00
1219.935823	33325.148209	2.850700e-04	9.500000e+00
1220.959442	33243.517514	2.857700e-04	9.500000e+00
1221.983397	33170.391061	2.864000e-04	9.500000e+00
1223.007295	33098.738764	2.870200e-04	9.500000e+00
1224.031906	33022.803115	2.876800e-04	9.500000e+00
1225.056330	32944.929949	2.883600e-04	9.500000e+00
1226.080218	32877.660495	2.889500e-04	9.500000e+00
1227.103526	32807.265946	2.895700e-04	9.500000e+00
1228.127775	32737.172198	2.901900e-04	9.500000e+00
1229.151554	32659.515952	2.908800e-04	9.500000e+00
1230.175632	32587.815587	2.915200e-04	9.500000e+00
1231.199704	32520.881829	2.921200e-04	9.500000e+00
1232.223934	32450.896670	2.927500e-04	9.500000e+00
1233.249193	32383.419689	2.933600e-04	9.500000e+00
1234.273397	32328.319608	2.938600e-04	9.500000e+00
1235.298025	32259.159904	2.944900e-04	9.500000e+00
1236.321863	32182.662014	2.951900e-04	9.500000e+00
1237.346404	32110.866993	2.958500e-04	9.500000e+00
1238.370352	32038.311075	2.965200e-04	9.500000e+00
1239.394241	31982.224616	2.970400e-04	9.500000e+00
1240.417803	31947.807372	2.973600e-04	9.500000e+00
1241.441488	31874.916119	2.980400e-04	9.500000e+00
1242.464635	31815.137307	2.986000e-04	9.500000e+00
1243.488629	31748.153594	2.992300e-04	9.500000e+00
1244.512993	31673.001267	2.999400e-04	9.500000e+00
1245.537298	31615.028786	3.004900e-04	9.500000e+00
1246.561406	31534.222930	3.012600e-04	9.500000e+00
1247.585279	31456.953642	3.020000e-04	9.500000e+00
1248.609998	31373.844122	3.028000e-04	9.500000e+00
1249.633652	31299.420137	3.035200e-04	9.500000e+00
1250.657461	31231.507660	3.041800e-04	9.500000e+00
1251.681602	31160.822646	3.048700e-04	9.500000e+00
1252.706166	31090.456866	3.055600e-04	9.500000e+00
1253.730600	31019.395285	3.062600e-04	9.500000e+00
1254.754459	30950.674399	3.069400e-04	9.500000e+00
1255.778297	30883.261272	3.076100e-04	9.500000e+00
1256.802627	30827.140864	3.081700e-04	9.500000e+00
1257.826694	30759.268253	3.088500e-04	9.500000e+00
1258.850270	30699.628373	3.094500e-04	9.500000e+00
1259.874662	30641.207586	3.100400e-04	9.500000e+00
1260.899047	30579.071040	3.106700e-04	9.500000e+00
1261.922803	30518.166340	3.112900e-04	9.500000e+00
1262.945744	30448.717949	3.120000e-04	9.500000e+00
1263.971360	30382.499680	3.126800e-04	9.500000e+00
1264.995255	30312.699426	3.134000e-04	9.500000e+00
1266.019726	30240.331052	3.141500e-04	9.500000e+00
1267.043348	30177.890724	3.148000e-04	9.500000e+00
1268.066775	30116.662440	3.154400e-04	9.500000e+00
1269.091316	30059.486141	3.160400e-04	9.500000e+00
1270.115780	29996.842438	3.167000e-04	9.500000e+00
1271.139501	29928.800958	3.174200e-04	9.500000e+00
1272.163584	29866.700201	3.180800e-04	9.500000e+00
1273.187943	29795.508719	3.188400e-04	9.500000e+00
1274.212688	29728.376518	3.195600e-04	9.500000e+00
1275.235769	29658.768068	3.203100e-04	9.500000e+00
1276.259561	29594.093642	3.210100e-04	9.500000e+00
1277.283402	29534.290866	3.216600e-04	9.500000e+00
1278.306855	29471.986102	3.223400e-04	9.500000e+00
1279.331406	29409.033217	3.230300e-04	9.500000e+00
1280.355703	29348.161878	3.237000e-04	9.500000e+00
1281.380008	29290.250971	3.243400e-04	9.500000e+00
1282.404887	29240.666072	3.248900e-04	9.500000e+00
1283.428652	29181.385348	3.255500e-04	9.500000e+00
1284.452739	29122.344502	3.262100e-04	9.500000e+00
1285.477345	29060.874885	3.269000e-04	9.500000e+00
1286.501792	28996.123676	3.276300e-04	9.500000e+00
1287.526901	28933.422672	3.283400e-04	9.500000e+00
1288.551413	28873.624704	3.290200e-04	9.500000e+00
1289.575673	28800.970138	3.298500e-04	9.500000e+00
1290.599615	28733.893896	3.306200e-04	9.500000e+00
1291.622970	28688.772121	3.311400e-04	9.500000e+00
1292.646552	28630.842952	3.318100e-04	9.500000e+00
1293.670847	28569.710093	3.325200e-04	9.500000e+00
1294.694568	28502.850285	3.333000e-04	9.500000e+00
1295.718343	28436.302682	3.340800e-04	9.500000e+00
1296.742861	28381.931166	3.347200e-04	9.500000e+00
1297.766978	28323.544319	3.354100e-04	9.500000e+00
1298.791832	28259.511557	3.361700e-04	9.500000e+00
1299.816553	28207.488346	3.367900e-04	9.500000e+00
1300.840531	28146.480209	3.375200e-04	9.500000e+00
1301.865473	28089.057095	3.382100e-04	9.500000e+00
1302.891202	28030.213620	3.389200e-04	9.500000e+00
1303.916913	27972.439786	3.396200e-04	9.500000e+00
1304.940672	27914.083390	3.403300e-04	9.500000e+00
1305.964740	27860.054547	3.409900e-04	9.500000e+00
1306.988871	27801.352024	3.417100e-04	9.500000e+00
1308.012810	27749.379290	3.423500e-04	9.500000e+00
1309.036585	27691.948930	3.430600e-04	9.500000e+00
1310.060394	27633.951946	3.437800e-04	9.500000e+00
1311.084270	27572.195617	3.445500e-04	9.500000e+00
1312.108736	27512.308138	3.453000e-04	9.500000e+00
1313.132831	27445.542266	3.461400e-04	9.500000e+00
1314.156786	27390.940807	3.468300e-04	9.500000e+00
1315.181256	27337.342810	3.475100e-04	9.500000e+00
1316.206706	27277.686852	3.482700e-04	9.500000e+00
1317.230876	27223.750573	3.489600e-04	9.500000e+00
1318.256925	27162.258756	3.497500e-04	9.500000e+00
1319.281263	27105.683634	3.504800e-04	9.500000e+00
1320.304907	27040.104745	3.513300e-04	9.500000e+00
1321.333210	26979.438828	3.521200e-04	9.500000e+00
1322.356870	26916.756389	3.529400e-04	9.500000e+00
1323.379878	26858.160640	3.537100e-04	9.500000e+00
1324.402909	26802.087742	3.544500e-04	9.500000e+00
1325.427469	26745.495495	3.552000e-04	9.500000e+00
1326.451873	26686.892522	3.559800e-04	9.500000e+00
1327.475722	26637.505608	3.566400e-04	9.500000e+00
1328.499815	26595.744681	3.572000e-04	9.500000e+00
1329.524725	26550.403846	3.578100e-04	9.500000e+00
1330.548741	26497.824389	3.585200e-04	9.500000e+00
1331.572664	26441.772434	3.592800e-04	9.500000e+00
1332.598117	26394.754390	3.599200e-04	9.500000e+00
1333.622808	26341.328157	3.606500e-04	9.500000e+00
1334.646849	26283.753873	3.614400e-04	9.500000e+00
1335.671081	26220.639784	3.623100e-04	9.500000e+00
1336.696172	26150.627615	3.632800e-04	9.500000e+00
1337.720749	26104.638382	3.639200e-04	9.500000e+00
1338.744889	26058.095839	3.645700e-04	9.500000e+00
1339.768878	26009.582478	3.652500e-04	9.500000e+00
1340.792686	25957.702607	3.659800e-04	9.500000e+00
1341.816805	25906.029287	3.667100e-04	9.500000e+00
1342.840864	25857.376157	3.674000e-04	9.500000e+00
1343.864808	25806.802130	3.681200e-04	9.500000e+00
1344.888720	25749.444354	3.689400e-04	9.500000e+00
1345.912875	25688.172625	3.698200e-04	9.500000e+00
1346.936643	25625.118010	3.707300e-04	9.500000e+00
1347.959899	25567.875982	3.715600e-04	9.500000e+00
1348.984596	25515.000134	3.723300e-04	9.500000e+00
1350.009527	25463.707516	3.730800e-04	9.500000e+00
1351.033036	25402.427937	3.739800e-04	9.500000e+00
1352.057718	25351.586476	3.747300e-04	9.500000e+00
1353.081962	25299.600533	3.755000e-04	9.500000e+00
1354.106830	25247.156373	3.762800e-04	9.500000e+00
1355.130745	25197.602249	3.770200e-04	9.500000e+00
1356.154672	25149.573781	3.777400e-04	9.500000e+00
1357.179262	25104.381375	3.784200e-04	9.500000e+00
1358.203914	25053.403307	3.791900e-04	9.500000e+00
1359.227727	24998.684280	3.800200e-04	9.500000e+00
1360.251080	24948.789327	3.807800e-04	9.500000e+00
1361.275179	24901.703801	3.815000e-04	9.500000e+00
1362.298920	24855.445959	3.822100e-04	9.500000e+00
1363.322740	24808.063926	3.829400e-04	9.500000e+00
1364.346701	24761.507585	3.836600e-04	9.500000e+00
1365.370732	24712.553977	3.844200e-04	9.500000e+00
1366.395923	24661.872745	3.852100e-04	9.500000e+00
1367.419869	24616.500829	3.859200e-04	9.500000e+00
1368.444671	24568.118341	3.866800e-04	9.500000e+00
1369.468546	24521.191472	3.874200e-04	9.500000e+00
1370.493691	24479.488765	3.880800e-04	9.500000e+00
1371.518013	24429.129809	3.888800e-04	9.500000e+00
1372.541920	24380.854613	3.896500e-04	9.500000e+00
1373.565762	24333.393100	3.904100e-04	9.500000e+00
1374.589609	24287.978729	3.911400e-04	9.500000e+00
1375.613140	24237.167058	3.919600e-04	9.500000e+00
1376.637021	24181.026803	3.928700e-04	9.500000e+00
1377.661324	24124.533381	3.937900e-04	9.500000e+00
1378.685846	24075.012671	3.946000e-04	9.500000e+00
1379.710057	24023.872142	3.954400e-04	9.500000e+00
1380.734775	23980.815348	3.961500e-04	9.500000e+00
1381.758930	23918.024119	3.971900e-04	9.500000e+00
1382.782977	23877.145801	3.978700e-04	9.500000e+00
1383.807108	23832.819046	3.986100e-04	9.500000e+00
1384.831126	23783.296615	3.994400e-04	9.500000e+00
1385.855102	23733.979564	4.002700e-04	9.500000e+00
1386.878994	23691.954711	4.009800e-04	9.500000e+00
1387.903960	23649.489669	4.017000e-04	9.500000e+00
1388.927869	23615.392264	4.022800e-04	9.500000e+00
1389.951881	23577.296305	4.029300e-04	9.500000e+00
1390.975878	23527.663579	4.037800e-04	9.500000e+00
1391.999706	23473.598379	4.047100e-04	9.500000e+00
1393.024114	23430.755950	4.054500e-04	9.500000e+00
1394.048025	23388.645428	4.061800e-04	9.500000e+00
1395.071931	23336.362966	4.070900e-04	9.500000e+00
1396.096030	23290.593052	4.078900e-04	9.500000e+00
1397.120056	23231.928005	4.089200e-04	9.500000e+00
1398.144470	23176.384484	4.099000e-04	9.500000e+00
1399.168181	23120.543211	4.108900e-04	9.500000e+00
1400.192159	23072.252580	4.117500e-04	9.500000e+00
1401.216172	23026.395521	4.125700e-04	9.500000e+00
1402.240992	22976.273974	4.134700e-04	9.500000e+00
1403.265227	22931.350777	4.142800e-04	9.500000e+00
1404.289724	22884.397659	4.151300e-04	9.500000e+00
1405.314803	22843.127825	4.158800e-04	9.500000e+00
1406.339016	22791.065902	4.168300e-04	9.500000e+00
1407.363125	22744.140391	4.176900e-04	9.500000e+00
1408.387183	22697.950017	4.185400e-04	9.500000e+00
1409.410985	22655.728322	4.193200e-04	9.500000e+00
1410.435041	22613.125134	4.201100e-04	9.500000e+00
1411.460807	22565.856671	4.209900e-04	9.500000e+00
1412.485084	22517.717889	4.218900e-04	9.500000e+00
1413.509147	22471.910112	4.227500e-04	9.500000e+00
1414.533116	22428.935688	4.235600e-04	9.500000e+00
1415.557931	22384.015457	4.244100e-04	9.500000e+00
1416.582896	22340.850834	4.252300e-04	9.500000e+00
1417.607220	22287.912913	4.262400e-04	9.500000e+00
1418.631212	22238.348276	4.271900e-04	9.500000e+00
1419.655743	22192.632046	4.280700e-04	9.500000e+00
1420.680273	22146.070821	4.289700e-04	9.500000e+00
1421.704259	22105.361132	4.297600e-04	9.500000e+00
1422.728065	22065.825843	4.305300e-04	9.500000e+00
1423.752318	22021.836389	4.313900e-04	9.500000e+00
1424.776147	21980.564553	4.322000e-04	9.500000e+00
1425.800108	21933.368735	4.331300e-04	9.500000e+00
1426.823947	21885.366753	4.340800e-04	9.500000e+00
1427.848235	21840.084602	4.349800e-04	9.500000e+00
1428.872830	21799.490580	4.357900e-04	9.500000e+00
1429.896197	21750.578107	4.367700e-04	9.500000e+00
1430.919415	21707.835386	4.376300e-04	9.500000e+00
1431.943382	21655.383072	4.386900e-04	9.500000e+00
1432.967923	21603.674899	4.397400e-04	9.500000e+00
1433.992931	21550.257469	4.408300e-04	9.500000e+00
1435.016273	21491.753953	4.420300e-04	9.500000e+00
1436.040307	21444.211192	4.430100e-04	9.500000e+00
1437.064299	21399.288192	4.439400e-04	9.500000e+00
1438.088253	21355.513094	4.448500e-04	9.500000e+00
1439.112280	21308.570531	4.458300e-04	9.500000e+00
1440.136522	21257.552025	4.469000e-04	9.500000e+00
1441.160856	21215.775604	4.477800e-04	9.500000e+00
1442.184404	21175.106990	4.486400e-04	9.500000e+00
1443.208179	21132.243354	4.495500e-04	9.500000e+00
1444.232631	21086.744207	4.505200e-04	9.500000e+00
1445.256981	21042.372694	4.514700e-04	9.500000e+00
1446.282229	20985.199912	4.527000e-04	9.500000e+00
1447.306134	20944.947858	4.535700e-04	9.500000e+00
1448.330185	20917.277671	4.541700e-04	9.500000e+00
1449.355381	20893.355913	4.546900e-04	9.500000e+00
1450.379073	20872.698510	4.551400e-04	9.500000e+00
1451.403218	20851.166568	4.556100e-04	9.500000e+00
1452.427785	20828.308961	4.561100e-04	9.500000e+00
1453.452288	20810.514786	4.565000e-04	9.500000e+00
1454.480311	20792.750990	4.568900e-04	9.500000e+00
1455.505062	20777.289329	4.572300e-04	9.500000e+00
1456.529152	20764.573452	4.575100e-04	9.500000e+00
1457.554037	20746.434889	4.579100e-04	9.500000e+00
1458.578275	20734.661807	4.581700e-04	9.500000e+00
1459.602169	20722.450048	4.584400e-04	9.500000e+00
1460.626334	20712.058779	4.586700e-04	9.500000e+00
1461.650844	20698.069633	4.589800e-04	9.500000e+00
1462.675180	20685.900925	4.592500e-04	9.500000e+00
1463.698361	20676.896289	4.594500e-04	9.500000e+00
1464.722378	20669.698222	4.596100e-04	9.500000e+00
1465.747144	20652.622883	4.599900e-04	9.500000e+00
1466.771909	20642.301508	4.602200e-04	9.500000e+00
1467.796950	20620.794443	4.607000e-04	9.500000e+00
1468.820336	20612.293606	4.608900e-04	9.500000e+00
1469.844680	20606.034314	4.610300e-04	9.500000e+00
1470.869151	20585.494810	4.614900e-04	9.500000e+00
1471.893179	20600.225518	4.611600e-04	9.500000e+00
1472.917276	20592.634340	4.613300e-04	9.500000e+00
1473.941642	20597.099061	4.612300e-04	9.500000e+00
1474.965953	20575.240405	4.617200e-04	9.500000e+00
1475.989390	20567.667626	4.618900e-04	9.500000e+00
1477.013143	20558.765608	4.620900e-04	9.500000e+00
1478.037773	20542.317173	4.624600e-04	9.500000e+00
1479.062178	20530.330862	4.627300e-04	9.500000e+00
1480.085214	20517.472247	4.630200e-04	9.500000e+00
1481.108434	20506.400155	4.632700e-04	9.500000e+00
1482.132550	20493.129409	4.635700e-04	9.500000e+00
1483.157349	20477.227168	4.639300e-04	9.500000e+00
1484.181319	20467.962253	4.641400e-04	9.500000e+00
1485.205354	20460.468222	4.643100e-04	9.500000e+00
1486.229895	20452.979676	4.644800e-04	9.500000e+00
1487.254335	20442.856835	4.647100e-04	9.500000e+00
1488.278288	20432.304549	4.649500e-04	9.500000e+00
1489.302215	20423.519295	4.651500e-04	9.500000e+00
1490.326238	20412.548346	4.654000e-04	9.500000e+00
1491.350259	20404.218304	4.655900e-04	9.500000e+00
1492.374104	20395.019322	4.658000e-04	9.500000e+00
1493.397633	20381.455021	4.661100e-04	9.500000e+00
1494.421527	20372.276548	4.663200e-04	9.500000e+00
1495.446040	20362.669868	4.665400e-04	9.500000e+00
1496.470010	20350.892226	4.668100e-04	9.500000e+00
1497.494230	20346.097833	4.669200e-04	9.500000e+00
1498.518644	20338.692757	4.670900e-04	9.500000e+00
1499.543439	20330.422873	4.672800e-04	9.500000e+00
1500.567304	20323.898766	4.674300e-04	9.500000e+00
1501.591362	20314.337646	4.676500e-04	9.500000e+00
1502.615768	20303.917587	4.678900e-04	9.500000e+00
1503.640320	20302.615832	4.679200e-04	9.500000e+00
1504.663921	20302.615832	4.679200e-04	9.500000e+00
1505.688259	20293.508214	4.681300e-04	9.500000e+00
1506.713094	20288.740817	4.682400e-04	9.500000e+00
1507.737296	20286.141362	4.683000e-04	9.500000e+00
1508.760582	20278.779858	4.684700e-04	9.500000e+00
1509.783614	20270.126102	4.686700e-04	9.500000e+00
1510.807878	20258.887254	4.689300e-04	9.500000e+00
1511.833107	20243.346332	4.692900e-04	9.500000e+00
1512.856595	20231.706278	4.695600e-04	9.500000e+00
1513.881389	20220.509983	4.698200e-04	9.500000e+00
1514.905596	20214.056216	4.699700e-04	9.500000e+00
1515.929525	20207.606569	4.701200e-04	9.500000e+00
1516.953077	20198.154527	4.703400e-04	9.500000e+00
1517.976524	20189.140368	4.705500e-04	9.500000e+00
1519.001698	20180.991630	4.707400e-04	9.500000e+00
1520.025583	20173.277839	4.709200e-04	9.500000e+00
1521.049461	20164.285866	4.711300e-04	9.500000e+00
1522.073448	20159.578983	4.712400e-04	9.500000e+00
1523.098031	20151.454087	4.714300e-04	9.500000e+00
1524.122139	20146.325946	4.715500e-04	9.500000e+00
1525.146593	20145.471510	4.715700e-04	9.500000e+00
1526.170385	20133.090323	4.718600e-04	9.500000e+00
1527.194788	20130.530598	4.719200e-04	9.500000e+00
1528.218372	20130.957174	4.719100e-04	9.500000e+00
1529.242107	20129.677501	4.719400e-04	9.500000e+00
1530.265461	20125.839459	4.720300e-04	9.500000e+00
1531.289201	20122.002881	4.721200e-04	9.500000e+00
1532.313393	20126.265836	4.720200e-04	9.500000e+00
1533.337440	20115.185907	4.722800e-04	9.500000e+00
1534.361327	20109.650515	4.724100e-04	9.500000e+00
1535.385906	20096.888156	4.727100e-04	9.500000e+00
1536.410331	20086.265223	4.729600e-04	9.500000e+00
1537.434500	20079.472438	4.731200e-04	9.500000e+00
1538.458597	20075.229280	4.732200e-04	9.500000e+00
1539.482949	20066.324483	4.734300e-04	9.500000e+00
1540.508371	20057.427582	4.736400e-04	9.500000e+00
1541.531728	20054.887059	4.737000e-04	9.500000e+00
1542.555502	20048.961675	4.738400e-04	9.500000e+00
1543.579837	20042.616933	4.739900e-04	9.500000e+00
1544.603565	20035.853633	4.741500e-04	9.500000e+00
1545.627234	20030.361812	4.742800e-04	9.500000e+00
1546.651150	20029.939488	4.742900e-04	9.500000e+00
1547.674706	20027.828140	4.743400e-04	9.500000e+00
1548.698674	20027.405924	4.743500e-04	9.500000e+00
1549.722609	20024.450908	4.744200e-04	9.500000e+00
1550.746587	20018.965336	4.745500e-04	9.500000e+00
1551.770606	20012.217986	4.747100e-04	9.500000e+00
1552.795310	20013.061156	4.746900e-04	9.500000e+00
1553.819662	20007.160457	4.748300e-04	9.500000e+00
1554.843380	19999.578956	4.750100e-04	9.500000e+00
1555.869032	19990.741130	4.752200e-04	9.500000e+00
1556.893609	19981.911112	4.754300e-04	9.500000e+00
1557.917543	19979.389682	4.754900e-04	9.500000e+00
1558.941668	19974.348731	4.756100e-04	9.500000e+00
1559.965521	19969.730093	4.757200e-04	9.500000e+00
1560.989647	19964.274456	4.758500e-04	9.500000e+00
1562.013578	19951.695894	4.761500e-04	9.500000e+00
1563.037410	19943.737666	4.763400e-04	9.500000e+00
1564.061477	19937.459338	4.764900e-04	9.500000e+00
1565.085487	19934.530804	4.765600e-04	9.500000e+00
1566.109555	19925.750362	4.767700e-04	9.500000e+00
1567.133620	19924.496644	4.768000e-04	9.500000e+00
1568.157967	19924.914533	4.767900e-04	9.500000e+00
1569.181731	19918.648048	4.769400e-04	9.500000e+00
1570.206842	19915.725037	4.770100e-04	9.500000e+00
1571.230803	19909.881589	4.771500e-04	9.500000e+00
1572.254938	19904.875647	4.772700e-04	9.500000e+00
1573.278636	19895.287958	4.775000e-04	9.500000e+00
1574.302506	19894.871312	4.775100e-04	9.500000e+00
1575.326367	19892.788341	4.775600e-04	9.500000e+00
1576.350043	19901.122842	4.773600e-04	9.500000e+00
1577.374305	19901.539751	4.773500e-04	9.500000e+00
1578.397928	19893.621477	4.775400e-04	9.500000e+00
1579.421672	19884.044624	4.777700e-04	9.500000e+00
1580.445946	19872.813990	4.780400e-04	9.500000e+00
1581.470628	19874.892780	4.779900e-04	9.500000e+00
1582.494348	19868.657715	4.781400e-04	9.500000e+00
1583.517756	19861.596036	4.783100e-04	9.500000e+00
1584.541506	19854.954334	4.784700e-04	9.500000e+00
1585.566575	19852.464840	4.785300e-04	9.500000e+00
1586.590467	19850.390739	4.785800e-04	9.500000e+00
1587.614620	19848.317072	4.786300e-04	9.500000e+00
1588.639078	19837.955229	4.788800e-04	9.500000e+00
1589.662843	19828.845752	4.791000e-04	9.500000e+00
1590.686772	19825.949037	4.791700e-04	9.500000e+00
1591.710246	19825.949037	4.791700e-04	9.500000e+00
1592.735320	19822.639541	4.792500e-04	9.500000e+00
1593.759551	19818.090788	4.793600e-04	9.500000e+00
1594.782830	19816.850581	4.793900e-04	9.500000e+00
1595.807686	19813.544122	4.794700e-04	9.500000e+00
1596.832088	19805.695701	4.796600e-04	9.500000e+00
1597.857406	19803.218544	4.797200e-04	9.500000e+00
1598.881480	19801.567450	4.797600e-04	9.500000e+00
1599.905845	19809.412599	4.795700e-04	9.500000e+00
1600.929494	19805.695701	4.796600e-04	9.500000e+00
1601.953795	19810.238766	4.795500e-04	9.500000e+00
1602.977679	19796.203297	4.798900e-04	9.500000e+00
1604.001748	19783.835565	4.801900e-04	9.500000e+00
1605.025706	19776.010658	4.803800e-04	9.500000e+00
1606.049641	19771.483277	4.804900e-04	9.500000e+00
1607.073380	19771.483277	4.804900e-04	9.500000e+00
1608.097863	19764.490492	4.806600e-04	9.500000e+00
1609.121697	19761.612548	4.807300e-04	9.500000e+00
1610.146606	19758.324494	4.808100e-04	9.500000e+00
1611.169920	19757.502652	4.808300e-04	9.500000e+00
1612.192942	19757.091756	4.808400e-04	9.500000e+00
1613.216386	19758.324494	4.808100e-04	9.500000e+00
1614.240350	19757.091756	4.808400e-04	9.500000e+00
1615.263935	19756.270016	4.808600e-04	9.500000e+00
1616.287506	19757.091756	4.808400e-04	9.500000e+00
1617.311181	19753.394465	4.809300e-04	9.500000e+00
1618.335677	19746.824918	4.810900e-04	9.500000e+00
1619.359426	19742.310889	4.812000e-04	9.500000e+00
1620.382512	19746.824918	4.810900e-04	9.500000e+00
1621.407458	19759.968384	4.807700e-04	9.500000e+00
1622.431500	19756.270016	4.808600e-04	9.500000e+00
1623.454916	19771.071800	4.805000e-04	9.500000e+00
1624.479633	19772.717812	4.804600e-04	9.500000e+00
1625.503122	19756.270016	4.808600e-04	9.500000e+00
1626.527471	19757.502652	4.808300e-04	9.500000e+00
1627.550756	19736.568746	4.813400e-04	9.500000e+00
1628.574634	19729.190895	4.815200e-04	9.500000e+00
1629.599283	19727.142471	4.815700e-04	9.500000e+00
1630.623878	19722.227989	4.816900e-04	9.500000e+00
1631.648142	19714.042624	4.818900e-04	9.500000e+00
1632.671650	19711.997344	4.819400e-04	9.500000e+00
1633.696732	19711.588339	4.819500e-04	9.500000e+00
1634.721904	19704.637849	4.821200e-04	9.500000e+00
1635.745919	19701.368727	4.822000e-04	9.500000e+00
1636.769779	19698.100688	4.822800e-04	9.500000e+00
1637.793897	19695.650371	4.823400e-04	9.500000e+00
1638.817932	19690.751565	4.824600e-04	9.500000e+00
1639.841918	19687.895053	4.825300e-04	9.500000e+00
1640.865525	19690.751565	4.824600e-04	9.500000e+00
1641.888893	19690.751565	4.824600e-04	9.500000e+00
1642.912940	19680.961260	4.827000e-04	9.500000e+00
1643.936624	19681.368995	4.826900e-04	9.500000e+00
1644.960583	19673.217503	4.828900e-04	9.500000e+00
1645.985230	19664.665701	4.831000e-04	9.500000e+00
1647.009795	19655.714640	4.833200e-04	9.500000e+00
1648.033077	19649.616315	4.834700e-04	9.500000e+00
1649.056943	19645.959136	4.835600e-04	9.500000e+00
1650.082206	19643.521773	4.836200e-04	9.500000e+00
1651.106031	19637.836944	4.837600e-04	9.500000e+00
1652.130736	19639.460845	4.837200e-04	9.500000e+00
1653.154745	19628.099174	4.840000e-04	9.500000e+00
1654.178593	19628.099174	4.840000e-04	9.500000e+00
1655.202991	19628.910286	4.839800e-04	9.500000e+00
1656.226831	19630.938359	4.839300e-04	9.500000e+00
1657.251233	19628.910286	4.839800e-04	9.500000e+00
1658.274918	19626.071687	4.840500e-04	9.500000e+00
1659.299507	19621.207427	4.841700e-04	9.500000e+00
1660.323015	19620.396952	4.841900e-04	9.500000e+00
1661.346544	19620.396952	4.841900e-04	9.500000e+00
1662.370891	19618.371056	4.842400e-04	9.500000e+00
1663.394807	19618.776201	4.842300e-04	9.500000e+00
1664.418885	19613.105684	4.843700e-04	9.500000e+00
1665.442687	19610.676465	4.844300e-04	9.500000e+00
1666.466876	19608.247848	4.844900e-04	9.500000e+00
1667.491911	19604.201490	4.845900e-04	9.500000e+00
1668.515903	19599.752424	4.847000e-04	9.500000e+00
1669.539985	19588.032743	4.849900e-04	9.500000e+00
1670.564149	19583.591012	4.851000e-04	9.500000e+00
1671.588804	19583.994723	4.850900e-04	9.500000e+00
1672.612705	19579.958367	4.851900e-04	9.500000e+00
1673.637111	19581.169099	4.851600e-04	9.500000e+00
1674.661462	19577.537352	4.852500e-04	9.500000e+00
1675.685722	19574.310263	4.853300e-04	9.500000e+00
1676.708823	19575.923675	4.852900e-04	9.500000e+00
1677.732997	19582.783641	4.851200e-04	9.500000e+00
1678.757030	19573.503657	4.853500e-04	9.500000e+00
1679.780621	19583.994723	4.850900e-04	9.500000e+00
1680.803888	19579.554823	4.852000e-04	9.500000e+00
1681.827747	19577.940813	4.852400e-04	9.500000e+00
1682.852437	19574.713591	4.853200e-04	9.500000e+00
1683.876847	19572.293873	4.853800e-04	9.500000e+00
1684.900984	19575.116936	4.853100e-04	9.500000e+00
1685.924634	19575.116936	4.853100e-04	9.500000e+00
1686.948582	19574.310263	4.853300e-04	9.500000e+00
1687.972753	19564.232464	4.855800e-04	9.500000e+00
1688.997843	19563.426689	4.856000e-04	9.500000e+00
1690.021806	19565.441252	4.855500e-04	9.500000e+00
1691.046157	19563.829568	4.855900e-04	9.500000e+00
1692.070890	19556.580275	4.857700e-04	9.500000e+00
1693.094701	19547.727319	4.859900e-04	9.500000e+00
1694.117995	19541.695808	4.861400e-04	9.500000e+00
1695.142021	19534.864593	4.863100e-04	9.500000e+00
1696.165920	19527.636745	4.864900e-04	9.500000e+00
1697.190041	19525.629958	4.865400e-04	9.500000e+00
1698.214264	19520.414244	4.866700e-04	9.500000e+00
1699.238854	19521.617623	4.866400e-04	9.500000e+00
1700.263073	19519.612073	4.866900e-04	9.500000e+00
1701.287152	19520.013150	4.866800e-04	9.500000e+00
1702.310461	19521.617623	4.866400e-04	9.500000e+00
1703.334859	19522.821150	4.866100e-04	9.500000e+00
1704.359834	19529.643944	4.864400e-04	9.500000e+00
1705.383925	19538.480523	4.862200e-04	9.500000e+00
1706.408034	19528.038152	4.864800e-04	9.500000e+00
1707.432470	19525.228651	4.865500e-04	9.500000e+00
1708.457012	19523.222359	4.866000e-04	9.500000e+00
1709.480171	19517.606936	4.867400e-04	9.500000e+00
1710.504032	19511.593995	4.868900e-04	9.500000e+00
1711.528039	19509.590504	4.869400e-04	9.500000e+00
1712.552175	19503.182098	4.871000e-04	9.500000e+00
1713.576132	19501.980991	4.871300e-04	9.500000e+00
1714.599999	19499.579220	4.871900e-04	9.500000e+00
1715.623871	19497.978368	4.872300e-04	9.500000e+00
1716.647850	19496.377778	4.872700e-04	9.500000e+00
1717.672959	19492.777413	4.873600e-04	9.500000e+00
1718.697295	19491.977512	4.873800e-04	9.500000e+00
1719.722513	19487.978994	4.874800e-04	9.500000e+00
1720.747042	19487.179487	4.875000e-04	9.500000e+00
1721.771905	19488.378772	4.874700e-04	9.500000e+00
1722.795743	19487.179487	4.875000e-04	9.500000e+00
1723.819821	19482.383823	4.876200e-04	9.500000e+00
1724.843783	19479.986877	4.876800e-04	9.500000e+00
1725.867859	19479.986877	4.876800e-04	9.500000e+00
1726.891082	19481.185276	4.876500e-04	9.500000e+00
1727.916259	19473.198729	4.878500e-04	9.500000e+00
1728.940160	19470.804042	4.879100e-04	9.500000e+00
1729.964757	19477.191184	4.877500e-04	9.500000e+00
1730.988143	19473.997089	4.878300e-04	9.500000e+00
1732.012320	19469.606919	4.879400e-04	9.500000e+00
1733.036781	19473.198729	4.878500e-04	9.500000e+00
1734.061278	19476.791865	4.877600e-04	9.500000e+00
1735.084910	19473.198729	4.878500e-04	9.500000e+00
1736.110007	19464.819899	4.880600e-04	9.500000e+00
1737.134354	19463.623512	4.880900e-04	9.500000e+00
1738.159238	19453.260981	4.883500e-04	9.500000e+00
1739.183262	19452.862642	4.883600e-04	9.500000e+00
1740.208814	19452.066014	4.883800e-04	9.500000e+00
1741.232439	19452.862642	4.883600e-04	9.500000e+00
1742.256797	19452.862642	4.883600e-04	9.500000e+00
1743.280398	19446.889521	4.885100e-04	9.500000e+00
1744.304057	19446.491444	4.885200e-04	9.500000e+00
1745.328965	19445.695337	4.885400e-04	9.500000e+00
1746.355043	19451.667725	4.883900e-04	9.500000e+00
1747.379145	19458.440867	4.882200e-04	9.500000e+00
1748.403006	19456.049807	4.882800e-04	9.500000e+00
1749.427225	19450.074729	4.884300e-04	9.500000e+00
1750.451268	19445.297308	4.885500e-04	9.500000e+00
1751.476077	19438.533312	4.887200e-04	9.500000e+00
1752.500856	19435.749504	4.887900e-04	9.500000e+00
1753.524817	19435.749504	4.887900e-04	9.500000e+00
1754.549171	19436.147142	4.887800e-04	9.500000e+00
1755.572942	19434.159115	4.888300e-04	9.500000e+00
1756.596364	19431.774019	4.888900e-04	9.500000e+00
1757.620903	19427.800160	4.889900e-04	9.500000e+00
1758.645220	19422.239486	4.891300e-04	9.500000e+00
1759.669016	19417.078854	4.892600e-04	9.500000e+00
1760.693076	19413.904443	4.893400e-04	9.500000e+00
1761.717386	19403.991095	4.895900e-04	9.500000e+00
1762.744277	19402.009640	4.896400e-04	9.500000e+00
1763.769034	19412.714306	4.893700e-04	9.500000e+00
1764.794346	19443.307409	4.886000e-04	9.500000e+00
1765.819537	19442.511563	4.886200e-04	9.500000e+00
1766.843673	19452.066014	4.883800e-04	9.500000e+00
1767.868305	19446.093382	4.885300e-04	9.500000e+00
1768.892536	19442.113665	4.886300e-04	9.500000e+00
1769.916512	19437.737857	4.887400e-04	9.500000e+00
1770.940836	19425.813839	4.890400e-04	9.500000e+00
1771.967992	19414.301187	4.893300e-04	9.500000e+00
1772.992477	19407.558733	4.895000e-04	9.500000e+00
1774.016856	19396.067702	4.897900e-04	9.500000e+00
1775.042555	19396.067702	4.897900e-04	9.500000e+00
1776.066675	19395.275719	4.898100e-04	9.500000e+00
1777.091038	19392.504287	4.898800e-04	9.500000e+00
1778.115380	19406.765811	4.895200e-04	9.500000e+00
1779.140563	19401.217171	4.896600e-04	9.500000e+00
1780.166014	19401.613397	4.896500e-04	9.500000e+00
1781.190160	19415.094725	4.893100e-04	9.500000e+00
1782.212914	19402.009640	4.896400e-04	9.500000e+00
1783.237339	19388.942180	4.899700e-04	9.500000e+00
1784.262061	19379.844961	4.902000e-04	9.500000e+00
1785.286273	19376.682712	4.902800e-04	9.500000e+00
1786.310081	19375.497134	4.903100e-04	9.500000e+00
1787.333342	19373.916590	4.903500e-04	9.500000e+00
1788.358891	19378.263708	4.902400e-04	9.500000e+00
1789.383430	19380.635685	4.901800e-04	9.500000e+00
1790.407213	19380.240315	4.901900e-04	9.500000e+00
1791.431483	19370.756275	4.904300e-04	9.500000e+00
1792.455903	19362.859996	4.906300e-04	9.500000e+00
1793.480200	19356.942011	4.907800e-04	9.500000e+00
1794.504239	19355.758848	4.908100e-04	9.500000e+00
1795.527173	19355.758848	4.908100e-04	9.500000e+00
1796.551499	19354.181522	4.908500e-04	9.500000e+00
1797.575735	19355.758848	4.908100e-04	9.500000e+00
1798.599412	19353.787231	4.908600e-04	9.500000e+00
1799.623144	19351.027641	4.909300e-04	9.500000e+00
1800.648607	19350.633479	4.909400e-04	9.500000e+00
1801.672949	19350.633479	4.909400e-04	9.500000e+00
1802.697053	19354.970153	4.908300e-04	9.500000e+00
1803.721177	19353.392955	4.908700e-04	9.500000e+00
1804.745653	19351.816015	4.909100e-04	9.500000e+00
1805.771448	19352.210226	4.909000e-04	9.500000e+00
1806.795479	19347.874789	4.910100e-04	9.500000e+00
1807.818744	19351.816015	4.909100e-04	9.500000e+00
1808.842565	19352.998696	4.908800e-04	9.500000e+00
1809.866933	19354.181522	4.908500e-04	9.500000e+00
1810.890405	19355.364492	4.908200e-04	9.500000e+00
1811.914197	19356.547607	4.907900e-04	9.500000e+00
1812.938646	19357.336431	4.907700e-04	9.500000e+00
1813.962858	19351.816015	4.909100e-04	9.500000e+00
1814.985952	19353.787231	4.908600e-04	9.500000e+00
1816.008904	19353.787231	4.908600e-04	9.500000e+00
1817.032545	19353.392955	4.908700e-04	9.500000e+00
1818.055999	19351.027641	4.909300e-04	9.500000e+00
1819.079065	19350.633479	4.909400e-04	9.500000e+00
