Time	SourceV	Current	Voltage
1.028200	5637886.597938	1.862400e-06	1.050000e+01
5.603113	3845872.097282	2.730200e-06	1.050000e+01
6.632058	3608371.421698	2.909900e-06	1.050000e+01
7.660057	3412303.792532	3.077100e-06	1.050000e+01
8.687079	3239241.092087	3.241500e-06	1.050000e+01
9.715748	3090325.808635	3.397700e-06	1.050000e+01
10.739926	2963255.630186	3.543400e-06	1.050000e+01
11.764351	2856909.640029	3.675300e-06	1.050000e+01
12.788503	2770887.211696	3.789400e-06	1.050000e+01
13.811912	2699367.576739	3.889800e-06	1.050000e+01
14.835736	2639583.699942	3.977900e-06	1.050000e+01
15.860463	2591632.728619	4.051500e-06	1.050000e+01
16.885906	2552446.702482	4.113700e-06	1.050000e+01
17.909904	2519979.840161	4.166700e-06	1.050000e+01
18.933784	2496077.592355	4.206600e-06	1.050000e+01
19.958397	2473731.329218	4.244600e-06	1.050000e+01
20.982753	2459361.971237	4.269400e-06	1.050000e+01
22.006507	2441406.250000	4.300800e-06	1.050000e+01
23.030116	2427745.664740	4.325000e-06	1.050000e+01
24.055469	2414792.327860	4.348200e-06	1.050000e+01
25.079888	2401372.212693	4.372500e-06	1.050000e+01
26.103990	2391745.062755	4.390100e-06	1.050000e+01
27.128672	2386363.636364	4.400000e-06	1.050000e+01
28.153080	2383654.937571	4.405000e-06	1.050000e+01
29.176864	2375995.655322	4.419200e-06	1.050000e+01
30.200702	2369989.165764	4.430400e-06	1.050000e+01
31.224663	2364172.652151	4.441300e-06	1.050000e+01
32.248511	2362151.582642	4.445100e-06	1.050000e+01
33.272905	2355844.738613	4.457000e-06	1.050000e+01
34.295891	2352466.729399	4.463400e-06	1.050000e+01
35.319745	2348993.288591	4.470000e-06	1.050000e+01
36.343704	2345896.914587	4.475900e-06	1.050000e+01
37.367962	2340250.072436	4.486700e-06	1.050000e+01
38.391192	2337853.182820	4.491300e-06	1.050000e+01
39.414978	2334786.089122	4.497200e-06	1.050000e+01
40.439074	2333125.944361	4.500400e-06	1.050000e+01
41.463897	2325942.006513	4.514300e-06	1.050000e+01
42.488766	2320544.554455	4.524800e-06	1.050000e+01
43.512897	2313743.637205	4.538100e-06	1.050000e+01
44.537369	2307388.036742	4.550600e-06	1.050000e+01
45.565404	2301470.749403	4.562300e-06	1.050000e+01
46.590081	2295383.001049	4.574400e-06	1.050000e+01
47.614189	2285490.400940	4.594200e-06	1.050000e+01
48.638419	2272874.862004	4.619700e-06	1.050000e+01
49.663402	2262687.210430	4.640500e-06	1.050000e+01
50.692113	2255009.342182	4.656300e-06	1.050000e+01
51.718729	2246614.031709	4.673700e-06	1.050000e+01
52.760851	2240908.314837	4.685600e-06	1.050000e+01
53.815305	2228400.432946	4.711900e-06	1.050000e+01
54.879889	2218184.890992	4.733600e-06	1.050000e+01
55.924315	2208852.238304	4.753600e-06	1.050000e+01
56.948144	2199321.352268	4.774200e-06	1.050000e+01
57.973990	2188868.042527	4.797000e-06	1.050000e+01
59.011544	2180232.558140	4.816000e-06	1.050000e+01
60.036904	2171889.543903	4.834500e-06	1.050000e+01
61.061057	2163075.275020	4.854200e-06	1.050000e+01
62.093286	2152521.525215	4.878000e-06	1.050000e+01
63.119668	2143775.903959	4.897900e-06	1.050000e+01
64.146790	2132369.366991	4.924100e-06	1.050000e+01
65.211902	2120912.194235	4.950700e-06	1.050000e+01
66.243981	2111316.657283	4.973200e-06	1.050000e+01
67.269718	2100378.068052	4.999100e-06	1.050000e+01
68.307971	2090758.845901	5.022100e-06	1.050000e+01
69.354704	2077726.769036	5.053600e-06	1.050000e+01
70.406283	2068028.282749	5.077300e-06	1.050000e+01
71.459149	2055357.632228	5.108600e-06	1.050000e+01
72.484973	2043000.291857	5.139500e-06	1.050000e+01
73.509213	2028515.126927	5.176200e-06	1.050000e+01
74.532908	2018027.714247	5.203100e-06	1.050000e+01
75.556728	2006612.265179	5.232700e-06	1.050000e+01
76.596246	1993393.324980	5.267400e-06	1.050000e+01
77.669634	1982141.845846	5.297300e-06	1.050000e+01
78.694046	1973795.514785	5.319700e-06	1.050000e+01
79.729328	1962543.456319	5.350200e-06	1.050000e+01
80.754436	1952108.276939	5.378800e-06	1.050000e+01
81.794785	1941639.853545	5.407800e-06	1.050000e+01
82.821339	1933630.437185	5.430200e-06	1.050000e+01
83.847146	1923816.852636	5.457900e-06	1.050000e+01
84.872732	1914940.180916	5.483200e-06	1.050000e+01
85.897447	1907634.170270	5.504200e-06	1.050000e+01
86.921930	1898871.527778	5.529600e-06	1.050000e+01
87.946875	1888387.317231	5.560300e-06	1.050000e+01
88.971157	1878455.015475	5.589700e-06	1.050000e+01
89.995624	1869658.119658	5.616000e-06	1.050000e+01
91.019953	1859855.462661	5.645600e-06	1.050000e+01
92.046647	1850546.351780	5.674000e-06	1.050000e+01
93.070007	1839684.625493	5.707500e-06	1.050000e+01
94.093297	1827739.869099	5.744800e-06	1.050000e+01
95.118081	1814254.859611	5.787500e-06	1.050000e+01
96.140871	1804526.784333	5.818700e-06	1.050000e+01
97.165062	1795240.049241	5.848800e-06	1.050000e+01
98.209231	1787964.445050	5.872600e-06	1.050000e+01
99.263579	1777491.874323	5.907200e-06	1.050000e+01
100.309156	1769613.213112	5.933500e-06	1.050000e+01
101.340345	1759914.183232	5.966200e-06	1.050000e+01
102.398105	1755119.097367	5.982500e-06	1.050000e+01
103.492662	1749591.761922	6.001400e-06	1.050000e+01
104.554532	1753507.014028	5.988000e-06	1.050000e+01
105.591508	1736053.701928	6.048200e-06	1.050000e+01
106.616229	1721226.824910	6.100300e-06	1.050000e+01
107.641825	1713194.863679	6.128900e-06	1.050000e+01
108.665981	1704490.113957	6.160200e-06	1.050000e+01
109.689450	1693411.821627	6.200500e-06	1.050000e+01
110.715882	1683582.663909	6.236700e-06	1.050000e+01
111.749810	1674427.505262	6.270800e-06	1.050000e+01
112.805300	1666560.853279	6.300400e-06	1.050000e+01
113.858121	1660105.298107	6.324900e-06	1.050000e+01
114.921766	1653803.748622	6.349000e-06	1.050000e+01
116.023241	1644505.003994	6.384900e-06	1.050000e+01
117.069723	1637069.489702	6.413900e-06	1.050000e+01
118.135084	1627932.216003	6.449900e-06	1.050000e+01
119.160480	1621571.534470	6.475200e-06	1.050000e+01
120.201258	1618397.324250	6.487900e-06	1.050000e+01
121.228233	1610034.347399	6.521600e-06	1.050000e+01
122.254271	1601097.895700	6.558000e-06	1.050000e+01
123.279610	1590957.301736	6.599800e-06	1.050000e+01
124.303268	1584020.999593	6.628700e-06	1.050000e+01
125.337674	1576765.977895	6.659200e-06	1.050000e+01
126.363663	1569131.448383	6.691600e-06	1.050000e+01
127.391757	1561524.047470	6.724200e-06	1.050000e+01
128.419004	1555163.884651	6.751700e-06	1.050000e+01
129.444520	1549380.985406	6.776900e-06	1.050000e+01
130.501624	1540244.385442	6.817100e-06	1.050000e+01
131.544625	1535401.982862	6.838600e-06	1.050000e+01
132.585697	1527961.699093	6.871900e-06	1.050000e+01
133.611616	1521320.216172	6.901900e-06	1.050000e+01
134.636808	1515479.541026	6.928500e-06	1.050000e+01
135.661775	1508425.634616	6.960900e-06	1.050000e+01
136.685752	1502919.958777	6.986400e-06	1.050000e+01
137.709960	1499935.717041	7.000300e-06	1.050000e+01
138.733954	1491392.534515	7.040400e-06	1.050000e+01
139.762801	1486830.926083	7.062000e-06	1.050000e+01
140.814204	1479289.940828	7.098000e-06	1.050000e+01
141.851267	1470197.006399	7.141900e-06	1.050000e+01
142.888254	1462436.279562	7.179800e-06	1.050000e+01
143.913131	1456977.534794	7.206700e-06	1.050000e+01
144.959112	1450196.121761	7.240400e-06	1.050000e+01
146.008492	1444967.385022	7.266600e-06	1.050000e+01
147.035511	1438375.868163	7.299900e-06	1.050000e+01
148.062622	1434367.443957	7.320300e-06	1.050000e+01
149.089524	1427930.317001	7.353300e-06	1.050000e+01
150.117593	1421435.243472	7.386900e-06	1.050000e+01
151.142892	1415876.697366	7.415900e-06	1.050000e+01
152.168944	1411404.145496	7.439400e-06	1.050000e+01
153.208167	1406733.564663	7.464100e-06	1.050000e+01
154.257539	1399664.080621	7.501800e-06	1.050000e+01
155.321659	1394551.950381	7.529300e-06	1.050000e+01
156.353176	1387549.059770	7.567300e-06	1.050000e+01
157.381803	1381760.757994	7.599000e-06	1.050000e+01
158.463012	1375948.421591	7.631100e-06	1.050000e+01
159.489832	1369005.710710	7.669800e-06	1.050000e+01
160.515369	1363069.893031	7.703200e-06	1.050000e+01
161.539711	1356081.054902	7.742900e-06	1.050000e+01
162.563478	1349354.237615	7.781500e-06	1.050000e+01
163.588308	1343071.668862	7.817900e-06	1.050000e+01
164.634118	1336949.463310	7.853700e-06	1.050000e+01
165.702871	1332233.711857	7.881500e-06	1.050000e+01
166.743813	1326511.275346	7.915500e-06	1.050000e+01
167.778677	1321203.427579	7.947300e-06	1.050000e+01
168.851938	1316597.910998	7.975100e-06	1.050000e+01
169.916025	1312089.971884	8.002500e-06	1.050000e+01
170.982036	1312910.284464	7.997500e-06	1.050000e+01
172.010249	1310566.913802	8.011800e-06	1.050000e+01
173.069698	1309357.541899	8.019200e-06	1.050000e+01
174.096494	1303554.358217	8.054900e-06	1.050000e+01
175.127360	1297850.512342	8.090300e-06	1.050000e+01
176.161670	1291131.769219	8.132400e-06	1.050000e+01
177.186677	1286748.936900	8.160100e-06	1.050000e+01
178.212594	1280347.278957	8.200900e-06	1.050000e+01
179.237402	1274503.853857	8.238500e-06	1.050000e+01
180.261557	1269357.705001	8.271900e-06	1.050000e+01
181.286179	1263142.699035	8.312600e-06	1.050000e+01
182.310494	1257515.150063	8.349800e-06	1.050000e+01
183.335279	1252654.434397	8.382200e-06	1.050000e+01
184.358540	1247964.629117	8.413700e-06	1.050000e+01
185.383229	1243103.734047	8.446600e-06	1.050000e+01
186.407123	1237900.991500	8.482100e-06	1.050000e+01
187.430457	1232683.728575	8.518000e-06	1.050000e+01
188.454348	1227926.558297	8.551000e-06	1.050000e+01
189.479092	1223505.284378	8.581900e-06	1.050000e+01
190.504521	1217631.301242	8.623300e-06	1.050000e+01
191.528415	1213550.154294	8.652300e-06	1.050000e+01
192.552412	1208827.897445	8.686100e-06	1.050000e+01
193.576601	1205303.334673	8.711500e-06	1.050000e+01
194.601254	1201592.968965	8.738400e-06	1.050000e+01
195.626295	1197878.044607	8.765500e-06	1.050000e+01
196.650442	1194213.184114	8.792400e-06	1.050000e+01
197.674522	1191124.421454	8.815200e-06	1.050000e+01
198.698802	1187151.627528	8.844700e-06	1.050000e+01
199.724465	1182592.242195	8.878800e-06	1.050000e+01
200.748463	1179126.099114	8.904900e-06	1.050000e+01
201.774390	1174207.689383	8.942200e-06	1.050000e+01
202.799720	1168783.463384	8.983700e-06	1.050000e+01
203.824698	1163009.647442	9.028300e-06	1.050000e+01
204.850166	1158850.861412	9.060700e-06	1.050000e+01
205.874416	1155166.343954	9.089600e-06	1.050000e+01
206.898437	1150369.761709	9.127500e-06	1.050000e+01
207.922706	1144676.165662	9.172900e-06	1.050000e+01
208.946534	1139186.946003	9.217100e-06	1.050000e+01
209.970448	1134865.221245	9.252200e-06	1.050000e+01
210.994488	1131294.847760	9.281400e-06	1.050000e+01
212.018792	1126573.178975	9.320300e-06	1.050000e+01
213.044502	1122898.575523	9.350800e-06	1.050000e+01
214.068407	1119785.001280	9.376800e-06	1.050000e+01
215.092398	1115763.075681	9.410600e-06	1.050000e+01
216.117027	1111993.645751	9.442500e-06	1.050000e+01
217.142590	1108214.508111	9.474700e-06	1.050000e+01
218.166539	1104937.492108	9.502800e-06	1.050000e+01
219.190295	1101229.181525	9.534800e-06	1.050000e+01
220.215131	1097396.557310	9.568100e-06	1.050000e+01
221.240298	1091850.634833	9.616700e-06	1.050000e+01
222.264651	1088579.248569	9.645600e-06	1.050000e+01
223.289445	1085619.164797	9.671900e-06	1.050000e+01
224.314634	1081292.608078	9.710600e-06	1.050000e+01
225.339170	1078493.806364	9.735800e-06	1.050000e+01
226.363674	1074751.527683	9.769700e-06	1.050000e+01
227.387593	1071155.317521	9.802500e-06	1.050000e+01
228.411700	1066921.372975	9.841400e-06	1.050000e+01
229.436407	1062677.745504	9.880700e-06	1.050000e+01
230.460643	1058393.056942	9.920700e-06	1.050000e+01
231.484774	1055276.381910	9.950000e-06	1.050000e+01
232.509599	1050893.259270	9.991500e-06	1.050000e+01
233.533717	1050420.168067	9.996000e-06	1.050000e+01
234.558303	1045712.578428	1.004100e-05	1.050000e+01
235.583350	1041253.470845	1.008400e-05	1.050000e+01
236.606439	1038164.919913	1.011400e-05	1.050000e+01
237.630767	1034992.607196	1.014500e-05	1.050000e+01
238.657521	1031535.514294	1.017900e-05	1.050000e+01
239.681276	1029310.851877	1.020100e-05	1.050000e+01
240.704768	1026593.664451	1.022800e-05	1.050000e+01
241.728774	1023092.662964	1.026300e-05	1.050000e+01
242.753751	1019714.479946	1.029700e-05	1.050000e+01
243.777763	1017047.655947	1.032400e-05	1.050000e+01
244.801353	1012536.162006	1.037000e-05	1.050000e+01
245.827171	1008354.940939	1.041300e-05	1.050000e+01
246.850797	1004784.688995	1.045000e-05	1.050000e+01
247.875620	1000762.485703	1.049200e-05	1.050000e+01
248.899625	995827.010622	1.054400e-05	1.050000e+01
249.924530	992438.563327	1.058000e-05	1.050000e+01
250.949309	988793.671721	1.061900e-05	1.050000e+01
251.973824	985175.455057	1.065800e-05	1.050000e+01
252.998491	981858.986347	1.069400e-05	1.050000e+01
254.022392	978655.979122	1.072900e-05	1.050000e+01
255.046738	975383.186252	1.076500e-05	1.050000e+01
256.071392	972492.358989	1.079700e-05	1.050000e+01
257.095321	968992.248062	1.083600e-05	1.050000e+01
258.118932	965162.239176	1.087900e-05	1.050000e+01
259.143084	963391.136802	1.089900e-05	1.050000e+01
260.167557	960922.485586	1.092700e-05	1.050000e+01
261.191383	957679.678949	1.096400e-05	1.050000e+01
262.214826	954025.077231	1.100600e-05	1.050000e+01
263.239263	950656.405613	1.104500e-05	1.050000e+01
264.263486	947567.909033	1.108100e-05	1.050000e+01
265.287561	944074.806689	1.112200e-05	1.050000e+01
266.311510	940354.648039	1.116600e-05	1.050000e+01
267.335862	937248.951174	1.120300e-05	1.050000e+01
268.360650	933416.303671	1.124900e-05	1.050000e+01
269.383737	929614.873838	1.129500e-05	1.050000e+01
270.407422	925844.281809	1.134100e-05	1.050000e+01
271.432612	921133.432757	1.139900e-05	1.050000e+01
272.456760	917190.775681	1.144800e-05	1.050000e+01
273.480521	913838.120104	1.149000e-05	1.050000e+01
274.504671	910825.815406	1.152800e-05	1.050000e+01
275.529008	907754.819746	1.156700e-05	1.050000e+01
276.552779	903148.116291	1.162600e-05	1.050000e+01
277.576527	899665.838403	1.167100e-05	1.050000e+01
278.600716	896516.393443	1.171200e-05	1.050000e+01
279.625035	893540.975236	1.175100e-05	1.050000e+01
280.652435	891795.481570	1.177400e-05	1.050000e+01
281.676586	889378.282229	1.180600e-05	1.050000e+01
282.700694	886974.151039	1.183800e-05	1.050000e+01
283.725062	884732.052578	1.186800e-05	1.050000e+01
284.751057	882575.439186	1.189700e-05	1.050000e+01
285.776456	879102.478232	1.194400e-05	1.050000e+01
286.799854	875948.944690	1.198700e-05	1.050000e+01
287.823647	872093.023256	1.204000e-05	1.050000e+01
288.847183	868630.046327	1.208800e-05	1.050000e+01
289.871616	865479.723046	1.213200e-05	1.050000e+01
290.895575	861998.193909	1.218100e-05	1.050000e+01
291.921296	858755.213871	1.222700e-05	1.050000e+01
292.946376	855327.468231	1.227600e-05	1.050000e+01
293.970713	851857.861431	1.232600e-05	1.050000e+01
294.994601	848827.809216	1.237000e-05	1.050000e+01
296.018744	845274.512961	1.242200e-05	1.050000e+01
297.042932	842088.379180	1.246900e-05	1.050000e+01
298.067481	838122.605364	1.252800e-05	1.050000e+01
299.091459	835056.465723	1.257400e-05	1.050000e+01
300.114999	832144.555397	1.261800e-05	1.050000e+01
301.139106	829187.396352	1.266300e-05	1.050000e+01
302.163531	825926.217258	1.271300e-05	1.050000e+01
303.187588	823206.585653	1.275500e-05	1.050000e+01
304.211021	820568.927790	1.279600e-05	1.050000e+01
305.235273	817757.009346	1.284000e-05	1.050000e+01
306.258811	815914.212449	1.286900e-05	1.050000e+01
307.282552	814774.579033	1.288700e-05	1.050000e+01
308.307536	811312.007418	1.294200e-05	1.050000e+01
309.332530	809248.554913	1.297500e-05	1.050000e+01
310.356659	805709.023941	1.303200e-05	1.050000e+01
311.380787	802261.613692	1.308800e-05	1.050000e+01
312.404852	798539.812914	1.314900e-05	1.050000e+01
313.429349	795213.571645	1.320400e-05	1.050000e+01
314.454027	791497.060154	1.326600e-05	1.050000e+01
315.477972	787696.924231	1.333000e-05	1.050000e+01
316.502024	784284.433821	1.338800e-05	1.050000e+01
317.526556	780321.046373	1.345600e-05	1.050000e+01
318.553697	776397.515528	1.352400e-05	1.050000e+01
319.578591	772740.653518	1.358800e-05	1.050000e+01
320.602965	769681.864829	1.364200e-05	1.050000e+01
321.627553	765361.906845	1.371900e-05	1.050000e+01
322.651951	762305.793524	1.377400e-05	1.050000e+01
323.676671	759988.419224	1.381600e-05	1.050000e+01
324.699896	756974.983779	1.387100e-05	1.050000e+01
325.724001	753822.959294	1.392900e-05	1.050000e+01
326.749214	750697.075856	1.398700e-05	1.050000e+01
327.774934	747543.784707	1.404600e-05	1.050000e+01
328.798746	744680.851064	1.410000e-05	1.050000e+01
329.822837	741211.351122	1.416600e-05	1.050000e+01
330.847430	737929.580434	1.422900e-05	1.050000e+01
331.871936	735088.210585	1.428400e-05	1.050000e+01
332.895587	732472.968260	1.433500e-05	1.050000e+01
333.919791	728812.382869	1.440700e-05	1.050000e+01
334.944596	725739.563174	1.446800e-05	1.050000e+01
335.973300	722642.807983	1.453000e-05	1.050000e+01
336.997938	719178.082192	1.460000e-05	1.050000e+01
338.022031	716234.652115	1.466000e-05	1.050000e+01
339.046144	712589.073634	1.473500e-05	1.050000e+01
340.071060	710563.713880	1.477700e-05	1.050000e+01
341.095962	708645.474792	1.481700e-05	1.050000e+01
342.119856	706072.221101	1.487100e-05	1.050000e+01
343.143765	702858.290381	1.493900e-05	1.050000e+01
344.168420	699533.644237	1.501000e-05	1.050000e+01
345.194177	696009.545274	1.508600e-05	1.050000e+01
346.218071	693343.898574	1.514400e-05	1.050000e+01
347.242788	690426.091531	1.520800e-05	1.050000e+01
348.267847	687712.863505	1.526800e-05	1.050000e+01
349.292006	685110.270129	1.532600e-05	1.050000e+01
350.316671	682527.301092	1.538400e-05	1.050000e+01
351.340030	678776.908656	1.546900e-05	1.050000e+01
352.365861	675893.144512	1.553500e-05	1.050000e+01
353.391078	672947.510094	1.560300e-05	1.050000e+01
354.416636	669984.686064	1.567200e-05	1.050000e+01
355.439787	667174.990469	1.573800e-05	1.050000e+01
356.463901	663381.349507	1.582800e-05	1.050000e+01
357.488923	659796.405681	1.591400e-05	1.050000e+01
358.513158	656742.556918	1.598800e-05	1.050000e+01
359.536799	654001.868577	1.605500e-05	1.050000e+01
360.560164	650880.238036	1.613200e-05	1.050000e+01
361.584754	647828.232971	1.620800e-05	1.050000e+01
362.608819	644211.301307	1.629900e-05	1.050000e+01
363.633199	641103.919893	1.637800e-05	1.050000e+01
364.657083	638181.486659	1.645300e-05	1.050000e+01
365.681525	633828.323071	1.656600e-05	1.050000e+01
366.705920	630744.278248	1.664700e-05	1.050000e+01
367.730025	629081.540950	1.669100e-05	1.050000e+01
368.754641	625968.761178	1.677400e-05	1.050000e+01
369.779514	622665.006227	1.686300e-05	1.050000e+01
370.804725	619944.500207	1.693700e-05	1.050000e+01
371.829663	617138.826848	1.701400e-05	1.050000e+01
372.853161	614970.130022	1.707400e-05	1.050000e+01
373.877303	610997.963340	1.718500e-05	1.050000e+01
374.902882	607463.118311	1.728500e-05	1.050000e+01
375.927160	603760.565810	1.739100e-05	1.050000e+01
376.951900	600549.073439	1.748400e-05	1.050000e+01
377.977270	598052.059008	1.755700e-05	1.050000e+01
379.002874	595069.424766	1.764500e-05	1.050000e+01
380.027926	592149.785698	1.773200e-05	1.050000e+01
381.052914	588829.071332	1.783200e-05	1.050000e+01
382.077873	585186.423675	1.794300e-05	1.050000e+01
383.102330	582330.430925	1.803100e-05	1.050000e+01
384.126214	578831.312018	1.814000e-05	1.050000e+01
385.149993	574618.289279	1.827300e-05	1.050000e+01
386.174803	571273.122960	1.838000e-05	1.050000e+01
387.198708	568212.565615	1.847900e-05	1.050000e+01
388.223123	565458.559966	1.856900e-05	1.050000e+01
389.248135	563093.258969	1.864700e-05	1.050000e+01
390.271984	559880.558814	1.875400e-05	1.050000e+01
391.297922	555643.752977	1.889700e-05	1.050000e+01
392.321578	551760.378350	1.903000e-05	1.050000e+01
393.345906	548847.420417	1.913100e-05	1.050000e+01
394.369397	545709.682449	1.924100e-05	1.050000e+01
395.395149	542439.427597	1.935700e-05	1.050000e+01
396.419896	539651.539292	1.945700e-05	1.050000e+01
397.444744	536727.495783	1.956300e-05	1.050000e+01
398.468819	533319.788704	1.968800e-05	1.050000e+01
399.493902	530303.030303	1.980000e-05	1.050000e+01
400.519006	527399.668492	1.990900e-05	1.050000e+01
401.545171	524318.386098	2.002600e-05	1.050000e+01
402.569939	521635.451339	2.012900e-05	1.050000e+01
403.594892	518313.752592	2.025800e-05	1.050000e+01
404.620397	515413.312390	2.037200e-05	1.050000e+01
405.645368	511870.521133	2.051300e-05	1.050000e+01
406.670909	508770.229673	2.063800e-05	1.050000e+01
407.694232	504880.511612	2.079700e-05	1.050000e+01
408.718094	501265.097627	2.094700e-05	1.050000e+01
409.742052	497842.681713	2.109100e-05	1.050000e+01
410.766160	494466.682364	2.123500e-05	1.050000e+01
411.789827	490998.363339	2.138500e-05	1.050000e+01
412.814017	487193.763920	2.155200e-05	1.050000e+01
413.838642	483514.459385	2.171600e-05	1.050000e+01
414.863025	480461.242793	2.185400e-05	1.050000e+01
415.887233	477359.519913	2.199600e-05	1.050000e+01
416.911266	474511.930586	2.212800e-05	1.050000e+01
417.935491	470767.575323	2.230400e-05	1.050000e+01
418.959957	466957.217824	2.248600e-05	1.050000e+01
419.984271	464047.377027	2.262700e-05	1.050000e+01
421.008979	460445.535871	2.280400e-05	1.050000e+01
422.033801	456779.919085	2.298700e-05	1.050000e+01
423.060090	453407.029968	2.315800e-05	1.050000e+01
424.084981	449794.379712	2.334400e-05	1.050000e+01
425.108150	446561.476630	2.351300e-05	1.050000e+01
426.132162	442608.439068	2.372300e-05	1.050000e+01
427.158417	439257.028112	2.390400e-05	1.050000e+01
428.182303	435503.940274	2.411000e-05	1.050000e+01
429.205954	431601.446892	2.432800e-05	1.050000e+01
430.230292	427698.574338	2.455000e-05	1.050000e+01
431.254983	424036.830628	2.476200e-05	1.050000e+01
432.278463	420168.067227	2.499000e-05	1.050000e+01
433.302806	416584.011109	2.520500e-05	1.050000e+01
434.326659	412752.073588	2.543900e-05	1.050000e+01
435.351053	409053.722389	2.566900e-05	1.050000e+01
436.376251	405530.665843	2.589200e-05	1.050000e+01
437.400366	401729.349198	2.613700e-05	1.050000e+01
438.424490	398058.988551	2.637800e-05	1.050000e+01
439.448757	394232.935346	2.663400e-05	1.050000e+01
440.473228	390784.919424	2.686900e-05	1.050000e+01
441.496183	387082.503871	2.712600e-05	1.050000e+01
442.519411	383449.585509	2.738300e-05	1.050000e+01
443.543648	379719.369304	2.765200e-05	1.050000e+01
444.568986	375684.282085	2.794900e-05	1.050000e+01
445.593124	371339.652002	2.827600e-05	1.050000e+01
446.617156	367312.670538	2.858600e-05	1.050000e+01
447.641434	363409.822448	2.889300e-05	1.050000e+01
448.665195	359712.230216	2.919000e-05	1.050000e+01
449.689023	355835.705571	2.950800e-05	1.050000e+01
450.714025	352171.725641	2.981500e-05	1.050000e+01
451.738626	349185.234453	3.007000e-05	1.050000e+01
452.765907	346032.164514	3.034400e-05	1.050000e+01
453.791335	343148.468904	3.059900e-05	1.050000e+01
454.816359	339849.818747	3.089600e-05	1.050000e+01
455.840303	336495.321113	3.120400e-05	1.050000e+01
456.865182	333153.536187	3.151700e-05	1.050000e+01
457.889441	329981.143935	3.182000e-05	1.050000e+01
458.913263	326929.663418	3.211700e-05	1.050000e+01
459.937405	323494.978126	3.245800e-05	1.050000e+01
460.961888	320053.647088	3.280700e-05	1.050000e+01
461.986197	318162.535604	3.300200e-05	1.050000e+01
463.010022	314672.740350	3.336800e-05	1.050000e+01
464.034325	311461.794020	3.371200e-05	1.050000e+01
465.059246	308578.481794	3.402700e-05	1.050000e+01
466.083498	306095.676763	3.430300e-05	1.050000e+01
467.108097	303854.612802	3.455600e-05	1.050000e+01
468.132315	301446.945338	3.483200e-05	1.050000e+01
469.156691	299051.579277	3.511100e-05	1.050000e+01
470.181407	296861.747243	3.537000e-05	1.050000e+01
471.205471	294332.006503	3.567400e-05	1.050000e+01
472.231965	292218.635200	3.593200e-05	1.050000e+01
473.258086	290055.248619	3.620000e-05	1.050000e+01
474.282821	288057.940797	3.645100e-05	1.050000e+01
475.307004	285854.295982	3.673200e-05	1.050000e+01
476.330332	283898.877923	3.698500e-05	1.050000e+01
477.355111	281879.194631	3.725000e-05	1.050000e+01
478.379168	279522.947503	3.756400e-05	1.050000e+01
479.404146	277374.190992	3.785500e-05	1.050000e+01
480.427356	275894.687057	3.805800e-05	1.050000e+01
481.451374	274129.963710	3.830300e-05	1.050000e+01
482.476991	272182.906913	3.857700e-05	1.050000e+01
483.501539	270534.886118	3.881200e-05	1.050000e+01
484.524513	268693.382466	3.907800e-05	1.050000e+01
485.548151	267039.674466	3.932000e-05	1.050000e+01
486.572892	265131.429437	3.960300e-05	1.050000e+01
487.597408	263408.760223	3.986200e-05	1.050000e+01
488.621383	261604.006278	4.013700e-05	1.050000e+01
489.645450	259746.685138	4.042400e-05	1.050000e+01
490.669622	257896.546642	4.071400e-05	1.050000e+01
491.694253	256110.054149	4.099800e-05	1.050000e+01
492.718106	254335.820172	4.128400e-05	1.050000e+01
493.742437	252592.075826	4.156900e-05	1.050000e+01
494.766324	251016.017213	4.183000e-05	1.050000e+01
495.790540	249412.100050	4.209900e-05	1.050000e+01
496.814166	247857.800439	4.236300e-05	1.050000e+01
497.837559	246224.556796	4.264400e-05	1.050000e+01
498.862242	244732.425881	4.290400e-05	1.050000e+01
499.885506	243275.178981	4.316100e-05	1.050000e+01
500.910191	241874.179355	4.341100e-05	1.050000e+01
501.935190	240500.240500	4.365900e-05	1.050000e+01
502.958746	239011.176618	4.393100e-05	1.050000e+01
503.983217	237717.908082	4.417000e-05	1.050000e+01
505.007498	236881.288634	4.432600e-05	1.050000e+01
506.031410	235849.056604	4.452000e-05	1.050000e+01
507.056064	234343.614694	4.480600e-05	1.050000e+01
508.080498	232903.755296	4.508300e-05	1.050000e+01
509.104503	231609.132017	4.533500e-05	1.050000e+01
510.128436	230106.725691	4.563100e-05	1.050000e+01
511.153046	228822.978186	4.588700e-05	1.050000e+01
512.176660	227573.202714	4.613900e-05	1.050000e+01
513.199367	226366.282203	4.638500e-05	1.050000e+01
514.223006	225090.036014	4.664800e-05	1.050000e+01
515.248475	223761.321257	4.692500e-05	1.050000e+01
516.272425	222377.533515	4.721700e-05	1.050000e+01
517.296587	221299.555293	4.744700e-05	1.050000e+01
518.320622	220065.810157	4.771300e-05	1.050000e+01
519.344718	218937.008695	4.795900e-05	1.050000e+01
520.368611	217810.691393	4.820700e-05	1.050000e+01
521.392366	216610.966704	4.847400e-05	1.050000e+01
522.417464	215322.779099	4.876400e-05	1.050000e+01
523.445529	214150.231486	4.903100e-05	1.050000e+01
524.471288	213141.708788	4.926300e-05	1.050000e+01
525.496217	212219.819310	4.947700e-05	1.050000e+01
526.520264	211246.353486	4.970500e-05	1.050000e+01
527.543522	210189.170253	4.995500e-05	1.050000e+01
528.568640	209117.524049	5.021100e-05	1.050000e+01
529.592580	208126.858276	5.045000e-05	1.050000e+01
530.616435	207129.189434	5.069300e-05	1.050000e+01
531.640298	206007.573231	5.096900e-05	1.050000e+01
532.665186	204966.034200	5.122800e-05	1.050000e+01
533.688805	203927.052380	5.148900e-05	1.050000e+01
534.712787	202812.330990	5.177200e-05	1.050000e+01
535.736720	201659.368518	5.206800e-05	1.050000e+01
536.761690	200500.295977	5.236900e-05	1.050000e+01
537.786455	199339.332498	5.267400e-05	1.050000e+01
538.810715	198221.668460	5.297100e-05	1.050000e+01
539.834839	197138.672975	5.326200e-05	1.050000e+01
540.858951	196140.698261	5.353300e-05	1.050000e+01
541.883487	195243.496532	5.377900e-05	1.050000e+01
542.907580	194167.575864	5.407700e-05	1.050000e+01
543.930748	193345.240945	5.430700e-05	1.050000e+01
544.954676	192311.214491	5.459900e-05	1.050000e+01
545.978403	191298.644512	5.488800e-05	1.050000e+01
547.002429	190200.163029	5.520500e-05	1.050000e+01
548.026664	189257.390050	5.548000e-05	1.050000e+01
549.050877	188323.917137	5.575500e-05	1.050000e+01
550.074419	187339.423351	5.604800e-05	1.050000e+01
551.097811	186322.177663	5.635400e-05	1.050000e+01
552.122390	185397.722257	5.663500e-05	1.050000e+01
553.146961	184608.892874	5.687700e-05	1.050000e+01
554.170684	183604.952088	5.718800e-05	1.050000e+01
555.194649	182567.419540	5.751300e-05	1.050000e+01
556.218861	181601.203757	5.781900e-05	1.050000e+01
557.243317	180694.900962	5.810900e-05	1.050000e+01
558.267608	179812.994486	5.839400e-05	1.050000e+01
559.291570	178893.924422	5.869400e-05	1.050000e+01
560.314946	177863.604025	5.903400e-05	1.050000e+01
561.339213	176922.558469	5.934800e-05	1.050000e+01
562.363617	176012.069399	5.965500e-05	1.050000e+01
563.388412	175023.336445	5.999200e-05	1.050000e+01
564.411511	173941.853723	6.036500e-05	1.050000e+01
565.435899	173047.447962	6.067700e-05	1.050000e+01
566.459910	172119.860993	6.100400e-05	1.050000e+01
567.482988	171216.123667	6.132600e-05	1.050000e+01
568.507164	170366.043614	6.163200e-05	1.050000e+01
569.532524	169570.904863	6.192100e-05	1.050000e+01
570.557708	168682.828088	6.224700e-05	1.050000e+01
571.581899	167825.461520	6.256500e-05	1.050000e+01
572.606408	167008.636732	6.287100e-05	1.050000e+01
573.636032	166139.240506	6.320000e-05	1.050000e+01
574.660956	165299.664678	6.352100e-05	1.050000e+01
575.685464	164463.379488	6.384400e-05	1.050000e+01
576.709491	163640.614042	6.416500e-05	1.050000e+01
577.733823	162798.269687	6.449700e-05	1.050000e+01
578.757739	162037.037037	6.480000e-05	1.050000e+01
579.780885	161310.145640	6.509200e-05	1.050000e+01
580.804778	160496.469078	6.542200e-05	1.050000e+01
581.828899	159707.962583	6.574500e-05	1.050000e+01
582.853289	159011.403389	6.603300e-05	1.050000e+01
583.877488	158342.381469	6.631200e-05	1.050000e+01
584.900788	157657.657658	6.660000e-05	1.050000e+01
585.925185	156917.834833	6.691400e-05	1.050000e+01
586.949776	156250.000000	6.720000e-05	1.050000e+01
587.974789	155627.028709	6.746900e-05	1.050000e+01
588.998836	154970.112907	6.775500e-05	1.050000e+01
590.022833	154293.775348	6.805200e-05	1.050000e+01
591.046882	153598.595670	6.836000e-05	1.050000e+01
592.070519	152936.378467	6.865600e-05	1.050000e+01
593.093911	152352.761938	6.891900e-05	1.050000e+01
594.118175	151749.454425	6.919300e-05	1.050000e+01
595.143203	151303.370463	6.939700e-05	1.050000e+01
596.167679	150699.677072	6.967500e-05	1.050000e+01
597.191606	150077.182551	6.996400e-05	1.050000e+01
598.215915	149419.398907	7.027200e-05	1.050000e+01
599.239907	148790.545424	7.056900e-05	1.050000e+01
600.263640	148152.328814	7.087300e-05	1.050000e+01
601.286791	147513.346446	7.118000e-05	1.050000e+01
602.310565	146888.071290	7.148300e-05	1.050000e+01
603.335180	146217.153361	7.181100e-05	1.050000e+01
604.359612	145580.589255	7.212500e-05	1.050000e+01
605.384533	144985.570484	7.242100e-05	1.050000e+01
606.408777	144365.616235	7.273200e-05	1.050000e+01
607.432837	143750.941226	7.304300e-05	1.050000e+01
608.456963	143082.960863	7.338400e-05	1.050000e+01
609.481596	142533.291705	7.366700e-05	1.050000e+01
610.506050	141972.470862	7.395800e-05	1.050000e+01
611.531036	141393.194274	7.426100e-05	1.050000e+01
612.557058	140877.195336	7.453300e-05	1.050000e+01
613.581673	140327.430672	7.482500e-05	1.050000e+01
614.605673	139796.828609	7.510900e-05	1.050000e+01
615.635280	139255.447540	7.540100e-05	1.050000e+01
616.659363	138753.072389	7.567400e-05	1.050000e+01
617.683875	138165.166588	7.599600e-05	1.050000e+01
618.707740	137598.448414	7.630900e-05	1.050000e+01
619.731536	137048.880767	7.661500e-05	1.050000e+01
620.756187	136501.911027	7.692200e-05	1.050000e+01
621.784436	135971.614307	7.722200e-05	1.050000e+01
622.808993	135431.445892	7.753000e-05	1.050000e+01
623.832911	134892.086331	7.784000e-05	1.050000e+01
624.856966	134357.005758	7.815000e-05	1.050000e+01
625.881579	133793.753743	7.847900e-05	1.050000e+01
626.906616	133240.276632	7.880500e-05	1.050000e+01
627.930701	132682.976142	7.913600e-05	1.050000e+01
628.954662	132068.826726	7.950400e-05	1.050000e+01
629.978994	131437.298150	7.988600e-05	1.050000e+01
631.003967	130888.420738	8.022100e-05	1.050000e+01
632.027586	130378.096480	8.053500e-05	1.050000e+01
633.051072	129860.492728	8.085600e-05	1.050000e+01
634.074886	129319.900485	8.119400e-05	1.050000e+01
635.098746	128843.841264	8.149400e-05	1.050000e+01
636.122572	128357.150716	8.180300e-05	1.050000e+01
637.146008	127850.767713	8.212700e-05	1.050000e+01
638.170683	127305.132215	8.247900e-05	1.050000e+01
639.195747	126813.125762	8.279900e-05	1.050000e+01
640.219841	126312.750370	8.312700e-05	1.050000e+01
641.243994	125934.010578	8.337700e-05	1.050000e+01
642.268640	125464.517440	8.368900e-05	1.050000e+01
643.292849	125049.126443	8.396700e-05	1.050000e+01
644.317697	124667.553191	8.422400e-05	1.050000e+01
645.342059	124183.934147	8.455200e-05	1.050000e+01
646.366412	123787.180364	8.482300e-05	1.050000e+01
647.390888	123443.727295	8.505900e-05	1.050000e+01
648.414980	122983.941811	8.537700e-05	1.050000e+01
649.438859	122490.404918	8.572100e-05	1.050000e+01
650.463424	121955.468832	8.609700e-05	1.050000e+01
651.487983	121374.654660	8.650900e-05	1.050000e+01
652.512047	120857.744679	8.687900e-05	1.050000e+01
653.535985	120341.081007	8.725200e-05	1.050000e+01
654.560145	119861.645415	8.760100e-05	1.050000e+01
655.583818	119407.737621	8.793400e-05	1.050000e+01
656.608890	118823.982075	8.836600e-05	1.050000e+01
657.632830	118411.259219	8.867400e-05	1.050000e+01
658.658785	117974.876969	8.900200e-05	1.050000e+01
659.683812	117958.972746	8.901400e-05	1.050000e+01
660.708704	117673.428219	8.923000e-05	1.050000e+01
661.732181	117081.656092	8.968100e-05	1.050000e+01
662.757112	116517.782833	9.011500e-05	1.050000e+01
663.781541	115908.112464	9.058900e-05	1.050000e+01
664.805195	115450.587149	9.094800e-05	1.050000e+01
665.828996	115029.414665	9.128100e-05	1.050000e+01
666.852774	114553.785730	9.166000e-05	1.050000e+01
667.877892	114053.572592	9.206200e-05	1.050000e+01
668.902026	113577.362409	9.244800e-05	1.050000e+01
669.925764	113136.798552	9.280800e-05	1.050000e+01
670.950142	112683.916249	9.318100e-05	1.050000e+01
671.974959	112181.884228	9.359800e-05	1.050000e+01
672.999275	111750.870060	9.395900e-05	1.050000e+01
674.023203	111262.993928	9.437100e-05	1.050000e+01
675.047243	110814.433316	9.475300e-05	1.050000e+01
676.072404	110399.646721	9.510900e-05	1.050000e+01
677.098084	110001.780981	9.545300e-05	1.050000e+01
678.122903	109589.612992	9.581200e-05	1.050000e+01
679.147165	109166.900596	9.618300e-05	1.050000e+01
680.173156	108763.206961	9.654000e-05	1.050000e+01
681.197954	108374.790991	9.688600e-05	1.050000e+01
682.222240	107978.034183	9.724200e-05	1.050000e+01
683.246132	107621.663728	9.756400e-05	1.050000e+01
684.270609	107233.677502	9.791700e-05	1.050000e+01
685.295004	106870.229008	9.825000e-05	1.050000e+01
686.319212	106547.063360	9.854800e-05	1.050000e+01
687.342338	106207.580187	9.886300e-05	1.050000e+01
688.366921	105792.384963	9.925100e-05	1.050000e+01
689.391955	105459.804749	9.956400e-05	1.050000e+01
690.416111	105073.551486	9.993000e-05	1.050000e+01
691.439868	104790.419162	1.002000e-04	1.050000e+01
692.463497	104353.011330	1.006200e-04	1.050000e+01
693.488159	103908.955962	1.010500e-04	1.050000e+01
694.512277	103489.059728	1.014600e-04	1.050000e+01
695.536240	103102.906520	1.018400e-04	1.050000e+01
696.560291	102709.576445	1.022300e-04	1.050000e+01
697.584706	102399.063780	1.025400e-04	1.050000e+01
698.608958	102040.816327	1.029000e-04	1.050000e+01
699.632932	101655.532965	1.032900e-04	1.050000e+01
700.656154	101312.234658	1.036400e-04	1.050000e+01
701.680783	100932.423339	1.040300e-04	1.050000e+01
702.705258	100565.079973	1.044100e-04	1.050000e+01
703.728932	100229.095074	1.047600e-04	1.050000e+01
704.752806	99904.852521	1.051000e-04	1.050000e+01
705.776868	99582.701062	1.054400e-04	1.050000e+01
706.801125	99262.620533	1.057800e-04	1.050000e+01
707.825197	98907.309721	1.061600e-04	1.050000e+01
708.849261	98563.784849	1.065300e-04	1.050000e+01
709.873928	98185.898635	1.069400e-04	1.050000e+01
710.897923	97801.788376	1.073600e-04	1.050000e+01
711.922277	97438.752784	1.077600e-04	1.050000e+01
712.946866	97159.248635	1.080700e-04	1.050000e+01
713.971297	96818.810512	1.084500e-04	1.050000e+01
714.997134	96454.161308	1.088600e-04	1.050000e+01
716.021075	96109.839817	1.092500e-04	1.050000e+01
717.045017	95776.703457	1.096300e-04	1.050000e+01
718.068748	95445.868557	1.100100e-04	1.050000e+01
719.092135	95100.081514	1.104100e-04	1.050000e+01
720.116092	94731.143991	1.108400e-04	1.050000e+01
721.139402	94432.952604	1.111900e-04	1.050000e+01
722.163936	94153.515065	1.115200e-04	1.050000e+01
723.188300	93842.166413	1.118900e-04	1.050000e+01
724.212280	93591.229165	1.121900e-04	1.050000e+01
725.236080	93291.870280	1.125500e-04	1.050000e+01
726.260799	93002.657219	1.129000e-04	1.050000e+01
727.287410	92633.436259	1.133500e-04	1.050000e+01
728.312082	92332.043616	1.137200e-04	1.050000e+01
729.336190	92040.673212	1.140800e-04	1.050000e+01
730.361924	91751.135966	1.144400e-04	1.050000e+01
731.386276	91447.483017	1.148200e-04	1.050000e+01
732.410264	91137.922055	1.152100e-04	1.050000e+01
733.434154	90830.449827	1.156000e-04	1.050000e+01
734.459427	90517.241379	1.160000e-04	1.050000e+01
735.484131	90167.453843	1.164500e-04	1.050000e+01
736.508176	89858.793325	1.168500e-04	1.050000e+01
737.531426	89559.877175	1.172400e-04	1.050000e+01
738.556005	89255.355321	1.176400e-04	1.050000e+01
739.580390	88960.433788	1.180300e-04	1.050000e+01
740.605020	88659.967914	1.184300e-04	1.050000e+01
741.629532	88354.089532	1.188400e-04	1.050000e+01
742.653500	88035.549593	1.192700e-04	1.050000e+01
743.678026	87711.970596	1.197100e-04	1.050000e+01
744.702486	87427.144047	1.201000e-04	1.050000e+01
745.726388	87115.241019	1.205300e-04	1.050000e+01
746.749968	86848.635236	1.209000e-04	1.050000e+01
747.774943	86576.517150	1.212800e-04	1.050000e+01
748.802201	86313.193588	1.216500e-04	1.050000e+01
749.826306	86037.364798	1.220400e-04	1.050000e+01
750.850413	85749.285423	1.224500e-04	1.050000e+01
751.875735	85539.714868	1.227500e-04	1.050000e+01
752.900486	85289.578426	1.231100e-04	1.050000e+01
753.925026	84992.714910	1.235400e-04	1.050000e+01
754.948341	84725.248124	1.239300e-04	1.050000e+01
755.973471	84520.647187	1.242300e-04	1.050000e+01
756.998179	84249.378159	1.246300e-04	1.050000e+01
758.022360	83986.562150	1.250200e-04	1.050000e+01
759.046380	83685.343110	1.254700e-04	1.050000e+01
760.070504	83412.774071	1.258800e-04	1.050000e+01
761.094664	83122.229259	1.263200e-04	1.050000e+01
762.119163	82801.040927	1.268100e-04	1.050000e+01
763.143271	82508.250825	1.272600e-04	1.050000e+01
764.167344	82262.613601	1.276400e-04	1.050000e+01
765.192043	82088.968806	1.279100e-04	1.050000e+01
766.216282	81858.579559	1.282700e-04	1.050000e+01
767.240555	81680.280047	1.285500e-04	1.050000e+01
768.263672	81307.108564	1.291400e-04	1.050000e+01
769.287138	81018.518519	1.296000e-04	1.050000e+01
770.311463	80769.230769	1.300000e-04	1.050000e+01
771.335349	80490.609429	1.304500e-04	1.050000e+01
772.359193	80262.956734	1.308200e-04	1.050000e+01
773.383442	79969.535415	1.313000e-04	1.050000e+01
774.408071	79732.705596	1.316900e-04	1.050000e+01
775.431586	79617.834395	1.318800e-04	1.050000e+01
776.456354	79377.078923	1.322800e-04	1.050000e+01
777.481536	79131.810988	1.326900e-04	1.050000e+01
778.508364	78834.747353	1.331900e-04	1.050000e+01
779.533597	78534.031414	1.337000e-04	1.050000e+01
780.557593	78323.138893	1.340600e-04	1.050000e+01
781.583130	78072.719161	1.344900e-04	1.050000e+01
782.606987	77760.497667	1.350300e-04	1.050000e+01
783.631399	77502.214349	1.354800e-04	1.050000e+01
784.656101	77228.596646	1.359600e-04	1.050000e+01
785.680449	76945.625092	1.364600e-04	1.050000e+01
786.704692	76675.916460	1.369400e-04	1.050000e+01
787.728303	76480.442858	1.372900e-04	1.050000e+01
788.753169	76302.594288	1.376100e-04	1.050000e+01
789.777221	76037.366935	1.380900e-04	1.050000e+01
790.800851	75773.977051	1.385700e-04	1.050000e+01
791.826295	75664.769042	1.387700e-04	1.050000e+01
792.850102	75436.453768	1.391900e-04	1.050000e+01
793.875216	75204.125483	1.396200e-04	1.050000e+01
794.899184	75021.434696	1.399600e-04	1.050000e+01
795.923460	74812.967581	1.403500e-04	1.050000e+01
796.947271	74626.865672	1.407000e-04	1.050000e+01
797.971643	74383.678096	1.411600e-04	1.050000e+01
798.996145	74110.671937	1.416800e-04	1.050000e+01
800.021375	73948.869639	1.419900e-04	1.050000e+01
801.045261	73777.403035	1.423200e-04	1.050000e+01
802.068604	73550.014010	1.427600e-04	1.050000e+01
803.092125	73293.312858	1.432600e-04	1.050000e+01
804.118289	73002.850587	1.438300e-04	1.050000e+01
805.142352	72734.829593	1.443600e-04	1.050000e+01
806.166227	72493.786247	1.448400e-04	1.050000e+01
807.189870	72294.133847	1.452400e-04	1.050000e+01
808.213548	72080.730418	1.456700e-04	1.050000e+01
809.238550	71952.305900	1.459300e-04	1.050000e+01
810.263194	71643.013100	1.465600e-04	1.050000e+01
811.288595	71467.465287	1.469200e-04	1.050000e+01
812.314068	71191.267205	1.474900e-04	1.050000e+01
813.338265	70945.945946	1.480000e-04	1.050000e+01
814.362745	70740.416358	1.484300e-04	1.050000e+01
815.387298	70498.187189	1.489400e-04	1.050000e+01
816.411186	70252.910478	1.494600e-04	1.050000e+01
817.435575	70000.000000	1.500000e-04	1.050000e+01
818.459377	69813.829787	1.504000e-04	1.050000e+01
819.483606	69614.798117	1.508300e-04	1.050000e+01
820.508208	69430.668518	1.512300e-04	1.050000e+01
821.532542	69233.812475	1.516600e-04	1.050000e+01
822.556401	69047.149339	1.520700e-04	1.050000e+01
823.580415	68856.974228	1.524900e-04	1.050000e+01
824.605064	68627.450980	1.530000e-04	1.050000e+01
825.629516	68412.822518	1.534800e-04	1.050000e+01
826.654332	68226.120858	1.539000e-04	1.050000e+01
827.678601	68005.181347	1.544000e-04	1.050000e+01
828.703089	67807.555699	1.548500e-04	1.050000e+01
829.727747	67593.665508	1.553400e-04	1.050000e+01
830.752504	67389.769591	1.558100e-04	1.050000e+01
831.776480	67191.399501	1.562700e-04	1.050000e+01
832.802922	67118.384045	1.564400e-04	1.050000e+01
833.828292	67007.019783	1.567000e-04	1.050000e+01
834.853497	66738.702091	1.573300e-04	1.050000e+01
835.877315	66666.666667	1.575000e-04	1.050000e+01
836.900651	66531.491573	1.578200e-04	1.050000e+01
837.925324	66254.416961	1.584800e-04	1.050000e+01
838.949823	65996.228787	1.591000e-04	1.050000e+01
839.973627	65756.513026	1.596800e-04	1.050000e+01
840.997536	65547.162744	1.601900e-04	1.050000e+01
842.021803	65306.630178	1.607800e-04	1.050000e+01
843.046529	65092.058769	1.613100e-04	1.050000e+01
844.070349	64878.892734	1.618400e-04	1.050000e+01
845.094764	64667.118310	1.623700e-04	1.050000e+01
846.118786	64444.853618	1.629300e-04	1.050000e+01
847.142572	64228.040127	1.634800e-04	1.050000e+01
848.166416	64063.453325	1.639000e-04	1.050000e+01
849.191448	63856.960409	1.644300e-04	1.050000e+01
850.216015	63651.794374	1.649600e-04	1.050000e+01
851.240291	63470.954482	1.654300e-04	1.050000e+01
852.263512	63321.674104	1.658200e-04	1.050000e+01
853.287559	63135.109134	1.663100e-04	1.050000e+01
854.311383	62945.866555	1.668100e-04	1.050000e+01
855.335407	62772.762599	1.672700e-04	1.050000e+01
856.358641	62611.806798	1.677000e-04	1.050000e+01
857.382548	62433.107385	1.681800e-04	1.050000e+01
858.407762	62262.808349	1.686400e-04	1.050000e+01
859.431668	62100.780696	1.690800e-04	1.050000e+01
860.455724	61903.077467	1.696200e-04	1.050000e+01
861.479881	61717.510139	1.701300e-04	1.050000e+01
862.504633	61529.446235	1.706500e-04	1.050000e+01
863.529496	61374.795417	1.710800e-04	1.050000e+01
864.553602	61213.781846	1.715300e-04	1.050000e+01
865.577769	61057.161133	1.719700e-04	1.050000e+01
866.602159	60901.339829	1.724100e-04	1.050000e+01
867.627682	60711.188205	1.729500e-04	1.050000e+01
868.651627	60532.687651	1.734600e-04	1.050000e+01
869.675615	60376.056581	1.739100e-04	1.050000e+01
870.699461	60192.616372	1.744400e-04	1.050000e+01
871.723662	60027.441116	1.749200e-04	1.050000e+01
872.747763	59863.169897	1.754000e-04	1.050000e+01
873.771620	59706.584783	1.758600e-04	1.050000e+01
874.795747	59533.934343	1.763700e-04	1.050000e+01
875.820545	59362.279512	1.768800e-04	1.050000e+01
876.845549	59194.948698	1.773800e-04	1.050000e+01
877.869600	59018.604913	1.779100e-04	1.050000e+01
878.897136	58833.417381	1.784700e-04	1.050000e+01
879.921742	58662.495111	1.789900e-04	1.050000e+01
880.946616	58505.599822	1.794700e-04	1.050000e+01
881.971621	58372.248165	1.798800e-04	1.050000e+01
882.996791	58213.671897	1.803700e-04	1.050000e+01
884.021236	58030.286283	1.809400e-04	1.050000e+01
885.049213	57867.181042	1.814500e-04	1.050000e+01
886.073650	57714.505579	1.819300e-04	1.050000e+01
887.096995	57559.478127	1.824200e-04	1.050000e+01
888.120693	57392.730254	1.829500e-04	1.050000e+01
889.145179	57214.472537	1.835200e-04	1.050000e+01
890.169623	57068.318930	1.839900e-04	1.050000e+01
891.193616	56925.996205	1.844500e-04	1.050000e+01
892.217536	56753.688990	1.850100e-04	1.050000e+01
893.242853	56594.620816	1.855300e-04	1.050000e+01
894.266743	56424.310817	1.860900e-04	1.050000e+01
895.290860	56252.009000	1.866600e-04	1.050000e+01
896.314732	56095.736724	1.871800e-04	1.050000e+01
897.339393	55955.235811	1.876500e-04	1.050000e+01
898.363544	55815.436955	1.881200e-04	1.050000e+01
899.386928	55652.726984	1.886700e-04	1.050000e+01
900.411700	55485.098288	1.892400e-04	1.050000e+01
901.435666	55324.305812	1.897900e-04	1.050000e+01
902.460747	55158.646775	1.903600e-04	1.050000e+01
903.485617	55022.795158	1.908300e-04	1.050000e+01
904.509013	54893.350063	1.912800e-04	1.050000e+01
905.532204	54735.964135	1.918300e-04	1.050000e+01
906.557486	54585.152838	1.923600e-04	1.050000e+01
907.581605	54435.170304	1.928900e-04	1.050000e+01
908.605889	54266.370355	1.934900e-04	1.050000e+01
909.631066	54134.873170	1.939600e-04	1.050000e+01
910.659348	53979.025293	1.945200e-04	1.050000e+01
911.684531	53829.590895	1.950600e-04	1.050000e+01
912.707824	53713.934929	1.954800e-04	1.050000e+01
913.735046	53637.106661	1.957600e-04	1.050000e+01
914.759495	53511.364795	1.962200e-04	1.050000e+01
915.784010	53321.145643	1.969200e-04	1.050000e+01
916.808068	53178.019752	1.974500e-04	1.050000e+01
917.832027	53027.624867	1.980100e-04	1.050000e+01
918.856198	52904.721117	1.984700e-04	1.050000e+01
919.883081	52769.122525	1.989800e-04	1.050000e+01
920.907874	52589.401983	1.996600e-04	1.050000e+01
921.930937	52463.275707	2.001400e-04	1.050000e+01
922.955003	52306.466076	2.007400e-04	1.050000e+01
923.979996	52160.953800	2.013000e-04	1.050000e+01
925.004675	52042.030135	2.017600e-04	1.050000e+01
926.028042	51897.983393	2.023200e-04	1.050000e+01
927.053200	51787.916153	2.027500e-04	1.050000e+01
928.078175	51668.142899	2.032200e-04	1.050000e+01
929.102735	51543.861372	2.037100e-04	1.050000e+01
930.126640	51400.039162	2.042800e-04	1.050000e+01
931.151053	51219.512195	2.050000e-04	1.050000e+01
932.175860	51052.657169	2.056700e-04	1.050000e+01
933.200782	50914.028027	2.062300e-04	1.050000e+01
934.225182	50768.784450	2.068200e-04	1.050000e+01
935.249028	50621.926526	2.074200e-04	1.050000e+01
936.273304	50480.769231	2.080000e-04	1.050000e+01
937.297612	50342.810567	2.085700e-04	1.050000e+01
938.321027	50181.609635	2.092400e-04	1.050000e+01
939.345620	50050.050050	2.097900e-04	1.050000e+01
940.370343	49912.059704	2.103700e-04	1.050000e+01
941.394009	49767.750498	2.109800e-04	1.050000e+01
942.417932	49624.273359	2.115900e-04	1.050000e+01
943.441770	49481.621112	2.122000e-04	1.050000e+01
944.466197	49339.786664	2.128100e-04	1.050000e+01
945.491053	49203.373946	2.134000e-04	1.050000e+01
946.516591	49058.543195	2.140300e-04	1.050000e+01
947.541083	48930.518663	2.145900e-04	1.050000e+01
948.566176	48812.235600	2.151100e-04	1.050000e+01
949.591249	48696.781375	2.156200e-04	1.050000e+01
950.616752	48579.624318	2.161400e-04	1.050000e+01
951.640040	48454.083987	2.167000e-04	1.050000e+01
952.664451	48331.415420	2.172500e-04	1.050000e+01
953.688686	48211.579962	2.177900e-04	1.050000e+01
954.712782	48085.729987	2.183600e-04	1.050000e+01
955.736745	47949.584437	2.189800e-04	1.050000e+01
956.761812	47833.811671	2.195100e-04	1.050000e+01
957.786143	47716.428085	2.200500e-04	1.050000e+01
958.810140	47595.303930	2.206100e-04	1.050000e+01
959.833962	47472.646713	2.211800e-04	1.050000e+01
960.858006	47369.845710	2.216600e-04	1.050000e+01
961.881992	47224.970765	2.223400e-04	1.050000e+01
962.905971	47091.536978	2.229700e-04	1.050000e+01
963.929777	46958.855098	2.236000e-04	1.050000e+01
964.953982	46814.392082	2.242900e-04	1.050000e+01
965.978454	46679.114431	2.249400e-04	1.050000e+01
967.003203	46552.870760	2.255500e-04	1.050000e+01
968.027266	46431.414168	2.261400e-04	1.050000e+01
969.051141	46320.804659	2.266800e-04	1.050000e+01
970.074814	46198.521647	2.272800e-04	1.050000e+01
971.099687	46095.087581	2.277900e-04	1.050000e+01
972.123156	45996.145085	2.282800e-04	1.050000e+01
973.147025	45881.581822	2.288500e-04	1.050000e+01
974.171716	45759.609518	2.294600e-04	1.050000e+01
975.196065	45658.129321	2.299700e-04	1.050000e+01
976.220085	45535.365801	2.305900e-04	1.050000e+01
977.244013	45428.979362	2.311300e-04	1.050000e+01
978.268408	45325.045325	2.316600e-04	1.050000e+01
979.292801	45207.956600	2.322600e-04	1.050000e+01
980.316967	45091.471270	2.328600e-04	1.050000e+01
981.341048	44952.478808	2.335800e-04	1.050000e+01
982.365530	44873.712552	2.339900e-04	1.050000e+01
983.394388	44776.119403	2.345000e-04	1.050000e+01
984.418950	44654.248533	2.351400e-04	1.050000e+01
985.443904	44514.159742	2.358800e-04	1.050000e+01
986.468239	44414.364875	2.364100e-04	1.050000e+01
987.492111	44275.774826	2.371500e-04	1.050000e+01
988.516173	44165.895516	2.377400e-04	1.050000e+01
989.540022	44043.624161	2.384000e-04	1.050000e+01
990.563986	43916.516793	2.390900e-04	1.050000e+01
991.588711	43791.967302	2.397700e-04	1.050000e+01
992.613250	43671.754773	2.404300e-04	1.050000e+01
993.637284	43554.006969	2.410800e-04	1.050000e+01
994.661166	43438.689393	2.417200e-04	1.050000e+01
995.685212	43350.811279	2.422100e-04	1.050000e+01
996.710191	43222.327419	2.429300e-04	1.050000e+01
997.734103	43167.242230	2.432400e-04	1.050000e+01
998.758256	43057.492004	2.438600e-04	1.050000e+01
999.782798	42957.083828	2.444300e-04	1.050000e+01
1000.807373	42837.909510	2.451100e-04	1.050000e+01
1001.831882	42710.706150	2.458400e-04	1.050000e+01
1002.855415	42592.893072	2.465200e-04	1.050000e+01
1003.883560	42482.602363	2.471600e-04	1.050000e+01
1004.908397	42383.143618	2.477400e-04	1.050000e+01
1005.932916	42306.297595	2.481900e-04	1.050000e+01
1006.957199	42194.092827	2.488500e-04	1.050000e+01
1007.981002	42084.168337	2.495000e-04	1.050000e+01
1009.005276	41973.137192	2.501600e-04	1.050000e+01
1010.030185	41881.057796	2.507100e-04	1.050000e+01
1011.054103	41784.392535	2.512900e-04	1.050000e+01
1012.078114	41671.627575	2.519700e-04	1.050000e+01
1013.102374	41564.405035	2.526200e-04	1.050000e+01
1014.127195	41464.281483	2.532300e-04	1.050000e+01
1015.151237	41364.639143	2.538400e-04	1.050000e+01
1016.175301	41247.642992	2.545600e-04	1.050000e+01
1017.200106	41136.141038	2.552500e-04	1.050000e+01
1018.225260	41026.843277	2.559300e-04	1.050000e+01
1019.250397	40924.504034	2.565700e-04	1.050000e+01
1020.274331	40832.199106	2.571500e-04	1.050000e+01
1021.301101	40735.567970	2.577600e-04	1.050000e+01
1022.324765	40639.393118	2.583700e-04	1.050000e+01
1023.349835	40551.500406	2.589300e-04	1.050000e+01
1024.373941	40449.957624	2.595800e-04	1.050000e+01
1025.398182	40336.521839	2.603100e-04	1.050000e+01
1026.422476	40240.677576	2.609300e-04	1.050000e+01
1027.447065	40142.218144	2.615700e-04	1.050000e+01
1028.470902	40044.239350	2.622100e-04	1.050000e+01
1029.494227	39933.064577	2.629400e-04	1.050000e+01
1030.519190	39860.299142	2.634200e-04	1.050000e+01
1031.544324	39771.220787	2.640100e-04	1.050000e+01
1032.568397	39652.567976	2.648000e-04	1.050000e+01
1033.592631	39552.491807	2.654700e-04	1.050000e+01
1034.616462	39452.919516	2.661400e-04	1.050000e+01
1035.639384	39331.735091	2.669600e-04	1.050000e+01
1036.663089	39240.600942	2.675800e-04	1.050000e+01
1037.688138	39138.213806	2.682800e-04	1.050000e+01
1038.712597	39040.713887	2.689500e-04	1.050000e+01
1039.737189	38932.146830	2.697000e-04	1.050000e+01
1040.760907	38829.924929	2.704100e-04	1.050000e+01
1041.785167	38731.095537	2.711000e-04	1.050000e+01
1042.809179	38628.504157	2.718200e-04	1.050000e+01
1043.833345	38512.323944	2.726400e-04	1.050000e+01
1044.857042	38423.537161	2.732700e-04	1.050000e+01
1045.881341	38322.566517	2.739900e-04	1.050000e+01
1046.905504	38219.342627	2.747300e-04	1.050000e+01
1047.929476	38120.824862	2.754400e-04	1.050000e+01
1048.954259	38036.587575	2.760500e-04	1.050000e+01
1049.979393	37954.093620	2.766500e-04	1.050000e+01
1051.006996	37865.128020	2.773000e-04	1.050000e+01
1052.030481	37769.784173	2.780000e-04	1.050000e+01
1053.055263	37693.854107	2.785600e-04	1.050000e+01
1054.079669	37583.219987	2.793800e-04	1.050000e+01
1055.103327	37491.966007	2.800600e-04	1.050000e+01
1056.127259	37414.481186	2.806400e-04	1.050000e+01
1057.152099	37322.717094	2.813300e-04	1.050000e+01
1058.175399	37226.122102	2.820600e-04	1.050000e+01
1059.201039	37128.712871	2.828000e-04	1.050000e+01
1060.225877	37026.588617	2.835800e-04	1.050000e+01
1061.250170	36938.014494	2.842600e-04	1.050000e+01
1062.274181	36847.276811	2.849600e-04	1.050000e+01
1063.298244	36736.407529	2.858200e-04	1.050000e+01
1064.323354	36647.935500	2.865100e-04	1.050000e+01
1065.348225	36571.348960	2.871100e-04	1.050000e+01
1066.372210	36505.232417	2.876300e-04	1.050000e+01
1067.396368	36419.132184	2.883100e-04	1.050000e+01
1068.420449	36318.356335	2.891100e-04	1.050000e+01
1069.444403	36200.655059	2.900500e-04	1.050000e+01
1070.468478	36096.118808	2.908900e-04	1.050000e+01
1071.492418	36013.170531	2.915600e-04	1.050000e+01
1072.516839	35929.373118	2.922400e-04	1.050000e+01
1073.542215	35839.847083	2.929700e-04	1.050000e+01
1074.566177	35745.897733	2.937400e-04	1.050000e+01
1075.590194	35659.704534	2.944500e-04	1.050000e+01
1076.615069	35578.747628	2.951200e-04	1.050000e+01
1077.638335	35512.564684	2.956700e-04	1.050000e+01
1078.662087	35440.645357	2.962700e-04	1.050000e+01
1079.685440	35341.635813	2.971000e-04	1.050000e+01
1080.709340	35246.727090	2.979000e-04	1.050000e+01
1081.733507	35158.211954	2.986500e-04	1.050000e+01
1082.758410	35072.483132	2.993800e-04	1.050000e+01
1083.782486	34982.508746	3.001500e-04	1.050000e+01
1084.806652	34886.038939	3.009800e-04	1.050000e+01
1085.833018	34790.099732	3.018100e-04	1.050000e+01
1086.857469	34695.833196	3.026300e-04	1.050000e+01
1087.881366	34604.356853	3.034300e-04	1.050000e+01
1088.907095	34516.765286	3.042000e-04	1.050000e+01
1089.930625	34428.487114	3.049800e-04	1.050000e+01
1090.955169	34346.275882	3.057100e-04	1.050000e+01
1091.978480	34263.338228	3.064500e-04	1.050000e+01
1093.004041	34186.364524	3.071400e-04	1.050000e+01
1094.028470	34099.766173	3.079200e-04	1.050000e+01
1095.052607	34015.809252	3.086800e-04	1.050000e+01
1096.076550	33957.504609	3.092100e-04	1.050000e+01
1097.101228	33890.646182	3.098200e-04	1.050000e+01
1098.126681	33842.583640	3.102600e-04	1.050000e+01
1099.154418	33755.545554	3.110600e-04	1.050000e+01
1100.179518	33665.715477	3.118900e-04	1.050000e+01
1101.203434	33613.983417	3.123700e-04	1.050000e+01
1102.227921	33514.203639	3.133000e-04	1.050000e+01
1103.254174	33442.685607	3.139700e-04	1.050000e+01
1104.278602	33338.625179	3.149500e-04	1.050000e+01
1105.302614	33256.263263	3.157300e-04	1.050000e+01
1106.326508	33171.163202	3.165400e-04	1.050000e+01
1107.351472	33083.370093	3.173800e-04	1.050000e+01
1108.376145	32999.151450	3.181900e-04	1.050000e+01
1109.399639	32915.360502	3.190000e-04	1.050000e+01
1110.423527	32835.074113	3.197800e-04	1.050000e+01
1111.447711	32741.900278	3.206900e-04	1.050000e+01
1112.471393	32676.687518	3.213300e-04	1.050000e+01
1113.495399	32605.657858	3.220300e-04	1.050000e+01
1114.518722	32531.912257	3.227600e-04	1.050000e+01
1115.544854	32453.483341	3.235400e-04	1.050000e+01
1116.568658	32375.431672	3.243200e-04	1.050000e+01
1117.592345	32306.698255	3.250100e-04	1.050000e+01
1118.615682	32215.506397	3.259300e-04	1.050000e+01
1119.640265	32125.810794	3.268400e-04	1.050000e+01
1120.665470	32045.412928	3.276600e-04	1.050000e+01
1121.689581	31953.743153	3.286000e-04	1.050000e+01
1122.714507	31874.203145	3.294200e-04	1.050000e+01
1123.738847	31792.170043	3.302700e-04	1.050000e+01
1124.767679	31706.727866	3.311600e-04	1.050000e+01
1125.792529	31638.894748	3.318700e-04	1.050000e+01
1126.816407	31574.199369	3.325500e-04	1.050000e+01
1127.840226	31503.150315	3.333000e-04	1.050000e+01
1128.864200	31429.597701	3.340800e-04	1.050000e+01
1129.888363	31361.070458	3.348100e-04	1.050000e+01
1130.911580	31282.586027	3.356500e-04	1.050000e+01
1131.935860	31211.914033	3.364100e-04	1.050000e+01
1132.960385	31128.635380	3.373100e-04	1.050000e+01
1133.985604	31053.145240	3.381300e-04	1.050000e+01
1135.009642	30996.309963	3.387500e-04	1.050000e+01
1136.033350	30916.907131	3.396200e-04	1.050000e+01
1137.058105	30837.004405	3.405000e-04	1.050000e+01
1138.082305	30758.414623	3.413700e-04	1.050000e+01
1139.105719	30676.639009	3.422800e-04	1.050000e+01
1140.129810	30605.998776	3.430700e-04	1.050000e+01
1141.154112	30534.795126	3.438700e-04	1.050000e+01
1142.178623	30454.202680	3.447800e-04	1.050000e+01
1143.202448	30372.277342	3.457100e-04	1.050000e+01
1144.226334	30293.413346	3.466100e-04	1.050000e+01
1145.250687	30217.566479	3.474800e-04	1.050000e+01
1146.274469	30145.559990	3.483100e-04	1.050000e+01
1147.298396	30075.618698	3.491200e-04	1.050000e+01
1148.321598	30012.004802	3.498600e-04	1.050000e+01
1149.346199	29943.535048	3.506600e-04	1.050000e+01
1150.370707	29883.029285	3.513700e-04	1.050000e+01
1151.394386	29807.528530	3.522600e-04	1.050000e+01
1152.418832	29737.460704	3.530900e-04	1.050000e+01
1153.443723	29666.045092	3.539400e-04	1.050000e+01
1154.468618	29592.469421	3.548200e-04	1.050000e+01
1155.492422	29526.728720	3.556100e-04	1.050000e+01
1156.515811	29445.581761	3.565900e-04	1.050000e+01
1157.539846	29368.164909	3.575300e-04	1.050000e+01
1158.564498	29302.598164	3.583300e-04	1.050000e+01
1159.588434	29231.625835	3.592000e-04	1.050000e+01
1160.611639	29160.996473	3.600700e-04	1.050000e+01
1161.635972	29100.382462	3.608200e-04	1.050000e+01
1162.660436	29032.793231	3.616600e-04	1.050000e+01
1163.683649	28955.931829	3.626200e-04	1.050000e+01
1164.707640	28874.711253	3.636400e-04	1.050000e+01
1165.732136	28805.003841	3.645200e-04	1.050000e+01
1166.757491	28723.840788	3.655500e-04	1.050000e+01
1167.781391	28646.259617	3.665400e-04	1.050000e+01
1168.805836	28586.986115	3.673000e-04	1.050000e+01
1169.831077	28548.900188	3.677900e-04	1.050000e+01
1170.857421	28474.576271	3.687500e-04	1.050000e+01
1171.882468	28405.248208	3.696500e-04	1.050000e+01
1172.905843	28327.847623	3.706600e-04	1.050000e+01
1173.932915	28254.668748	3.716200e-04	1.050000e+01
1174.957474	28190.189814	3.724700e-04	1.050000e+01
1175.981484	28130.525639	3.732600e-04	1.050000e+01
1177.004787	28067.361668	3.741000e-04	1.050000e+01
1178.028855	28009.710033	3.748700e-04	1.050000e+01
1179.053401	27934.447164	3.758800e-04	1.050000e+01
1180.077760	27853.675359	3.769700e-04	1.050000e+01
1181.101597	27816.780141	3.774700e-04	1.050000e+01
1182.125886	27729.361432	3.786600e-04	1.050000e+01
1183.150131	27653.410587	3.797000e-04	1.050000e+01
1184.174665	27595.269382	3.805000e-04	1.050000e+01
1185.198437	27523.657239	3.814900e-04	1.050000e+01
1186.221723	27456.722975	3.824200e-04	1.050000e+01
1187.246098	27382.256298	3.834600e-04	1.050000e+01
1188.270475	27316.717831	3.843800e-04	1.050000e+01
1189.294009	27247.956403	3.853500e-04	1.050000e+01
1190.318663	27177.429792	3.863500e-04	1.050000e+01
1191.342957	27105.168052	3.873800e-04	1.050000e+01
1192.366967	27038.162435	3.883400e-04	1.050000e+01
1193.390781	26972.872996	3.892800e-04	1.050000e+01
1194.414071	26907.208569	3.902300e-04	1.050000e+01
1195.438602	26849.413149	3.910700e-04	1.050000e+01
1196.462880	26783.664515	3.920300e-04	1.050000e+01
1197.486685	26727.078349	3.928600e-04	1.050000e+01
1198.510573	26663.280853	3.938000e-04	1.050000e+01
1199.535198	26595.744681	3.948000e-04	1.050000e+01
1200.559562	26529.890343	3.957800e-04	1.050000e+01
1201.582887	26459.026308	3.968400e-04	1.050000e+01
1202.606731	26394.509942	3.978100e-04	1.050000e+01
1203.632332	26333.609209	3.987300e-04	1.050000e+01
1204.656935	26266.416510	3.997500e-04	1.050000e+01
1205.680689	26204.796726	4.006900e-04	1.050000e+01
1206.704759	26141.512722	4.016600e-04	1.050000e+01
1207.729418	26071.410836	4.027400e-04	1.050000e+01
1208.753744	26004.259745	4.037800e-04	1.050000e+01
1209.777601	25947.067981	4.046700e-04	1.050000e+01
1210.801584	25885.659345	4.056300e-04	1.050000e+01
1211.824932	25827.081540	4.065500e-04	1.050000e+01
1212.848849	25758.653681	4.076300e-04	1.050000e+01
1213.872647	25692.473329	4.086800e-04	1.050000e+01
1214.896699	25633.513989	4.096200e-04	1.050000e+01
1215.921164	25578.562728	4.105000e-04	1.050000e+01
1216.945749	25517.023500	4.114900e-04	1.050000e+01
1217.969873	25460.717750	4.124000e-04	1.050000e+01
1218.993949	25412.653081	4.131800e-04	1.050000e+01
1220.018493	25351.296538	4.141800e-04	1.050000e+01
1221.044999	25288.408275	4.152100e-04	1.050000e+01
1222.069070	25227.043391	4.162200e-04	1.050000e+01
1223.093064	25165.372448	4.172400e-04	1.050000e+01
1224.119853	25105.803027	4.182300e-04	1.050000e+01
1225.144840	25052.490933	4.191200e-04	1.050000e+01
1226.169837	24993.454095	4.201100e-04	1.050000e+01
1227.193948	24938.840463	4.210300e-04	1.050000e+01
1228.217708	24875.621891	4.221000e-04	1.050000e+01
1229.242136	24809.205397	4.232300e-04	1.050000e+01
1230.266095	24740.810556	4.244000e-04	1.050000e+01
1231.289972	24678.590735	4.254700e-04	1.050000e+01
1232.314030	24614.951825	4.265700e-04	1.050000e+01
1233.338378	24556.233775	4.275900e-04	1.050000e+01
1234.363182	24492.652204	4.287000e-04	1.050000e+01
1235.387178	24436.790169	4.296800e-04	1.050000e+01
1236.411002	24384.579656	4.306000e-04	1.050000e+01
1237.434681	24329.772690	4.315700e-04	1.050000e+01
1238.459823	24271.283604	4.326100e-04	1.050000e+01
1239.483882	24213.075061	4.336500e-04	1.050000e+01
1240.508163	24154.033724	4.347100e-04	1.050000e+01
1241.532738	24096.938541	4.357400e-04	1.050000e+01
1242.556942	24040.112645	4.367700e-04	1.050000e+01
1243.580735	24003.291880	4.374400e-04	1.050000e+01
1244.604840	23938.171124	4.386300e-04	1.050000e+01
1245.630169	23883.720401	4.396300e-04	1.050000e+01
1246.659860	23827.353802	4.406700e-04	1.050000e+01
1247.683984	23769.638249	4.417400e-04	1.050000e+01
1248.707906	23719.700906	4.426700e-04	1.050000e+01
1249.731899	23666.238420	4.436700e-04	1.050000e+01
1250.757083	23603.992447	4.448400e-04	1.050000e+01
1251.781099	23543.656666	4.459800e-04	1.050000e+01
1252.804870	23485.204321	4.470900e-04	1.050000e+01
1253.829134	23422.860712	4.482800e-04	1.050000e+01
1254.854416	23368.125876	4.493300e-04	1.050000e+01
1255.881967	23314.163910	4.503700e-04	1.050000e+01
1256.906727	23261.996544	4.513800e-04	1.050000e+01
1257.930830	23206.471290	4.524600e-04	1.050000e+01
1258.955527	23155.294844	4.534600e-04	1.050000e+01
1259.980399	23101.801941	4.545100e-04	1.050000e+01
1261.004955	23042.991639	4.556700e-04	1.050000e+01
1262.029024	22984.983144	4.568200e-04	1.050000e+01
1263.052906	22925.263641	4.580100e-04	1.050000e+01
1264.077430	22870.834241	4.591000e-04	1.050000e+01
1265.102107	22822.613950	4.600700e-04	1.050000e+01
1266.125133	22765.708339	4.612200e-04	1.050000e+01
1267.148286	22702.211844	4.625100e-04	1.050000e+01
1268.172695	22642.974209	4.637200e-04	1.050000e+01
1269.197894	22604.464920	4.645100e-04	1.050000e+01
1270.222026	22545.251541	4.657300e-04	1.050000e+01
1271.246163	22500.321433	4.666600e-04	1.050000e+01
1272.270754	22445.489525	4.678000e-04	1.050000e+01
1273.295159	22395.700026	4.688400e-04	1.050000e+01
1274.318998	22356.122384	4.696700e-04	1.050000e+01
1275.343160	22335.198145	4.701100e-04	1.050000e+01
1276.367771	22289.680939	4.710700e-04	1.050000e+01
1277.394084	22247.648106	4.719600e-04	1.050000e+01
1278.417834	22186.067150	4.732700e-04	1.050000e+01
1279.441945	22131.354860	4.744400e-04	1.050000e+01
1280.466339	22078.304386	4.755800e-04	1.050000e+01
1281.491109	22022.735853	4.767800e-04	1.050000e+01
1282.515092	21970.204218	4.779200e-04	1.050000e+01
1283.539211	21911.976460	4.791900e-04	1.050000e+01
1284.563121	21848.599609	4.805800e-04	1.050000e+01
1285.588385	21814.555502	4.813300e-04	1.050000e+01
1286.612947	21768.425417	4.823500e-04	1.050000e+01
1287.637068	21700.491878	4.838600e-04	1.050000e+01
1288.662432	21638.776688	4.852400e-04	1.050000e+01
1289.687086	21577.854956	4.866100e-04	1.050000e+01
1290.711890	21518.598217	4.879500e-04	1.050000e+01
1291.735300	21463.614064	4.892000e-04	1.050000e+01
1292.759167	21407.600718	4.904800e-04	1.050000e+01
1293.783905	21352.747387	4.917400e-04	1.050000e+01
1294.808084	21295.150790	4.930700e-04	1.050000e+01
1295.831982	21241.730898	4.943100e-04	1.050000e+01
1296.855847	21186.868177	4.955900e-04	1.050000e+01
1297.879879	21133.564125	4.968400e-04	1.050000e+01
1298.903989	21078.411691	4.981400e-04	1.050000e+01
1299.928053	21023.546372	4.994400e-04	1.050000e+01
1300.952050	20970.641102	5.007000e-04	1.050000e+01
1301.976728	20917.168015	5.019800e-04	1.050000e+01
1303.001908	20859.407593	5.033700e-04	1.050000e+01
1304.026004	20804.026074	5.047100e-04	1.050000e+01
1305.050212	20748.937852	5.060500e-04	1.050000e+01
1306.074748	20693.732755	5.074000e-04	1.050000e+01
1307.099223	20640.443475	5.087100e-04	1.050000e+01
1308.123188	20594.696375	5.098400e-04	1.050000e+01
1309.147420	20555.990603	5.108000e-04	1.050000e+01
1310.171513	20518.231915	5.117400e-04	1.050000e+01
1311.195863	20482.609289	5.126300e-04	1.050000e+01
1312.220295	20453.482936	5.133600e-04	1.050000e+01
1313.244181	20425.233918	5.140700e-04	1.050000e+01
1314.268731	20403.800937	5.146100e-04	1.050000e+01
1315.293422	20377.270610	5.152800e-04	1.050000e+01
1316.317192	20355.543493	5.158300e-04	1.050000e+01
1317.340815	20339.771032	5.162300e-04	1.050000e+01
1318.364918	20324.022995	5.166300e-04	1.050000e+01
1319.390263	20308.299325	5.170300e-04	1.050000e+01
1320.414386	20291.423492	5.174600e-04	1.050000e+01
1321.438596	20278.491280	5.177900e-04	1.050000e+01
1322.462961	20263.228994	5.181800e-04	1.050000e+01
1323.488133	20248.770610	5.185500e-04	1.050000e+01
1324.513184	20233.942921	5.189300e-04	1.050000e+01
1325.553305	20223.810166	5.191900e-04	1.050000e+01
1326.578285	20214.076698	5.194400e-04	1.050000e+01
1327.602365	20203.186331	5.197200e-04	1.050000e+01
1328.626520	20190.754557	5.200400e-04	1.050000e+01
1329.651123	20181.052874	5.202900e-04	1.050000e+01
1330.675329	20166.711482	5.206600e-04	1.050000e+01
1331.699214	20157.806831	5.208900e-04	1.050000e+01
1332.723192	20146.976994	5.211700e-04	1.050000e+01
1333.747807	20137.703535	5.214100e-04	1.050000e+01
1334.771889	20130.368098	5.216000e-04	1.050000e+01
1335.795227	20118.411220	5.219100e-04	1.050000e+01
1336.819261	20106.083526	5.222300e-04	1.050000e+01
1337.844805	20092.617398	5.225800e-04	1.050000e+01
1338.870136	20077.633516	5.229700e-04	1.050000e+01
1339.894253	20066.506135	5.232600e-04	1.050000e+01
1340.918342	20054.241950	5.235800e-04	1.050000e+01
1341.942250	20046.584444	5.237800e-04	1.050000e+01
1342.966347	20037.020781	5.240300e-04	1.050000e+01
1343.990247	20024.410710	5.243600e-04	1.050000e+01
1345.014274	20014.868188	5.246100e-04	1.050000e+01
1346.038301	20006.097096	5.248400e-04	1.050000e+01
1347.061526	20005.715919	5.248500e-04	1.050000e+01
1348.085309	20004.191354	5.248900e-04	1.050000e+01
1349.109223	19997.714547	5.250600e-04	1.050000e+01
1350.133900	19989.719573	5.252700e-04	1.050000e+01
1351.158275	19980.970504	5.255000e-04	1.050000e+01
1352.181510	19967.671389	5.258500e-04	1.050000e+01
1353.204669	19958.182855	5.261000e-04	1.050000e+01
1354.229102	19946.429589	5.264100e-04	1.050000e+01
1355.254631	19938.475561	5.266200e-04	1.050000e+01
1356.278406	19922.964537	5.270300e-04	1.050000e+01
1357.302523	19911.630288	5.273300e-04	1.050000e+01
1358.327291	19899.554629	5.276500e-04	1.050000e+01
1359.351458	19889.753935	5.279100e-04	1.050000e+01
1360.375337	19879.962891	5.281700e-04	1.050000e+01
1361.399515	19873.942422	5.283300e-04	1.050000e+01
1362.423703	19866.046089	5.285400e-04	1.050000e+01
1363.447336	19858.907193	5.287300e-04	1.050000e+01
1364.471191	19848.771267	5.290000e-04	1.050000e+01
1365.495248	19840.520011	5.292200e-04	1.050000e+01
1366.519646	19832.275612	5.294400e-04	1.050000e+01
1367.544280	19827.407142	5.295700e-04	1.050000e+01
1368.568332	19820.295983	5.297600e-04	1.050000e+01
1369.592292	19812.816062	5.299600e-04	1.050000e+01
1370.615798	19807.957139	5.300900e-04	1.050000e+01
1371.640310	19801.606759	5.302600e-04	1.050000e+01
1372.664514	19797.873143	5.303600e-04	1.050000e+01
1373.688497	19789.664141	5.305800e-04	1.050000e+01
1374.712399	19784.070997	5.307300e-04	1.050000e+01
1375.736367	19778.853580	5.308700e-04	1.050000e+01
1376.760325	19776.618387	5.309300e-04	1.050000e+01
1377.784282	19765.449993	5.312300e-04	1.050000e+01
1378.808481	19756.896098	5.314600e-04	1.050000e+01
1379.832541	19748.349602	5.316900e-04	1.050000e+01
1380.856458	19739.810498	5.319200e-04	1.050000e+01
1381.879756	19728.683627	5.322200e-04	1.050000e+01
1382.903582	19727.200992	5.322600e-04	1.050000e+01
1383.928426	19717.939569	5.325100e-04	1.050000e+01
1384.952320	19712.386888	5.326600e-04	1.050000e+01
1385.976208	19702.030247	5.329400e-04	1.050000e+01
1387.001328	19693.531144	5.331700e-04	1.050000e+01
1388.026096	19685.408425	5.333900e-04	1.050000e+01
1389.050156	19681.349578	5.335000e-04	1.050000e+01
1390.073554	19681.718495	5.334900e-04	1.050000e+01
1391.097759	19699.442787	5.330100e-04	1.050000e+01
1392.122203	19685.408425	5.333900e-04	1.050000e+01
1393.146182	19671.394046	5.337700e-04	1.050000e+01
1394.170716	19680.611786	5.335200e-04	1.050000e+01
1395.194902	19685.039370	5.334000e-04	1.050000e+01
1396.220265	19669.551534	5.338200e-04	1.050000e+01
1397.243603	19647.835931	5.344100e-04	1.050000e+01
1398.268193	19635.710813	5.347400e-04	1.050000e+01
1399.291860	19621.033748	5.351400e-04	1.050000e+01
1400.317508	19613.703441	5.353400e-04	1.050000e+01
1401.342255	19603.084219	5.356300e-04	1.050000e+01
1402.366427	19594.304589	5.358700e-04	1.050000e+01
1403.390528	19586.994236	5.360700e-04	1.050000e+01
1404.414481	19579.324234	5.362800e-04	1.050000e+01
1405.439241	19573.119582	5.364500e-04	1.050000e+01
1406.463255	19567.648155	5.366000e-04	1.050000e+01
1407.489301	19561.450901	5.367700e-04	1.050000e+01
1408.514192	19558.535904	5.368500e-04	1.050000e+01
1409.539247	19559.264572	5.368300e-04	1.050000e+01
1410.562613	19555.257571	5.369400e-04	1.050000e+01
1411.586546	19568.377502	5.365800e-04	1.050000e+01
1412.611306	19586.628861	5.360800e-04	1.050000e+01
1413.635669	19594.670250	5.358600e-04	1.050000e+01
1414.659121	19573.119582	5.364500e-04	1.050000e+01
1415.683327	19557.807290	5.368700e-04	1.050000e+01
1416.708185	19550.160125	5.370800e-04	1.050000e+01
1417.731643	19536.701088	5.374500e-04	1.050000e+01
1418.756353	19531.250000	5.376000e-04	1.050000e+01
1419.780573	19519.631172	5.379200e-04	1.050000e+01
1420.805812	19504.764735	5.383300e-04	1.050000e+01
1421.831603	19496.072934	5.385700e-04	1.050000e+01
1422.855433	19488.473960	5.387800e-04	1.050000e+01
1423.879703	19482.326746	5.389500e-04	1.050000e+01
1424.903934	19475.099694	5.391500e-04	1.050000e+01
1425.928252	19464.990824	5.394300e-04	1.050000e+01
1426.952671	19461.383056	5.395300e-04	1.050000e+01
1427.976804	19453.811094	5.397400e-04	1.050000e+01
1429.002412	19446.245023	5.399500e-04	1.050000e+01
1430.027855	19439.044710	5.401500e-04	1.050000e+01
1431.052347	19432.928635	5.403200e-04	1.050000e+01
1432.076527	19427.894756	5.404600e-04	1.050000e+01
1433.100363	19423.582079	5.405800e-04	1.050000e+01
1434.124448	19421.067234	5.406500e-04	1.050000e+01
1435.148604	19422.863485	5.406000e-04	1.050000e+01
1436.172421	19416.757586	5.407700e-04	1.050000e+01
1437.196329	19409.579089	5.409700e-04	1.050000e+01
1438.220816	19413.526606	5.408600e-04	1.050000e+01
1439.245628	19411.014364	5.409300e-04	1.050000e+01
1440.270398	19420.348826	5.406700e-04	1.050000e+01
1441.294618	19410.296700	5.409500e-04	1.050000e+01
1442.318625	19422.144945	5.406200e-04	1.050000e+01
1443.343334	19419.271315	5.407000e-04	1.050000e+01
1444.367570	19405.633178	5.410800e-04	1.050000e+01
1445.391439	19395.596276	5.413600e-04	1.050000e+01
1446.416025	19385.927663	5.416300e-04	1.050000e+01
1447.439683	19373.766076	5.419700e-04	1.050000e+01
1448.463621	19364.476329	5.422300e-04	1.050000e+01
1449.487511	19361.262723	5.423200e-04	1.050000e+01
1450.511059	19369.120089	5.421000e-04	1.050000e+01
1451.534443	19359.834796	5.423600e-04	1.050000e+01
1452.558734	19355.909083	5.424700e-04	1.050000e+01
1453.582558	19349.132053	5.426600e-04	1.050000e+01
1454.606486	19350.201795	5.426300e-04	1.050000e+01
1455.631305	19345.923538	5.427500e-04	1.050000e+01
1456.654822	19343.785118	5.428100e-04	1.050000e+01
1457.678845	19340.578375	5.429000e-04	1.050000e+01
1458.703710	19343.428761	5.428200e-04	1.050000e+01
1459.728483	19344.854269	5.427800e-04	1.050000e+01
1460.752525	19345.923538	5.427500e-04	1.050000e+01
1461.776677	19342.359768	5.428500e-04	1.050000e+01
1462.800703	19332.388194	5.431300e-04	1.050000e+01
1463.824684	19328.473603	5.432400e-04	1.050000e+01
1464.848030	19328.473603	5.432400e-04	1.050000e+01
1465.871703	19320.649174	5.434600e-04	1.050000e+01
1466.896327	19314.607362	5.436300e-04	1.050000e+01
1467.919872	19311.765463	5.437100e-04	1.050000e+01
1468.942874	19301.115788	5.440100e-04	1.050000e+01
1469.967541	19297.568506	5.441100e-04	1.050000e+01
1470.992492	19296.504576	5.441400e-04	1.050000e+01
1472.016567	19294.022528	5.442100e-04	1.050000e+01
1473.040755	19287.997355	5.443800e-04	1.050000e+01
1474.065585	19282.684150	5.445300e-04	1.050000e+01
1475.090189	19276.312166	5.447100e-04	1.050000e+01
1476.116577	19270.651715	5.448700e-04	1.050000e+01
1477.140599	19262.874021	5.450900e-04	1.050000e+01
1478.164691	19258.987528	5.452000e-04	1.050000e+01
1479.188890	19258.281061	5.452200e-04	1.050000e+01
1480.214598	19259.340780	5.451900e-04	1.050000e+01
1481.239686	19256.515121	5.452700e-04	1.050000e+01
1482.263763	19251.925193	5.454000e-04	1.050000e+01
1483.288364	19244.515313	5.456100e-04	1.050000e+01
1484.312588	19241.694002	5.456900e-04	1.050000e+01
1485.336599	19239.226033	5.457600e-04	1.050000e+01
1486.360741	19237.463586	5.458100e-04	1.050000e+01
1487.385203	19232.178182	5.459600e-04	1.050000e+01
1488.409466	19223.375625	5.462100e-04	1.050000e+01
1489.433569	19220.912353	5.462800e-04	1.050000e+01
1490.456811	19219.153259	5.463300e-04	1.050000e+01
1491.480779	19216.691069	5.464000e-04	1.050000e+01
1492.506482	19215.987702	5.464200e-04	1.050000e+01
1493.530586	19215.636038	5.464300e-04	1.050000e+01
1494.554007	19212.823187	5.465100e-04	1.050000e+01
1495.577691	19212.823187	5.465100e-04	1.050000e+01
1496.602579	19205.794663	5.467100e-04	1.050000e+01
1497.626743	19196.314308	5.469800e-04	1.050000e+01
1498.650665	19201.580016	5.468300e-04	1.050000e+01
1499.674511	19201.931166	5.468200e-04	1.050000e+01
1500.699257	19198.771279	5.469100e-04	1.050000e+01
1501.723023	19188.947166	5.471900e-04	1.050000e+01
1502.746908	19189.648555	5.471700e-04	1.050000e+01
1503.770850	19190.700735	5.471400e-04	1.050000e+01
1504.794992	19188.947166	5.471900e-04	1.050000e+01
1505.819973	19187.895179	5.472200e-04	1.050000e+01
1506.843894	19187.544543	5.472300e-04	1.050000e+01
1507.867905	19184.038880	5.473300e-04	1.050000e+01
1508.893125	19181.936097	5.473900e-04	1.050000e+01
1509.917753	19178.082192	5.475000e-04	1.050000e+01
1510.941758	19174.930148	5.475900e-04	1.050000e+01
1511.965941	19170.379026	5.477200e-04	1.050000e+01
1512.990540	19163.031774	5.479300e-04	1.050000e+01
1514.018263	19151.846785	5.482500e-04	1.050000e+01
1515.042914	19144.513729	5.484600e-04	1.050000e+01
1516.066916	19144.164676	5.484700e-04	1.050000e+01
1517.092004	19146.608315	5.484000e-04	1.050000e+01
1518.115837	19144.513729	5.484600e-04	1.050000e+01
1519.140793	19137.535085	5.486600e-04	1.050000e+01
1520.164279	19144.513729	5.484600e-04	1.050000e+01
1521.187772	19144.513729	5.484600e-04	1.050000e+01
1522.212230	19144.513729	5.484600e-04	1.050000e+01
1523.237074	19139.977032	5.485900e-04	1.050000e+01
1524.261667	19137.883897	5.486500e-04	1.050000e+01
1525.285916	19133.350341	5.487800e-04	1.050000e+01
1526.310560	19135.093762	5.487300e-04	1.050000e+01
1527.335080	19129.167426	5.489000e-04	1.050000e+01
1528.359157	19122.896481	5.490800e-04	1.050000e+01
1529.383132	19117.325759	5.492400e-04	1.050000e+01
1530.407129	19116.281610	5.492700e-04	1.050000e+01
1531.431775	19116.977697	5.492500e-04	1.050000e+01
1532.456068	19114.193654	5.493300e-04	1.050000e+01
1533.480163	19111.410422	5.494100e-04	1.050000e+01
1534.504212	19108.975759	5.494800e-04	1.050000e+01
1535.528883	19105.151113	5.495900e-04	1.050000e+01
1536.552852	19098.895902	5.497700e-04	1.050000e+01
1537.576937	19098.548510	5.497800e-04	1.050000e+01
1538.600136	19094.728037	5.498900e-04	1.050000e+01
1539.624068	19090.909091	5.500000e-04	1.050000e+01
1540.647694	19087.785635	5.500900e-04	1.050000e+01
1541.672743	19083.622617	5.502100e-04	1.050000e+01
1542.697536	19084.316327	5.501900e-04	1.050000e+01
1543.721725	19078.421397	5.503600e-04	1.050000e+01
1544.745609	19076.688287	5.504100e-04	1.050000e+01
1545.769082	19077.381493	5.503900e-04	1.050000e+01
1546.792600	19076.688287	5.504100e-04	1.050000e+01
1547.816673	19079.114729	5.503400e-04	1.050000e+01
1548.840488	19087.785635	5.500900e-04	1.050000e+01
1549.864131	19106.541716	5.495500e-04	1.050000e+01
1550.887746	19116.281610	5.492700e-04	1.050000e+01
1551.912095	19104.803493	5.496000e-04	1.050000e+01
1552.935869	19090.561990	5.500100e-04	1.050000e+01
1553.959852	19085.010088	5.501700e-04	1.050000e+01
1554.984133	19079.808112	5.503200e-04	1.050000e+01
1556.008064	19069.412662	5.506200e-04	1.050000e+01
1557.032549	19069.412662	5.506200e-04	1.050000e+01
1558.056350	19069.412662	5.506200e-04	1.050000e+01
1559.080888	19089.520762	5.500400e-04	1.050000e+01
1560.105114	19092.644786	5.499500e-04	1.050000e+01
1561.128529	19087.785635	5.500900e-04	1.050000e+01
1562.152140	19073.223011	5.505100e-04	1.050000e+01
1563.177586	19067.334931	5.506800e-04	1.050000e+01
1564.202053	19080.501545	5.503000e-04	1.050000e+01
1565.226059	19081.888562	5.502600e-04	1.050000e+01
1566.249913	19074.608971	5.504700e-04	1.050000e+01
1567.273773	19066.296236	5.507100e-04	1.050000e+01
1568.297976	19059.374489	5.509100e-04	1.050000e+01
1569.321742	19054.532257	5.510500e-04	1.050000e+01
1570.345222	19050.729371	5.511600e-04	1.050000e+01
1571.369372	19044.509740	5.513400e-04	1.050000e+01
1572.393106	19038.294169	5.515200e-04	1.050000e+01
1573.417016	19037.603800	5.515400e-04	1.050000e+01
1574.441090	19032.082654	5.517000e-04	1.050000e+01
1575.465880	19028.288723	5.518100e-04	1.050000e+01
1576.490031	19025.185722	5.519000e-04	1.050000e+01
1577.513898	19018.638266	5.520900e-04	1.050000e+01
1578.538037	19022.772977	5.519700e-04	1.050000e+01
1579.562206	19023.806936	5.519400e-04	1.050000e+01
1580.585543	19025.185722	5.519000e-04	1.050000e+01
1581.609176	19020.360843	5.520400e-04	1.050000e+01
1582.634978	19013.128112	5.522500e-04	1.050000e+01
1583.659027	19006.588951	5.524400e-04	1.050000e+01
1584.682730	19002.461271	5.525600e-04	1.050000e+01
1585.706924	19004.868866	5.524900e-04	1.050000e+01
1586.731886	19004.524887	5.525000e-04	1.050000e+01
1587.756258	19006.244909	5.524500e-04	1.050000e+01
1588.779655	19004.524887	5.525000e-04	1.050000e+01
1589.803324	19010.374233	5.523300e-04	1.050000e+01
1590.827348	19011.406844	5.523000e-04	1.050000e+01
1591.851929	19011.062628	5.523100e-04	1.050000e+01
1592.875877	19004.868866	5.524900e-04	1.050000e+01
1593.899851	19007.277072	5.524200e-04	1.050000e+01
1594.923902	19004.524887	5.525000e-04	1.050000e+01
1595.948787	19004.180920	5.525100e-04	1.050000e+01
1596.975842	19001.085776	5.526000e-04	1.050000e+01
1598.000262	18996.273112	5.527400e-04	1.050000e+01
1599.024215	18995.585788	5.527600e-04	1.050000e+01
1600.048040	18992.149911	5.528600e-04	1.050000e+01
1601.071999	18988.371883	5.529700e-04	1.050000e+01
1602.096211	18983.222447	5.531200e-04	1.050000e+01
1603.119996	18981.849736	5.531600e-04	1.050000e+01
1604.147592	18985.281886	5.530600e-04	1.050000e+01
1605.172015	18989.402105	5.529400e-04	1.050000e+01
1606.196279	18979.447969	5.532300e-04	1.050000e+01
1607.219815	18978.075804	5.532700e-04	1.050000e+01
1608.244984	18975.332068	5.533500e-04	1.050000e+01
1609.269262	18971.217952	5.534700e-04	1.050000e+01
1610.293391	18969.846977	5.535100e-04	1.050000e+01
1611.317059	18971.217952	5.534700e-04	1.050000e+01
1612.341199	18967.105620	5.535900e-04	1.050000e+01
1613.365487	18965.392674	5.536400e-04	1.050000e+01
1614.390013	18969.161563	5.535300e-04	1.050000e+01
1615.414006	18966.763006	5.536000e-04	1.050000e+01
1616.437952	18967.790885	5.535700e-04	1.050000e+01
1617.462213	18963.337547	5.537000e-04	1.050000e+01
1618.487217	18964.707582	5.536600e-04	1.050000e+01
1619.510390	18966.077815	5.536200e-04	1.050000e+01
1620.534177	18968.133536	5.535600e-04	1.050000e+01
1621.558630	18965.050122	5.536500e-04	1.050000e+01
1622.582366	18969.504264	5.535200e-04	1.050000e+01
1623.606227	18970.875190	5.534800e-04	1.050000e+01
1624.630236	18962.995070	5.537100e-04	1.050000e+01
1625.654529	18958.201679	5.538500e-04	1.050000e+01
1626.679007	18949.306094	5.541100e-04	1.050000e+01
1627.703204	18943.494263	5.542800e-04	1.050000e+01
1628.728237	18941.785579	5.543300e-04	1.050000e+01
1629.752777	18938.027559	5.544400e-04	1.050000e+01
1630.777218	18933.246781	5.545800e-04	1.050000e+01
1631.801071	18934.612472	5.545400e-04	1.050000e+01
1632.825152	18933.929602	5.545600e-04	1.050000e+01
1633.849701	18935.636869	5.545100e-04	1.050000e+01
1634.875187	18932.222643	5.546100e-04	1.050000e+01
1635.899115	18929.492149	5.546900e-04	1.050000e+01
1636.924020	18939.052326	5.544100e-04	1.050000e+01
1637.947594	18944.861432	5.542400e-04	1.050000e+01
1638.974516	18943.836037	5.542700e-04	1.050000e+01
1639.998362	18942.810752	5.543000e-04	1.050000e+01
1641.022523	18938.369136	5.544300e-04	1.050000e+01
1642.046130	18933.246781	5.545800e-04	1.050000e+01
1643.071148	18925.739005	5.548000e-04	1.050000e+01
1644.097067	18922.669358	5.548900e-04	1.050000e+01
1645.121070	18917.896330	5.550300e-04	1.050000e+01
1646.144485	18914.488498	5.551300e-04	1.050000e+01
1647.169110	18916.192261	5.550800e-04	1.050000e+01
1648.193268	18917.214665	5.550500e-04	1.050000e+01
1649.216843	18917.214665	5.550500e-04	1.050000e+01
1650.240512	18913.807079	5.551500e-04	1.050000e+01
1651.264171	18914.488498	5.551300e-04	1.050000e+01
1652.288083	18913.466388	5.551600e-04	1.050000e+01
1653.312117	18905.633879	5.553900e-04	1.050000e+01
1654.336251	18904.953098	5.554100e-04	1.050000e+01
1655.361113	18901.209677	5.555200e-04	1.050000e+01
1656.385358	18898.147981	5.556100e-04	1.050000e+01
1657.409443	18901.890189	5.555000e-04	1.050000e+01
1658.433741	18904.953098	5.554100e-04	1.050000e+01
1659.459950	18902.911048	5.554700e-04	1.050000e+01
1660.486625	18897.807854	5.556200e-04	1.050000e+01
1661.511147	18894.747260	5.557100e-04	1.050000e+01
1662.534517	18892.367484	5.557800e-04	1.050000e+01
1663.560675	18895.427307	5.556900e-04	1.050000e+01
1664.585380	18891.007880	5.558200e-04	1.050000e+01
1665.610471	18886.590521	5.559500e-04	1.050000e+01
1666.634421	18890.328152	5.558400e-04	1.050000e+01
1667.658026	18890.328152	5.558400e-04	1.050000e+01
1668.682069	18886.930244	5.559400e-04	1.050000e+01
1669.706880	18886.930244	5.559400e-04	1.050000e+01
1670.730385	18883.873172	5.560300e-04	1.050000e+01
1671.754244	18878.780251	5.561800e-04	1.050000e+01
1672.778364	18878.780251	5.561800e-04	1.050000e+01
1673.802515	18883.193957	5.560500e-04	1.050000e+01
1674.826387	18877.422603	5.562200e-04	1.050000e+01
1675.850292	18880.477586	5.561300e-04	1.050000e+01
1676.874838	18880.138095	5.561400e-04	1.050000e+01
1677.899527	18874.029336	5.563200e-04	1.050000e+01
1678.923165	18875.725817	5.562700e-04	1.050000e+01
1679.947502	18874.368607	5.563100e-04	1.050000e+01
1680.971707	18876.743852	5.562400e-04	1.050000e+01
1681.996271	18876.404494	5.562500e-04	1.050000e+01
1683.020422	18874.707891	5.563000e-04	1.050000e+01
1684.043939	18874.707891	5.563000e-04	1.050000e+01
1685.067942	18878.440821	5.561900e-04	1.050000e+01
1686.091932	18875.725817	5.562700e-04	1.050000e+01
1687.115543	18869.959025	5.564400e-04	1.050000e+01
1688.139563	18866.229449	5.565500e-04	1.050000e+01
1689.163991	18863.517956	5.566300e-04	1.050000e+01
1690.188506	18861.484848	5.566900e-04	1.050000e+01
1691.212279	18860.807243	5.567100e-04	1.050000e+01
1692.236381	18864.873605	5.565900e-04	1.050000e+01
1693.260303	18866.229449	5.565500e-04	1.050000e+01
1694.283568	18862.840205	5.566500e-04	1.050000e+01
1695.307335	18868.602645	5.564800e-04	1.050000e+01
1696.332514	18872.333160	5.563700e-04	1.050000e+01
1697.356867	18875.047188	5.562900e-04	1.050000e+01
1698.380688	18865.890470	5.565600e-04	1.050000e+01
1699.404275	18864.873605	5.565900e-04	1.050000e+01
1700.428850	18861.823669	5.566800e-04	1.050000e+01
1701.453489	18860.468458	5.567200e-04	1.050000e+01
1702.478272	18857.758621	5.568000e-04	1.050000e+01
1703.502524	18862.501347	5.566600e-04	1.050000e+01
1704.526030	18865.890470	5.565600e-04	1.050000e+01
1705.550769	18864.195756	5.566100e-04	1.050000e+01
1706.574034	18863.517956	5.566300e-04	1.050000e+01
1707.597325	18864.195756	5.566100e-04	1.050000e+01
1708.621197	18859.452178	5.567500e-04	1.050000e+01
1709.646297	18856.065368	5.568500e-04	1.050000e+01
1710.670530	18847.941984	5.570900e-04	1.050000e+01
1711.694490	18843.206575	5.572300e-04	1.050000e+01
1712.719252	18836.783754	5.574200e-04	1.050000e+01
1713.744161	18832.391714	5.575500e-04	1.050000e+01
1714.770247	18832.391714	5.575500e-04	1.050000e+01
1715.794376	18840.163640	5.573200e-04	1.050000e+01
1716.818538	18847.603662	5.571000e-04	1.050000e+01
1717.842779	18846.588767	5.571300e-04	1.050000e+01
1718.867265	18849.633779	5.570400e-04	1.050000e+01
1719.891324	18847.603662	5.571000e-04	1.050000e+01
1720.914281	18849.633779	5.570400e-04	1.050000e+01
1721.937913	18850.310581	5.570200e-04	1.050000e+01
1722.961548	18844.897520	5.571800e-04	1.050000e+01
1723.986140	18844.897520	5.571800e-04	1.050000e+01
1725.009652	18845.912232	5.571500e-04	1.050000e+01
1726.034042	18838.135563	5.573800e-04	1.050000e+01
1727.057365	18838.135563	5.573800e-04	1.050000e+01
1728.081374	18831.716197	5.575700e-04	1.050000e+01
1729.105777	18827.326520	5.577000e-04	1.050000e+01
1730.133387	18822.601463	5.578400e-04	1.050000e+01
1731.158803	18819.565178	5.579300e-04	1.050000e+01
1732.183649	18818.216033	5.579700e-04	1.050000e+01
1733.208147	18818.216033	5.579700e-04	1.050000e+01
1734.231852	18823.613775	5.578100e-04	1.050000e+01
1735.256202	18826.988937	5.577100e-04	1.050000e+01
1736.281678	18828.676972	5.576600e-04	1.050000e+01
1737.306372	18826.651366	5.577200e-04	1.050000e+01
1738.329682	18831.040729	5.575900e-04	1.050000e+01
1739.353490	18831.040729	5.575900e-04	1.050000e+01
1740.377284	18827.326520	5.577000e-04	1.050000e+01
1741.400206	18822.601463	5.578400e-04	1.050000e+01
1742.424121	18832.729490	5.575400e-04	1.050000e+01
1743.448582	18839.825597	5.573300e-04	1.050000e+01
1744.473610	18824.288711	5.577900e-04	1.050000e+01
1745.497594	18824.963695	5.577700e-04	1.050000e+01
1746.521739	18825.976261	5.577400e-04	1.050000e+01
1747.546149	18815.518323	5.580500e-04	1.050000e+01
1748.570682	18813.495547	5.581100e-04	1.050000e+01
1749.594709	18814.169758	5.580900e-04	1.050000e+01
1750.618802	18813.158461	5.581200e-04	1.050000e+01
1751.643248	18814.506881	5.580800e-04	1.050000e+01
1752.667215	18815.518323	5.580500e-04	1.050000e+01
1753.690841	18817.878777	5.579800e-04	1.050000e+01
1754.714740	18810.462200	5.582000e-04	1.050000e+01
1755.739291	18804.735211	5.583700e-04	1.050000e+01
1756.763247	18804.735211	5.583700e-04	1.050000e+01
1757.786586	18825.301205	5.577600e-04	1.050000e+01
1758.810365	18824.626197	5.577800e-04	1.050000e+01
1759.834382	18819.565178	5.579300e-04	1.050000e+01
1760.858423	18832.391714	5.575500e-04	1.050000e+01
1761.883487	18821.589259	5.578700e-04	1.050000e+01
1762.907558	18815.181163	5.580600e-04	1.050000e+01
1763.933106	18809.451301	5.582300e-04	1.050000e+01
1764.957697	18802.714754	5.584300e-04	1.050000e+01
1765.981848	18804.061677	5.583900e-04	1.050000e+01
1767.005848	18806.082424	5.583300e-04	1.050000e+01
1768.030674	18807.766712	5.582800e-04	1.050000e+01
1769.056656	18813.832646	5.581000e-04	1.050000e+01
1770.081158	18814.506881	5.580800e-04	1.050000e+01
1771.105273	18813.832646	5.581000e-04	1.050000e+01
1772.130560	18809.788256	5.582200e-04	1.050000e+01
1773.154753	18807.766712	5.582800e-04	1.050000e+01
1774.179282	18809.451301	5.582300e-04	1.050000e+01
1775.202845	18798.675141	5.585500e-04	1.050000e+01
1776.227534	18794.300852	5.586800e-04	1.050000e+01
1777.252124	18789.592355	5.588200e-04	1.050000e+01
1778.276498	18785.222292	5.589500e-04	1.050000e+01
1779.300434	18773.466834	5.593000e-04	1.050000e+01
1780.323824	18772.124289	5.593400e-04	1.050000e+01
1781.348555	18773.802500	5.592900e-04	1.050000e+01
1782.373442	18768.097809	5.594600e-04	1.050000e+01
1783.397554	18769.775299	5.594100e-04	1.050000e+01
1784.421833	18772.795537	5.593200e-04	1.050000e+01
1785.446392	18764.743727	5.595600e-04	1.050000e+01
1786.470783	18763.737737	5.595900e-04	1.050000e+01
1787.494694	18771.117507	5.593700e-04	1.050000e+01
1788.518337	18772.795537	5.593200e-04	1.050000e+01
1789.542793	18767.091458	5.594900e-04	1.050000e+01
1790.566980	18769.439777	5.594200e-04	1.050000e+01
1791.591706	18770.781937	5.593800e-04	1.050000e+01
1792.615223	18772.124289	5.593400e-04	1.050000e+01
1793.640217	18770.110833	5.594000e-04	1.050000e+01
1794.665506	18770.781937	5.593800e-04	1.050000e+01
1795.689489	18769.775299	5.594100e-04	1.050000e+01
1796.713628	18769.439777	5.594200e-04	1.050000e+01
1797.737625	18769.439777	5.594200e-04	1.050000e+01
1798.764648	18769.775299	5.594100e-04	1.050000e+01
1799.789876	18766.756032	5.595000e-04	1.050000e+01
1800.814030	18766.085216	5.595200e-04	1.050000e+01
1801.838048	18765.079081	5.595500e-04	1.050000e+01
1802.862540	18763.402430	5.596000e-04	1.050000e+01
1803.886802	18757.704057	5.597700e-04	1.050000e+01
1804.910638	18754.688672	5.598600e-04	1.050000e+01
1805.934867	18751.674257	5.599500e-04	1.050000e+01
1806.958608	18751.674257	5.599500e-04	1.050000e+01
1807.982471	18748.995590	5.600300e-04	1.050000e+01
1809.005842	18751.339381	5.599600e-04	1.050000e+01
1810.030995	18758.374274	5.597500e-04	1.050000e+01
1811.055937	18762.061325	5.596400e-04	1.050000e+01
1812.082945	18762.396583	5.596300e-04	1.050000e+01
1813.107038	18762.731854	5.596200e-04	1.050000e+01
1814.132009	18765.414448	5.595400e-04	1.050000e+01
1815.156802	18766.420618	5.595100e-04	1.050000e+01
1816.180728	18764.743727	5.595600e-04	1.050000e+01
1817.205725	18764.073055	5.595800e-04	1.050000e+01
1818.229451	18764.073055	5.595800e-04	1.050000e+01
1819.254694	18779.846542	5.591100e-04	1.050000e+01
1820.279316	18787.238992	5.588900e-04	1.050000e+01
1821.305012	18792.618975	5.587300e-04	1.050000e+01
1822.329017	18781.190191	5.590700e-04	1.050000e+01
1823.352131	18785.558378	5.589400e-04	1.050000e+01
1824.375540	18779.174789	5.591300e-04	1.050000e+01
1825.398588	18769.775299	5.594100e-04	1.050000e+01
1826.422886	18783.542039	5.590000e-04	1.050000e+01
1827.447014	18767.426896	5.594800e-04	1.050000e+01
1828.471065	18758.374274	5.597500e-04	1.050000e+01
1829.495702	18758.709401	5.597400e-04	1.050000e+01
1830.519649	18754.688672	5.598600e-04	1.050000e+01
1831.543307	18744.309763	5.601700e-04	1.050000e+01
1832.568020	18742.636821	5.602200e-04	1.050000e+01
1833.592674	18740.629685	5.602800e-04	1.050000e+01
1834.617054	18744.644387	5.601600e-04	1.050000e+01
1835.641048	18741.967728	5.602400e-04	1.050000e+01
1836.665761	18741.633199	5.602500e-04	1.050000e+01
1837.689968	18741.298683	5.602600e-04	1.050000e+01
1838.712665	18740.629685	5.602800e-04	1.050000e+01
1839.737150	18741.298683	5.602600e-04	1.050000e+01
1840.762357	18758.039160	5.597600e-04	1.050000e+01
1841.786712	18755.358674	5.598400e-04	1.050000e+01
1842.809771	18742.636821	5.602200e-04	1.050000e+01
1843.833908	18735.948039	5.604200e-04	1.050000e+01
1844.858248	18731.937061	5.605400e-04	1.050000e+01
1845.882833	18728.929954	5.606300e-04	1.050000e+01
1846.906134	18724.588059	5.607600e-04	1.050000e+01
1847.930902	18715.576707	5.610300e-04	1.050000e+01
1848.955160	18711.907902	5.611400e-04	1.050000e+01
1849.979786	18709.907341	5.612000e-04	1.050000e+01
1851.003881	18706.240758	5.613100e-04	1.050000e+01
1852.027817	18706.907303	5.612900e-04	1.050000e+01
1853.053316	18701.909376	5.614400e-04	1.050000e+01
1854.080189	18699.244907	5.615200e-04	1.050000e+01
1855.104808	18700.243994	5.614900e-04	1.050000e+01
1856.128137	18702.575612	5.614200e-04	1.050000e+01
1857.154141	18702.575612	5.614200e-04	1.050000e+01
1858.179711	18721.249510	5.608600e-04	1.050000e+01
1859.203873	18723.252496	5.608000e-04	1.050000e+01
1860.227136	18723.920254	5.607800e-04	1.050000e+01
1861.250670	18723.586369	5.607900e-04	1.050000e+01
1862.275668	18722.250949	5.608300e-04	1.050000e+01
1863.300091	18716.911175	5.609900e-04	1.050000e+01
1864.324085	18709.240583	5.612200e-04	1.050000e+01
1865.348120	18705.907504	5.613200e-04	1.050000e+01
1866.373330	18703.575055	5.613900e-04	1.050000e+01
1867.397808	18702.242488	5.614300e-04	1.050000e+01
1868.420737	18699.244907	5.615200e-04	1.050000e+01
1869.444110	18694.583912	5.616600e-04	1.050000e+01
1870.468527	18693.918245	5.616800e-04	1.050000e+01
1871.492290	18688.927256	5.618300e-04	1.050000e+01
1872.516019	18683.938930	5.619800e-04	1.050000e+01
1873.540000	18685.933941	5.619200e-04	1.050000e+01
1874.564741	18681.944346	5.620400e-04	1.050000e+01
1875.589147	18679.950187	5.621000e-04	1.050000e+01
1876.613090	18676.959747	5.621900e-04	1.050000e+01
1877.636933	18673.970264	5.622800e-04	1.050000e+01
1878.661528	18671.313749	5.623600e-04	1.050000e+01
1879.685784	18673.306064	5.623000e-04	1.050000e+01
1880.709154	18684.271402	5.619700e-04	1.050000e+01
1881.732692	18699.244907	5.615200e-04	1.050000e+01
1882.756867	18700.910111	5.614700e-04	1.050000e+01
1883.781447	18706.240758	5.613100e-04	1.050000e+01
