Time	SourceV	Current	Voltage
1.028161	5634091.374718	1.952400e-06	1.100000e+01
2.078987	4881729.019660	2.253300e-06	1.100000e+01
3.123424	4482112.297286	2.454200e-06	1.100000e+01
4.161150	4171723.300971	2.636800e-06	1.100000e+01
5.194835	3893805.309735	2.825000e-06	1.100000e+01
6.230253	3659713.211565	3.005700e-06	1.100000e+01
7.254268	3468937.243772	3.171000e-06	1.100000e+01
8.278130	3308768.235825	3.324500e-06	1.100000e+01
9.303644	3174236.740347	3.465400e-06	1.100000e+01
10.328478	3058188.996080	3.596900e-06	1.100000e+01
11.352302	2965439.154580	3.709400e-06	1.100000e+01
12.377075	2877396.740694	3.822900e-06	1.100000e+01
13.401548	2808917.034805	3.916100e-06	1.100000e+01
14.426461	2747527.225497	4.003600e-06	1.100000e+01
15.451111	2703034.770856	4.069500e-06	1.100000e+01
16.474497	2663115.845539	4.130500e-06	1.100000e+01
17.499801	2630005.977286	4.182500e-06	1.100000e+01
18.523278	2603673.546677	4.224800e-06	1.100000e+01
19.547493	2583251.138979	4.258200e-06	1.100000e+01
20.571325	2565119.044843	4.288300e-06	1.100000e+01
21.595719	2552381.836323	4.309700e-06	1.100000e+01
22.619312	2543705.485154	4.324400e-06	1.100000e+01
23.643005	2543587.846275	4.324600e-06	1.100000e+01
24.666326	2541707.102916	4.327800e-06	1.100000e+01
25.690338	2539125.617469	4.332200e-06	1.100000e+01
26.714518	2536432.392548	4.336800e-06	1.100000e+01
27.738519	2531470.784526	4.345300e-06	1.100000e+01
28.762608	2534328.633306	4.340400e-06	1.100000e+01
29.786694	2533978.346003	4.341000e-06	1.100000e+01
30.811214	2529433.406917	4.348800e-06	1.100000e+01
31.835439	2522530.786342	4.360700e-06	1.100000e+01
32.859614	2518718.659126	4.367300e-06	1.100000e+01
33.883914	2513022.023211	4.377200e-06	1.100000e+01
34.908527	2506037.271609	4.389400e-06	1.100000e+01
35.932492	2504097.614278	4.392800e-06	1.100000e+01
36.956593	2499488.740939	4.400900e-06	1.100000e+01
37.980908	2489138.305576	4.419200e-06	1.100000e+01
39.006288	2481613.499977	4.432600e-06	1.100000e+01
40.030155	2471799.020269	4.450200e-06	1.100000e+01
41.053433	2463716.179896	4.464800e-06	1.100000e+01
42.077918	2456728.084869	4.477500e-06	1.100000e+01
43.103192	2451745.196808	4.486600e-06	1.100000e+01
44.127361	2441189.525078	4.506000e-06	1.100000e+01
45.151262	2434005.266302	4.519300e-06	1.100000e+01
46.175664	2422213.903508	4.541300e-06	1.100000e+01
47.199611	2413603.949534	4.557500e-06	1.100000e+01
48.224596	2399546.267615	4.584200e-06	1.100000e+01
49.249391	2385547.916983	4.611100e-06	1.100000e+01
50.273476	2374886.653137	4.631800e-06	1.100000e+01
51.299304	2362542.955326	4.656000e-06	1.100000e+01
52.324364	2345265.761252	4.690300e-06	1.100000e+01
53.348530	2333623.268345	4.713700e-06	1.100000e+01
54.372699	2324156.436857	4.732900e-06	1.100000e+01
55.397439	2315740.721248	4.750100e-06	1.100000e+01
56.421489	2300725.774403	4.781100e-06	1.100000e+01
57.445361	2290855.322073	4.801700e-06	1.100000e+01
58.469491	2274936.405187	4.835300e-06	1.100000e+01
59.494436	2262769.218110	4.861300e-06	1.100000e+01
60.521385	2247787.972291	4.893700e-06	1.100000e+01
61.546318	2234682.268812	4.922400e-06	1.100000e+01
62.569584	2223749.646222	4.946600e-06	1.100000e+01
63.596222	2213858.755811	4.968700e-06	1.100000e+01
64.621173	2200528.126750	4.998800e-06	1.100000e+01
65.645617	2188401.472197	5.026500e-06	1.100000e+01
66.669703	2176623.068247	5.053700e-06	1.100000e+01
67.694589	2162332.173537	5.087100e-06	1.100000e+01
68.718712	2149151.085321	5.118300e-06	1.100000e+01
69.742699	2136171.204412	5.149400e-06	1.100000e+01
70.766505	2126179.062935	5.173600e-06	1.100000e+01
71.790288	2116361.397568	5.197600e-06	1.100000e+01
72.814414	2103250.478011	5.230000e-06	1.100000e+01
73.838431	2089784.752171	5.263700e-06	1.100000e+01
74.862322	2080024.203918	5.288400e-06	1.100000e+01
75.885542	2069341.761198	5.315700e-06	1.100000e+01
76.910131	2056997.531603	5.347600e-06	1.100000e+01
77.935577	2045408.058908	5.377900e-06	1.100000e+01
78.959561	2033835.629102	5.408500e-06	1.100000e+01
79.983940	2021018.593371	5.442800e-06	1.100000e+01
81.007967	2010344.134364	5.471700e-06	1.100000e+01
82.032798	1996623.890512	5.509300e-06	1.100000e+01
83.056725	1982982.405538	5.547200e-06	1.100000e+01
84.080876	1972952.613265	5.575400e-06	1.100000e+01
85.105301	1959561.770731	5.613500e-06	1.100000e+01
86.131419	1949110.496846	5.643600e-06	1.100000e+01
87.155623	1938940.985687	5.673200e-06	1.100000e+01
88.179478	1928809.398562	5.703000e-06	1.100000e+01
89.203650	1919988.829156	5.729200e-06	1.100000e+01
90.229685	1909092.486853	5.761900e-06	1.100000e+01
91.253905	1899728.856881	5.790300e-06	1.100000e+01
92.277805	1891236.696869	5.816300e-06	1.100000e+01
93.303704	1879988.378254	5.851100e-06	1.100000e+01
94.328359	1869730.758771	5.883200e-06	1.100000e+01
95.352701	1859584.467398	5.915300e-06	1.100000e+01
96.376781	1854411.814289	5.931800e-06	1.100000e+01
97.400799	1849174.595703	5.948600e-06	1.100000e+01
98.425237	1835046.042973	5.994400e-06	1.100000e+01
99.449414	1823184.274207	6.033400e-06	1.100000e+01
100.472693	1813266.517210	6.066400e-06	1.100000e+01
101.496612	1804461.942257	6.096000e-06	1.100000e+01
102.521243	1795361.438901	6.126900e-06	1.100000e+01
103.546410	1784381.792817	6.164600e-06	1.100000e+01
104.569729	1773993.258826	6.200700e-06	1.100000e+01
105.594445	1766472.354708	6.227100e-06	1.100000e+01
106.618386	1760817.019097	6.247100e-06	1.100000e+01
107.642670	1752764.587782	6.275800e-06	1.100000e+01
108.666474	1744951.537937	6.303900e-06	1.100000e+01
109.690539	1732610.887097	6.348800e-06	1.100000e+01
110.714494	1720201.419948	6.394600e-06	1.100000e+01
111.738572	1708286.743695	6.439200e-06	1.100000e+01
112.762052	1698972.893660	6.474500e-06	1.100000e+01
113.786773	1688981.697580	6.512800e-06	1.100000e+01
114.811261	1679004.808059	6.551500e-06	1.100000e+01
115.835826	1670158.816920	6.586200e-06	1.100000e+01
116.860549	1662711.428874	6.615700e-06	1.100000e+01
117.884631	1654458.766375	6.648700e-06	1.100000e+01
118.909250	1646583.339570	6.680500e-06	1.100000e+01
119.932863	1637562.711208	6.717300e-06	1.100000e+01
120.956775	1629702.060832	6.749700e-06	1.100000e+01
121.980648	1622658.209175	6.779000e-06	1.100000e+01
123.005038	1615247.940559	6.810100e-06	1.100000e+01
124.028826	1607623.056238	6.842400e-06	1.100000e+01
125.052642	1598093.909809	6.883200e-06	1.100000e+01
126.076032	1588562.351072	6.924500e-06	1.100000e+01
127.100017	1579597.346276	6.963800e-06	1.100000e+01
128.123998	1570912.414492	7.002300e-06	1.100000e+01
129.147507	1562655.377665	7.039300e-06	1.100000e+01
130.170946	1554462.721158	7.076400e-06	1.100000e+01
131.196182	1546398.999058	7.113300e-06	1.100000e+01
132.220467	1539818.301440	7.143700e-06	1.100000e+01
133.244634	1533614.031174	7.172600e-06	1.100000e+01
134.268872	1527374.720560	7.201900e-06	1.100000e+01
135.294267	1517094.901182	7.250700e-06	1.100000e+01
136.320577	1509765.437352	7.285900e-06	1.100000e+01
137.344989	1502773.299817	7.319800e-06	1.100000e+01
138.368866	1495662.578522	7.354600e-06	1.100000e+01
139.395537	1488638.977982	7.389300e-06	1.100000e+01
140.420223	1482579.688658	7.419500e-06	1.100000e+01
141.444765	1476549.706032	7.449800e-06	1.100000e+01
142.468554	1470352.349890	7.481200e-06	1.100000e+01
143.491984	1464791.733248	7.509600e-06	1.100000e+01
144.516866	1458634.452946	7.541300e-06	1.100000e+01
145.540731	1453181.145635	7.569600e-06	1.100000e+01
146.564674	1446892.469582	7.602500e-06	1.100000e+01
147.589148	1442414.864741	7.626100e-06	1.100000e+01
148.613500	1434121.665667	7.670200e-06	1.100000e+01
149.637622	1427996.520881	7.703100e-06	1.100000e+01
150.661078	1421629.445823	7.737600e-06	1.100000e+01
151.685899	1415628.539071	7.770400e-06	1.100000e+01
152.710446	1408757.347950	7.808300e-06	1.100000e+01
153.735092	1402810.722575	7.841400e-06	1.100000e+01
154.758890	1397428.731135	7.871600e-06	1.100000e+01
155.782115	1389538.041762	7.916300e-06	1.100000e+01
156.806879	1383595.587588	7.950300e-06	1.100000e+01
157.830967	1379552.523327	7.973600e-06	1.100000e+01
158.854793	1375670.639437	7.996100e-06	1.100000e+01
159.879944	1371519.768587	8.020300e-06	1.100000e+01
160.905366	1365458.856242	8.055900e-06	1.100000e+01
161.930969	1359837.808436	8.089200e-06	1.100000e+01
162.954962	1355765.082887	8.113500e-06	1.100000e+01
163.978943	1348336.642887	8.158200e-06	1.100000e+01
165.004937	1343445.816388	8.187900e-06	1.100000e+01
166.029964	1337516.110990	8.224200e-06	1.100000e+01
167.054602	1331090.647273	8.263900e-06	1.100000e+01
168.079049	1325764.423714	8.297100e-06	1.100000e+01
169.103807	1320908.785244	8.327600e-06	1.100000e+01
170.128331	1316608.416719	8.354800e-06	1.100000e+01
171.153037	1312085.500262	8.383600e-06	1.100000e+01
172.176880	1307189.542484	8.415000e-06	1.100000e+01
173.200775	1301497.905772	8.451800e-06	1.100000e+01
174.225640	1296497.100561	8.484400e-06	1.100000e+01
175.249799	1291413.275728	8.517800e-06	1.100000e+01
176.273674	1287182.007536	8.545800e-06	1.100000e+01
177.296849	1281349.377381	8.584700e-06	1.100000e+01
178.320857	1276783.434315	8.615400e-06	1.100000e+01
179.345069	1272691.511148	8.643100e-06	1.100000e+01
180.368904	1268201.574876	8.673700e-06	1.100000e+01
181.392860	1262945.188179	8.709800e-06	1.100000e+01
182.417063	1258854.899807	8.738100e-06	1.100000e+01
183.442131	1252833.111240	8.780100e-06	1.100000e+01
184.466158	1249176.679007	8.805800e-06	1.100000e+01
185.490019	1244555.071562	8.838500e-06	1.100000e+01
186.515390	1239129.455234	8.877200e-06	1.100000e+01
187.541071	1233225.332691	8.919700e-06	1.100000e+01
188.565234	1229434.907010	8.947200e-06	1.100000e+01
189.588976	1223704.264053	8.989100e-06	1.100000e+01
190.613080	1218634.022046	9.026500e-06	1.100000e+01
191.638047	1213699.355636	9.063200e-06	1.100000e+01
192.662896	1209455.744915	9.095000e-06	1.100000e+01
193.686182	1204146.643168	9.135100e-06	1.100000e+01
194.714138	1198439.849214	9.178600e-06	1.100000e+01
195.738557	1192722.225837	9.222600e-06	1.100000e+01
196.762790	1188200.092896	9.257700e-06	1.100000e+01
197.786781	1184387.617766	9.287500e-06	1.100000e+01
198.811067	1180789.626226	9.315800e-06	1.100000e+01
199.835708	1176483.170943	9.349900e-06	1.100000e+01
200.862233	1172870.440466	9.378700e-06	1.100000e+01
201.886950	1168497.312456	9.413800e-06	1.100000e+01
202.911517	1163602.513381	9.453400e-06	1.100000e+01
203.937816	1159725.882973	9.485000e-06	1.100000e+01
204.963136	1155692.837856	9.518100e-06	1.100000e+01
205.988052	1151253.820069	9.554800e-06	1.100000e+01
207.011994	1146896.602058	9.591100e-06	1.100000e+01
208.035842	1143189.707136	9.622200e-06	1.100000e+01
209.060221	1138139.039204	9.664900e-06	1.100000e+01
210.084833	1133880.344700	9.701200e-06	1.100000e+01
211.108056	1129085.235671	9.742400e-06	1.100000e+01
212.131776	1123606.982707	9.789900e-06	1.100000e+01
213.155820	1119148.633113	9.828900e-06	1.100000e+01
214.180166	1114883.697360	9.866500e-06	1.100000e+01
215.204085	1110763.296342	9.903100e-06	1.100000e+01
216.227880	1106728.911784	9.939200e-06	1.100000e+01
217.251778	1102215.453061	9.979900e-06	1.100000e+01
218.276834	1101431.861420	9.987000e-06	1.100000e+01
219.300312	1096272.672912	1.003400e-05	1.100000e+01
220.323853	1093004.769475	1.006400e-05	1.100000e+01
221.348075	1088570.014844	1.010500e-05	1.100000e+01
222.372806	1084384.858044	1.014400e-05	1.100000e+01
223.396191	1080443.964247	1.018100e-05	1.100000e+01
224.420018	1076320.939335	1.022000e-05	1.100000e+01
225.444773	1073066.042337	1.025100e-05	1.100000e+01
226.468895	1069310.780597	1.028700e-05	1.100000e+01
227.492269	1064859.632139	1.033000e-05	1.100000e+01
228.516926	1061263.868789	1.036500e-05	1.100000e+01
229.540968	1057488.944434	1.040200e-05	1.100000e+01
230.566042	1052833.078101	1.044800e-05	1.100000e+01
231.590078	1047220.106626	1.050400e-05	1.100000e+01
232.614003	1043445.266553	1.054200e-05	1.100000e+01
233.638552	1039894.119871	1.057800e-05	1.100000e+01
234.662989	1035586.518546	1.062200e-05	1.100000e+01
235.687163	1030734.632684	1.067200e-05	1.100000e+01
236.711229	1024972.046217	1.073200e-05	1.100000e+01
237.735988	1020692.214902	1.077700e-05	1.100000e+01
238.762327	1017105.871475	1.081500e-05	1.100000e+01
239.787836	1013824.884793	1.085000e-05	1.100000e+01
240.812228	1010286.554004	1.088800e-05	1.100000e+01
241.838541	1006680.699186	1.092700e-05	1.100000e+01
242.863303	1002186.588921	1.097600e-05	1.100000e+01
243.887034	999818.214870	1.100200e-05	1.100000e+01
244.910505	995925.758262	1.104500e-05	1.100000e+01
245.934239	994035.785288	1.106600e-05	1.100000e+01
246.958686	990277.277638	1.110800e-05	1.100000e+01
247.982282	986724.076067	1.114800e-05	1.100000e+01
249.006211	983284.169125	1.118700e-05	1.100000e+01
250.030125	980130.089994	1.122300e-05	1.100000e+01
251.054983	976735.926123	1.126200e-05	1.100000e+01
252.079111	973623.650204	1.129800e-05	1.100000e+01
253.103117	969761.086132	1.134300e-05	1.100000e+01
254.127261	966523.152623	1.138100e-05	1.100000e+01
255.151576	963475.518963	1.141700e-05	1.100000e+01
256.176060	959944.148704	1.145900e-05	1.100000e+01
257.199267	954944.005556	1.151900e-05	1.100000e+01
258.222447	950488.205305	1.157300e-05	1.100000e+01
259.248065	946155.169448	1.162600e-05	1.100000e+01
260.272305	942587.832048	1.167000e-05	1.100000e+01
261.296293	938486.477263	1.172100e-05	1.100000e+01
262.320084	935931.251595	1.175300e-05	1.100000e+01
263.344718	932045.416031	1.180200e-05	1.100000e+01
264.369223	928661.882651	1.184500e-05	1.100000e+01
265.393235	924913.814849	1.189300e-05	1.100000e+01
266.417479	921890.714046	1.193200e-05	1.100000e+01
267.442455	918580.375783	1.197500e-05	1.100000e+01
268.467035	914836.992681	1.202400e-05	1.100000e+01
269.491406	911954.899685	1.206200e-05	1.100000e+01
270.515415	908940.670963	1.210200e-05	1.100000e+01
271.543135	905647.949942	1.214600e-05	1.100000e+01
272.568018	901787.178226	1.219800e-05	1.100000e+01
273.592322	898619.393840	1.224100e-05	1.100000e+01
274.616285	895036.615134	1.229000e-05	1.100000e+01
275.641129	891771.382246	1.233500e-05	1.100000e+01
276.665834	888027.771050	1.238700e-05	1.100000e+01
277.689381	884173.297966	1.244100e-05	1.100000e+01
278.713273	880986.705110	1.248600e-05	1.100000e+01
279.737570	877472.878111	1.253600e-05	1.100000e+01
280.761846	873293.108923	1.259600e-05	1.100000e+01
281.786336	869496.482492	1.265100e-05	1.100000e+01
282.811091	866073.537517	1.270100e-05	1.100000e+01
283.835573	863151.286880	1.274400e-05	1.100000e+01
284.860715	860383.261635	1.278500e-05	1.100000e+01
285.886307	857165.121172	1.283300e-05	1.100000e+01
286.911288	853440.918613	1.288900e-05	1.100000e+01
287.935244	850274.406740	1.293700e-05	1.100000e+01
288.960268	846870.428824	1.298900e-05	1.100000e+01
289.985734	843105.694796	1.304700e-05	1.100000e+01
291.010482	839630.562552	1.310100e-05	1.100000e+01
292.034519	836756.427811	1.314600e-05	1.100000e+01
293.058238	833901.902813	1.319100e-05	1.100000e+01
294.083002	830188.679245	1.325000e-05	1.100000e+01
295.107300	826881.154627	1.330300e-05	1.100000e+01
296.131124	823784.917247	1.335300e-05	1.100000e+01
297.155522	819611.057298	1.342100e-05	1.100000e+01
298.179722	815842.171624	1.348300e-05	1.100000e+01
299.203400	811987.893999	1.354700e-05	1.100000e+01
300.227288	808883.006103	1.359900e-05	1.100000e+01
301.251209	804917.313040	1.366600e-05	1.100000e+01
302.275897	801340.423982	1.372700e-05	1.100000e+01
303.301541	797390.358826	1.379500e-05	1.100000e+01
304.325749	792792.792793	1.387500e-05	1.100000e+01
305.349508	789549.239162	1.393200e-05	1.100000e+01
306.373685	786219.712672	1.399100e-05	1.100000e+01
307.400652	783866.600157	1.403300e-05	1.100000e+01
308.424490	780750.940450	1.408900e-05	1.100000e+01
309.447672	777000.777001	1.415700e-05	1.100000e+01
310.471447	774647.887324	1.420000e-05	1.100000e+01
311.496272	771875.657849	1.425100e-05	1.100000e+01
312.519514	769661.349006	1.429200e-05	1.100000e+01
313.543333	767834.706129	1.432600e-05	1.100000e+01
314.567757	763358.778626	1.441000e-05	1.100000e+01
315.594382	760719.225450	1.446000e-05	1.100000e+01
316.618561	756950.178915	1.453200e-05	1.100000e+01
317.642544	753941.055517	1.459000e-05	1.100000e+01
318.667645	750545.851528	1.465600e-05	1.100000e+01
319.692620	747181.089526	1.472200e-05	1.100000e+01
320.717335	743997.294555	1.478500e-05	1.100000e+01
321.741332	739893.724356	1.486700e-05	1.100000e+01
322.765465	735687.533440	1.495200e-05	1.100000e+01
323.790047	732161.874334	1.502400e-05	1.100000e+01
324.815174	728718.118582	1.509500e-05	1.100000e+01
325.838495	725497.955415	1.516200e-05	1.100000e+01
326.862615	722163.865546	1.523200e-05	1.100000e+01
327.886869	719189.277542	1.529500e-05	1.100000e+01
328.910261	715959.385577	1.536400e-05	1.100000e+01
329.934360	712112.384282	1.544700e-05	1.100000e+01
330.959052	708580.262819	1.552400e-05	1.100000e+01
331.983094	705354.280218	1.559500e-05	1.100000e+01
333.008247	702247.191011	1.566400e-05	1.100000e+01
334.032256	699523.052464	1.572500e-05	1.100000e+01
335.056556	696158.470983	1.580100e-05	1.100000e+01
336.081145	693044.354839	1.587200e-05	1.100000e+01
337.107572	689525.481101	1.595300e-05	1.100000e+01
338.132702	687242.284143	1.600600e-05	1.100000e+01
339.156624	683951.999005	1.608300e-05	1.100000e+01
340.183042	680861.599406	1.615600e-05	1.100000e+01
341.207851	677590.242701	1.623400e-05	1.100000e+01
342.231678	673813.169985	1.632500e-05	1.100000e+01
343.256265	670159.619837	1.641400e-05	1.100000e+01
344.279997	666343.590986	1.650800e-05	1.100000e+01
345.304760	663089.999397	1.658900e-05	1.100000e+01
346.328456	659868.026395	1.667000e-05	1.100000e+01
347.351681	656794.841175	1.674800e-05	1.100000e+01
348.376281	652857.736364	1.684900e-05	1.100000e+01
349.400862	649734.199646	1.693000e-05	1.100000e+01
350.425475	645464.147401	1.704200e-05	1.100000e+01
351.449387	642260.757868	1.712700e-05	1.100000e+01
352.473473	639089.007669	1.721200e-05	1.100000e+01
353.497619	635617.704842	1.730600e-05	1.100000e+01
354.521718	632292.924067	1.739700e-05	1.100000e+01
355.545474	629506.695662	1.747400e-05	1.100000e+01
356.569562	626067.159932	1.757000e-05	1.100000e+01
357.594689	623229.461756	1.765000e-05	1.100000e+01
358.621359	619788.145143	1.774800e-05	1.100000e+01
359.646426	616522.811344	1.784200e-05	1.100000e+01
360.669756	612847.512396	1.794900e-05	1.100000e+01
361.695436	609452.047205	1.804900e-05	1.100000e+01
362.720735	606160.797928	1.814700e-05	1.100000e+01
363.744608	602673.679597	1.825200e-05	1.100000e+01
364.768413	599585.740761	1.834600e-05	1.100000e+01
365.792552	596044.432403	1.845500e-05	1.100000e+01
366.817904	593023.882689	1.854900e-05	1.100000e+01
367.842498	589938.860882	1.864600e-05	1.100000e+01
368.866682	586572.815016	1.875300e-05	1.100000e+01
369.890965	583183.119500	1.886200e-05	1.100000e+01
370.915842	579465.837855	1.898300e-05	1.100000e+01
371.940427	575795.644891	1.910400e-05	1.100000e+01
372.964500	572469.424928	1.921500e-05	1.100000e+01
373.988638	568945.898417	1.933400e-05	1.100000e+01
375.013154	565639.944464	1.944700e-05	1.100000e+01
376.039705	562314.691749	1.956200e-05	1.100000e+01
377.064463	559284.116331	1.966800e-05	1.100000e+01
378.088691	555275.113579	1.981000e-05	1.100000e+01
379.113918	551931.761164	1.993000e-05	1.100000e+01
380.138552	548546.352167	2.005300e-05	1.100000e+01
381.163392	545770.280327	2.015500e-05	1.100000e+01
382.187477	542379.567082	2.028100e-05	1.100000e+01
383.211261	539162.827174	2.040200e-05	1.100000e+01
384.235148	536062.378168	2.052000e-05	1.100000e+01
385.260820	533152.384645	2.063200e-05	1.100000e+01
386.284598	530222.693531	2.074600e-05	1.100000e+01
387.308778	527148.128624	2.086700e-05	1.100000e+01
388.332720	523634.978817	2.100700e-05	1.100000e+01
389.356680	520020.800832	2.115300e-05	1.100000e+01
390.380477	516262.261229	2.130700e-05	1.100000e+01
391.403789	512677.106637	2.145600e-05	1.100000e+01
392.428473	508929.397613	2.161400e-05	1.100000e+01
393.452545	504980.948446	2.178300e-05	1.100000e+01
394.476754	501161.784136	2.194900e-05	1.100000e+01
395.500893	497579.952051	2.210700e-05	1.100000e+01
396.525245	493849.331059	2.227400e-05	1.100000e+01
397.549454	490261.621429	2.243700e-05	1.100000e+01
398.572675	486553.432413	2.260800e-05	1.100000e+01
399.596839	483261.576311	2.276200e-05	1.100000e+01
400.621377	479449.069433	2.294300e-05	1.100000e+01
401.645684	475860.875584	2.311600e-05	1.100000e+01
402.669613	472244.880436	2.329300e-05	1.100000e+01
403.693665	469083.155650	2.345000e-05	1.100000e+01
404.717928	465352.398680	2.363800e-05	1.100000e+01
405.742406	461370.690378	2.384200e-05	1.100000e+01
406.766447	457589.749990	2.403900e-05	1.100000e+01
407.791204	453608.247423	2.425000e-05	1.100000e+01
408.815938	450137.087204	2.443700e-05	1.100000e+01
409.840833	446573.562845	2.463200e-05	1.100000e+01
410.864431	442602.502716	2.485300e-05	1.100000e+01
411.887564	438806.446466	2.506800e-05	1.100000e+01
412.911700	434748.241246	2.530200e-05	1.100000e+01
413.936802	430933.166183	2.552600e-05	1.100000e+01
414.960773	427284.027346	2.574400e-05	1.100000e+01
415.984847	423255.992920	2.598900e-05	1.100000e+01
417.009077	418919.948206	2.625800e-05	1.100000e+01
418.033484	414624.952884	2.653000e-05	1.100000e+01
419.057578	410570.319498	2.679200e-05	1.100000e+01
420.080913	406428.967301	2.706500e-05	1.100000e+01
421.105037	402414.486922	2.733500e-05	1.100000e+01
422.131811	398897.592109	2.757600e-05	1.100000e+01
423.157707	394987.252684	2.784900e-05	1.100000e+01
424.182529	390944.308206	2.813700e-05	1.100000e+01
425.206985	387952.317133	2.835400e-05	1.100000e+01
426.232052	384252.628637	2.862700e-05	1.100000e+01
427.255995	380939.188253	2.887600e-05	1.100000e+01
428.279822	377358.490566	2.915000e-05	1.100000e+01
429.303765	373997.008024	2.941200e-05	1.100000e+01
430.328120	370869.858395	2.966000e-05	1.100000e+01
431.351904	367426.013762	2.993800e-05	1.100000e+01
432.375759	363985.308229	3.022100e-05	1.100000e+01
433.399539	360383.972742	3.052300e-05	1.100000e+01
434.423364	356749.043264	3.083400e-05	1.100000e+01
435.447801	353175.367623	3.114600e-05	1.100000e+01
436.471729	349694.811801	3.145600e-05	1.100000e+01
437.495715	346609.528611	3.173600e-05	1.100000e+01
438.520762	343095.973301	3.206100e-05	1.100000e+01
439.544755	339831.320090	3.236900e-05	1.100000e+01
440.568845	336648.814078	3.267500e-05	1.100000e+01
441.592992	333778.371162	3.295600e-05	1.100000e+01
442.617366	330926.594465	3.324000e-05	1.100000e+01
443.641575	328623.069339	3.347300e-05	1.100000e+01
444.664933	326167.531505	3.372500e-05	1.100000e+01
445.689607	323500.867571	3.400300e-05	1.100000e+01
446.713793	321196.017169	3.424700e-05	1.100000e+01
447.738850	318711.247610	3.451400e-05	1.100000e+01
448.762754	316628.767163	3.474100e-05	1.100000e+01
449.786659	314519.357237	3.497400e-05	1.100000e+01
450.810306	312304.809494	3.522200e-05	1.100000e+01
451.835115	309955.197385	3.548900e-05	1.100000e+01
452.859072	307236.823730	3.580300e-05	1.100000e+01
453.882921	304607.886575	3.611200e-05	1.100000e+01
454.907633	302455.387830	3.636900e-05	1.100000e+01
455.932161	300046.370803	3.666100e-05	1.100000e+01
456.956909	297643.206970	3.695700e-05	1.100000e+01
457.980997	295921.661466	3.717200e-05	1.100000e+01
459.005662	293403.750233	3.749100e-05	1.100000e+01
460.030180	291205.591147	3.777400e-05	1.100000e+01
461.054107	288577.574899	3.811800e-05	1.100000e+01
462.077939	286085.825748	3.845000e-05	1.100000e+01
463.105676	283827.020332	3.875600e-05	1.100000e+01
464.130099	281769.512539	3.903900e-05	1.100000e+01
465.154938	279848.373063	3.930700e-05	1.100000e+01
466.179086	277974.325281	3.957200e-05	1.100000e+01
467.203747	276166.804750	3.983100e-05	1.100000e+01
468.227786	274362.108099	4.009300e-05	1.100000e+01
469.252015	272479.564033	4.037000e-05	1.100000e+01
470.275960	270456.333596	4.067200e-05	1.100000e+01
471.300758	268653.071193	4.094500e-05	1.100000e+01
472.326183	266789.551551	4.123100e-05	1.100000e+01
473.351057	264843.260943	4.153400e-05	1.100000e+01
474.376236	262711.662010	4.187100e-05	1.100000e+01
475.400116	260756.192960	4.218500e-05	1.100000e+01
476.424070	258927.100252	4.248300e-05	1.100000e+01
477.448949	257201.646091	4.276800e-05	1.100000e+01
478.472876	255510.905670	4.305100e-05	1.100000e+01
479.497013	253649.088016	4.336700e-05	1.100000e+01
480.521258	251768.098693	4.369100e-05	1.100000e+01
481.545094	250062.515629	4.398900e-05	1.100000e+01
482.569899	248278.975285	4.430500e-05	1.100000e+01
483.593959	246443.374034	4.463500e-05	1.100000e+01
484.619239	244879.786287	4.492000e-05	1.100000e+01
485.644121	243341.297230	4.520400e-05	1.100000e+01
486.668854	241800.756177	4.549200e-05	1.100000e+01
487.692907	240174.672489	4.580000e-05	1.100000e+01
488.716917	238570.313178	4.610800e-05	1.100000e+01
489.741600	236844.371716	4.644400e-05	1.100000e+01
490.765792	235158.304295	4.677700e-05	1.100000e+01
491.790080	233545.647558	4.710000e-05	1.100000e+01
492.814019	231779.009250	4.745900e-05	1.100000e+01
493.838255	230294.148435	4.776500e-05	1.100000e+01
494.863177	228818.671604	4.807300e-05	1.100000e+01
495.886986	227432.493901	4.836600e-05	1.100000e+01
496.910896	226025.849138	4.866700e-05	1.100000e+01
497.935252	224590.632529	4.897800e-05	1.100000e+01
498.959993	223123.732252	4.930000e-05	1.100000e+01
499.983900	221684.804514	4.962000e-05	1.100000e+01
501.008049	220339.322557	4.992300e-05	1.100000e+01
502.031860	218970.837066	5.023500e-05	1.100000e+01
503.056876	217606.330366	5.055000e-05	1.100000e+01
504.080789	216135.497308	5.089400e-05	1.100000e+01
505.104236	214692.794129	5.123600e-05	1.100000e+01
506.128573	213240.283028	5.158500e-05	1.100000e+01
507.152830	212162.709511	5.184700e-05	1.100000e+01
508.177873	211112.177334	5.210500e-05	1.100000e+01
509.202075	210088.045990	5.235900e-05	1.100000e+01
510.226571	209026.128266	5.262500e-05	1.100000e+01
511.251065	207837.357820	5.292600e-05	1.100000e+01
512.275142	206630.975862	5.323500e-05	1.100000e+01
513.299019	205503.764455	5.352700e-05	1.100000e+01
514.322810	204331.834900	5.383400e-05	1.100000e+01
515.346067	203094.420442	5.416200e-05	1.100000e+01
516.369791	201879.312876	5.448800e-05	1.100000e+01
517.394129	200612.780858	5.483200e-05	1.100000e+01
518.418527	199419.869471	5.516000e-05	1.100000e+01
519.442843	198298.240554	5.547200e-05	1.100000e+01
520.466822	197167.951246	5.579000e-05	1.100000e+01
521.490392	195963.158926	5.613300e-05	1.100000e+01
522.515342	194755.758574	5.648100e-05	1.100000e+01
523.539245	193478.031449	5.685400e-05	1.100000e+01
524.563206	192321.141339	5.719600e-05	1.100000e+01
525.587206	191191.295582	5.753400e-05	1.100000e+01
526.612045	190235.719350	5.782300e-05	1.100000e+01
527.636207	189110.664122	5.816700e-05	1.100000e+01
528.660334	188705.139642	5.829200e-05	1.100000e+01
529.684283	187521.309240	5.866000e-05	1.100000e+01
530.708241	186166.161761	5.908700e-05	1.100000e+01
531.732059	185069.905951	5.943700e-05	1.100000e+01
532.756992	183891.136447	5.981800e-05	1.100000e+01
533.780339	182681.768360	6.021400e-05	1.100000e+01
534.804412	181422.351234	6.063200e-05	1.100000e+01
535.827897	180336.737872	6.099700e-05	1.100000e+01
536.852124	179542.004668	6.126700e-05	1.100000e+01
537.876268	178588.823587	6.159400e-05	1.100000e+01
538.901336	177651.447859	6.191900e-05	1.100000e+01
539.925247	176723.860934	6.224400e-05	1.100000e+01
540.948987	175763.773488	6.258400e-05	1.100000e+01
541.973083	174858.523558	6.290800e-05	1.100000e+01
542.997581	174001.075643	6.321800e-05	1.100000e+01
544.022355	173143.819553	6.353100e-05	1.100000e+01
545.047068	172454.338794	6.378500e-05	1.100000e+01
546.071092	171475.782943	6.414900e-05	1.100000e+01
547.094409	170972.053841	6.433800e-05	1.100000e+01
548.118222	170394.696078	6.455600e-05	1.100000e+01
549.141258	169374.085765	6.494500e-05	1.100000e+01
550.164420	168613.384837	6.523800e-05	1.100000e+01
551.187924	167851.802118	6.553400e-05	1.100000e+01
552.212843	166843.622023	6.593000e-05	1.100000e+01
553.236424	165895.003544	6.630700e-05	1.100000e+01
554.260327	165098.233449	6.662700e-05	1.100000e+01
555.284380	164333.627142	6.693700e-05	1.100000e+01
556.308379	163610.131929	6.723300e-05	1.100000e+01
557.332258	162835.107249	6.755300e-05	1.100000e+01
558.356388	162191.651553	6.782100e-05	1.100000e+01
559.380549	161515.307246	6.810500e-05	1.100000e+01
560.404411	160825.767212	6.839700e-05	1.100000e+01
561.428398	160163.075131	6.868000e-05	1.100000e+01
562.452266	159448.019945	6.898800e-05	1.100000e+01
563.476176	158666.051235	6.932800e-05	1.100000e+01
564.500370	157878.118093	6.967400e-05	1.100000e+01
565.524186	157057.597304	7.003800e-05	1.100000e+01
566.547570	156263.317896	7.039400e-05	1.100000e+01
567.571048	155499.010461	7.074000e-05	1.100000e+01
568.596409	154735.613105	7.108900e-05	1.100000e+01
569.620368	153945.195510	7.145400e-05	1.100000e+01
570.645082	153226.817479	7.178900e-05	1.100000e+01
571.669032	152532.031727	7.211600e-05	1.100000e+01
572.693421	151908.523449	7.241200e-05	1.100000e+01
573.717282	151260.966420	7.272200e-05	1.100000e+01
574.741257	150625.094141	7.302900e-05	1.100000e+01
575.765466	149974.095384	7.334600e-05	1.100000e+01
576.789384	149377.367971	7.363900e-05	1.100000e+01
577.813377	148674.767189	7.398700e-05	1.100000e+01
578.837456	147899.159664	7.437500e-05	1.100000e+01
579.861622	147115.860427	7.477100e-05	1.100000e+01
580.886156	146506.486242	7.508200e-05	1.100000e+01
581.910133	145878.920496	7.540500e-05	1.100000e+01
582.933694	145237.529378	7.573800e-05	1.100000e+01
583.957623	144601.753625	7.607100e-05	1.100000e+01
584.982258	143945.143814	7.641800e-05	1.100000e+01
586.006463	143339.284085	7.674100e-05	1.100000e+01
587.030250	142755.174875	7.705500e-05	1.100000e+01
588.055027	142227.279192	7.734100e-05	1.100000e+01
589.080209	141619.352928	7.767300e-05	1.100000e+01
590.104259	140922.659082	7.805700e-05	1.100000e+01
591.128407	140286.439403	7.841100e-05	1.100000e+01
592.152921	139758.852453	7.870700e-05	1.100000e+01
593.177339	139199.979753	7.902300e-05	1.100000e+01
594.201633	138615.857654	7.935600e-05	1.100000e+01
595.225295	137962.173280	7.973200e-05	1.100000e+01
596.250228	137441.587325	8.003400e-05	1.100000e+01
597.274005	137297.486208	8.011800e-05	1.100000e+01
598.299127	136783.595916	8.041900e-05	1.100000e+01
599.322370	136253.282465	8.073200e-05	1.100000e+01
600.346836	135661.782842	8.108400e-05	1.100000e+01
601.371335	135111.897217	8.141400e-05	1.100000e+01
602.395121	134765.936072	8.162300e-05	1.100000e+01
603.418321	134111.995708	8.202100e-05	1.100000e+01
604.443047	133621.632127	8.232200e-05	1.100000e+01
605.467652	133217.071162	8.257200e-05	1.100000e+01
606.492190	132434.384782	8.306000e-05	1.100000e+01
607.515603	131747.571653	8.349300e-05	1.100000e+01
608.539532	131216.375804	8.383100e-05	1.100000e+01
609.563192	130624.265239	8.421100e-05	1.100000e+01
610.588402	130169.812437	8.450500e-05	1.100000e+01
611.612318	129680.279166	8.482400e-05	1.100000e+01
612.636651	129425.468579	8.499100e-05	1.100000e+01
613.660392	128911.285597	8.533000e-05	1.100000e+01
614.684435	128193.175461	8.580800e-05	1.100000e+01
615.709225	127539.189315	8.624800e-05	1.100000e+01
616.732704	126960.676816	8.664100e-05	1.100000e+01
617.756381	126428.062432	8.700600e-05	1.100000e+01
618.781252	125878.287140	8.738600e-05	1.100000e+01
619.804500	125336.128709	8.776400e-05	1.100000e+01
620.828487	124781.632144	8.815400e-05	1.100000e+01
621.852267	124264.298867	8.852100e-05	1.100000e+01
622.876686	123723.399469	8.890800e-05	1.100000e+01
623.901438	123236.872472	8.925900e-05	1.100000e+01
624.925523	122769.227335	8.959900e-05	1.100000e+01
625.949534	122258.899892	8.997300e-05	1.100000e+01
626.974232	121781.104001	9.032600e-05	1.100000e+01
627.997748	121313.717273	9.067400e-05	1.100000e+01
629.021629	120828.664953	9.103800e-05	1.100000e+01
630.045394	120352.742948	9.139800e-05	1.100000e+01
631.069701	119904.076739	9.174000e-05	1.100000e+01
632.093376	119547.025453	9.201400e-05	1.100000e+01
633.117478	119132.713843	9.233400e-05	1.100000e+01
634.141439	118604.776538	9.274500e-05	1.100000e+01
635.165370	118094.174736	9.314600e-05	1.100000e+01
636.189463	117586.693462	9.354800e-05	1.100000e+01
637.213747	117091.032956	9.394400e-05	1.100000e+01
638.237584	116585.939736	9.435100e-05	1.100000e+01
639.260714	116115.820253	9.473300e-05	1.100000e+01
640.284351	115610.581521	9.514700e-05	1.100000e+01
641.309949	115173.598023	9.550800e-05	1.100000e+01
642.333845	114756.663711	9.585500e-05	1.100000e+01
643.357800	114358.190646	9.618900e-05	1.100000e+01
644.381666	113923.526244	9.655600e-05	1.100000e+01
645.405638	113445.334818	9.696300e-05	1.100000e+01
646.430276	113043.120812	9.730800e-05	1.100000e+01
647.454325	112641.441810	9.765500e-05	1.100000e+01
648.478510	112208.258528	9.803200e-05	1.100000e+01
649.502660	111792.026180	9.839700e-05	1.100000e+01
650.526536	111358.574610	9.878000e-05	1.100000e+01
651.550372	110921.759824	9.916900e-05	1.100000e+01
652.573623	110445.093728	9.959700e-05	1.100000e+01
653.597831	110035.211268	9.996800e-05	1.100000e+01
654.621616	109670.987039	1.003000e-04	1.100000e+01
655.645302	109213.661636	1.007200e-04	1.100000e+01
656.669393	108781.645570	1.011200e-04	1.100000e+01
657.693872	108310.358409	1.015600e-04	1.100000e+01
658.717765	107843.137255	1.020000e-04	1.100000e+01
659.741534	107338.017174	1.024800e-04	1.100000e+01
660.765622	106889.515110	1.029100e-04	1.100000e+01
661.789695	106444.745500	1.033400e-04	1.100000e+01
662.813754	106054.762823	1.037200e-04	1.100000e+01
663.836706	105657.477668	1.041100e-04	1.100000e+01
664.859844	105273.231888	1.044900e-04	1.100000e+01
665.883336	104861.773117	1.049000e-04	1.100000e+01
666.908440	104503.135094	1.052600e-04	1.100000e+01
667.932568	104166.666667	1.056000e-04	1.100000e+01
668.956739	103763.795868	1.060100e-04	1.100000e+01
669.980742	103412.616339	1.063700e-04	1.100000e+01
671.004736	103015.545982	1.067800e-04	1.100000e+01
672.028617	102650.242628	1.071600e-04	1.100000e+01
673.052567	102239.985129	1.075900e-04	1.100000e+01
674.077346	101842.421998	1.080100e-04	1.100000e+01
675.101766	101438.583549	1.084400e-04	1.100000e+01
676.125902	101019.377353	1.088900e-04	1.100000e+01
677.150419	100612.823562	1.093300e-04	1.100000e+01
678.174718	100227.790433	1.097500e-04	1.100000e+01
679.198757	99836.630968	1.101800e-04	1.100000e+01
680.222595	99439.522690	1.106200e-04	1.100000e+01
681.246485	99045.560958	1.110600e-04	1.100000e+01
682.270015	98637.015782	1.115200e-04	1.100000e+01
683.293862	98249.374777	1.119600e-04	1.100000e+01
684.317666	97899.608402	1.123600e-04	1.100000e+01
685.341561	97569.629235	1.127400e-04	1.100000e+01
686.365855	97233.271458	1.131300e-04	1.100000e+01
687.390433	96873.623954	1.135500e-04	1.100000e+01
688.414381	96618.357488	1.138500e-04	1.100000e+01
689.437885	96296.944761	1.142300e-04	1.100000e+01
690.462190	95944.177933	1.146500e-04	1.100000e+01
691.487736	95660.492217	1.149900e-04	1.100000e+01
692.511795	95312.364613	1.154100e-04	1.100000e+01
693.535486	94991.364421	1.158000e-04	1.100000e+01
694.561102	94639.938054	1.162300e-04	1.100000e+01
695.584818	94299.185598	1.166500e-04	1.100000e+01
696.608593	93976.932935	1.170500e-04	1.100000e+01
697.632497	93656.875266	1.174500e-04	1.100000e+01
698.657090	93315.235833	1.178800e-04	1.100000e+01
699.681480	92976.079790	1.183100e-04	1.100000e+01
700.704834	92623.779050	1.187600e-04	1.100000e+01
701.728742	92297.365330	1.191800e-04	1.100000e+01
702.753271	91973.244147	1.196000e-04	1.100000e+01
703.777639	91620.856239	1.200600e-04	1.100000e+01
704.801653	91301.460823	1.204800e-04	1.100000e+01
705.825717	90969.235858	1.209200e-04	1.100000e+01
706.849894	90661.831369	1.213300e-04	1.100000e+01
707.874543	90311.986864	1.218000e-04	1.100000e+01
708.898493	90001.636393	1.222200e-04	1.100000e+01
709.921843	89722.675367	1.226000e-04	1.100000e+01
710.946305	89416.355064	1.230200e-04	1.100000e+01
711.970660	89090.467320	1.234700e-04	1.100000e+01
712.994474	88809.946714	1.238600e-04	1.100000e+01
714.017801	88516.938923	1.242700e-04	1.100000e+01
715.042203	88232.934948	1.246700e-04	1.100000e+01
716.066030	87943.716022	1.250800e-04	1.100000e+01
717.089851	87663.372649	1.254800e-04	1.100000e+01
718.113679	87329.310892	1.259600e-04	1.100000e+01
719.137689	87025.316456	1.264000e-04	1.100000e+01
720.162699	86778.163459	1.267600e-04	1.100000e+01
721.186974	86498.387985	1.271700e-04	1.100000e+01
722.210663	86274.509804	1.275000e-04	1.100000e+01
723.235290	86173.129651	1.276500e-04	1.100000e+01
724.259866	85836.909871	1.281500e-04	1.100000e+01
725.285575	85616.438356	1.284800e-04	1.100000e+01
726.309913	85317.614209	1.289300e-04	1.100000e+01
727.334076	85099.798855	1.292600e-04	1.100000e+01
728.358775	84778.420039	1.297500e-04	1.100000e+01
729.383603	84407.612032	1.303200e-04	1.100000e+01
730.407605	84085.002293	1.308200e-04	1.100000e+01
731.430903	83873.427373	1.311500e-04	1.100000e+01
732.455275	83561.227590	1.316400e-04	1.100000e+01
733.480626	83251.343374	1.321300e-04	1.100000e+01
734.504022	82968.773571	1.325800e-04	1.100000e+01
735.527889	82663.259938	1.330700e-04	1.100000e+01
736.553112	82329.166979	1.336100e-04	1.100000e+01
737.577826	82065.055207	1.340400e-04	1.100000e+01
738.601720	81820.886641	1.344400e-04	1.100000e+01
739.625933	81547.927941	1.348900e-04	1.100000e+01
740.650677	81282.790217	1.353300e-04	1.100000e+01
741.675585	81013.404036	1.357800e-04	1.100000e+01
742.699819	80716.172586	1.362800e-04	1.100000e+01
743.723939	80415.235032	1.367900e-04	1.100000e+01
744.747907	80122.368709	1.372900e-04	1.100000e+01
745.771984	79843.216956	1.377700e-04	1.100000e+01
746.795952	79566.003617	1.382500e-04	1.100000e+01
747.820683	79290.708571	1.387300e-04	1.100000e+01
748.845119	79005.961359	1.392300e-04	1.100000e+01
749.868964	78762.709437	1.396600e-04	1.100000e+01
750.892727	78520.950817	1.400900e-04	1.100000e+01
751.916625	78275.101402	1.405300e-04	1.100000e+01
752.941340	78047.396055	1.409400e-04	1.100000e+01
753.965796	77787.992363	1.414100e-04	1.100000e+01
754.989910	77513.917272	1.419100e-04	1.100000e+01
756.014724	77263.468427	1.423700e-04	1.100000e+01
757.039026	77030.812325	1.428000e-04	1.100000e+01
758.063690	76799.553166	1.432300e-04	1.100000e+01
759.087967	76585.671517	1.436300e-04	1.100000e+01
760.112129	76341.175654	1.440900e-04	1.100000e+01
761.136264	76092.971776	1.445600e-04	1.100000e+01
762.160079	75877.767814	1.449700e-04	1.100000e+01
763.184145	75658.573492	1.453900e-04	1.100000e+01
764.208003	75430.295550	1.458300e-04	1.100000e+01
765.231924	75187.969925	1.463000e-04	1.100000e+01
766.256803	74942.090203	1.467800e-04	1.100000e+01
767.281910	74697.813391	1.472600e-04	1.100000e+01
768.306930	74440.008121	1.477700e-04	1.100000e+01
769.330679	74188.979564	1.482700e-04	1.100000e+01
770.356219	73899.899227	1.488500e-04	1.100000e+01
771.381003	73677.160080	1.493000e-04	1.100000e+01
772.404937	73401.841719	1.498600e-04	1.100000e+01
773.429198	73162.620552	1.503500e-04	1.100000e+01
774.453848	72924.953593	1.508400e-04	1.100000e+01
775.478052	72732.081460	1.512400e-04	1.100000e+01
776.501990	72501.977327	1.517200e-04	1.100000e+01
777.526055	72311.333158	1.521200e-04	1.100000e+01
778.550776	72116.960598	1.525300e-04	1.100000e+01
779.575087	71904.824160	1.529800e-04	1.100000e+01
780.598793	71693.932086	1.534300e-04	1.100000e+01
781.622829	71465.696466	1.539200e-04	1.100000e+01
782.647277	71252.752947	1.543800e-04	1.100000e+01
783.670899	71027.313230	1.548700e-04	1.100000e+01
784.694184	70807.853235	1.553500e-04	1.100000e+01
785.718122	70607.869568	1.557900e-04	1.100000e+01
786.742702	70381.982213	1.562900e-04	1.100000e+01
787.766983	70179.915784	1.567400e-04	1.100000e+01
788.790804	69987.911179	1.571700e-04	1.100000e+01
789.814960	69752.694990	1.577000e-04	1.100000e+01
790.839303	69563.017770	1.581300e-04	1.100000e+01
791.864003	69361.245980	1.585900e-04	1.100000e+01
792.888000	69147.598692	1.590800e-04	1.100000e+01
793.912796	68930.943727	1.595800e-04	1.100000e+01
794.937572	68707.058089	1.601000e-04	1.100000e+01
795.962179	68467.571269	1.606600e-04	1.100000e+01
796.986797	68255.150161	1.611600e-04	1.100000e+01
798.010092	68031.418146	1.616900e-04	1.100000e+01
799.034488	67804.968255	1.622300e-04	1.100000e+01
800.058761	67567.567568	1.628000e-04	1.100000e+01
801.083852	67368.936796	1.632800e-04	1.100000e+01
802.108198	67163.267798	1.637800e-04	1.100000e+01
803.131989	66946.625281	1.643100e-04	1.100000e+01
804.156074	66747.572816	1.648000e-04	1.100000e+01
805.179962	66561.781435	1.652600e-04	1.100000e+01
806.204177	66377.021482	1.657200e-04	1.100000e+01
807.227989	66169.393648	1.662400e-04	1.100000e+01
808.252231	65955.150498	1.667800e-04	1.100000e+01
809.277066	65734.432891	1.673400e-04	1.100000e+01
810.301093	65554.231228	1.678000e-04	1.100000e+01
811.325173	65367.245068	1.682800e-04	1.100000e+01
812.349268	65162.016468	1.688100e-04	1.100000e+01
813.373913	64969.582423	1.693100e-04	1.100000e+01
814.397286	64782.096584	1.698000e-04	1.100000e+01
815.421338	64595.689706	1.702900e-04	1.100000e+01
816.445389	64421.669107	1.707500e-04	1.100000e+01
817.470866	64222.326016	1.712800e-04	1.100000e+01
818.495266	64024.212793	1.718100e-04	1.100000e+01
819.519155	63853.253614	1.722700e-04	1.100000e+01
820.543262	63675.832127	1.727500e-04	1.100000e+01
821.568117	63492.063492	1.732500e-04	1.100000e+01
822.591915	63312.996431	1.737400e-04	1.100000e+01
823.615271	63145.809414	1.742000e-04	1.100000e+01
824.639493	62972.292191	1.746800e-04	1.100000e+01
825.663978	62817.657472	1.751100e-04	1.100000e+01
826.688160	62667.350310	1.755300e-04	1.100000e+01
827.712921	62489.348407	1.760300e-04	1.100000e+01
828.737313	62333.541112	1.764700e-04	1.100000e+01
829.762224	62182.023742	1.769000e-04	1.100000e+01
830.786258	62041.737169	1.773000e-04	1.100000e+01
831.810263	61835.966046	1.778900e-04	1.100000e+01
832.835076	61628.102415	1.784900e-04	1.100000e+01
833.859122	61431.922261	1.790600e-04	1.100000e+01
834.883163	61291.580766	1.794700e-04	1.100000e+01
835.907208	61104.321742	1.800200e-04	1.100000e+01
836.931372	60884.485526	1.806700e-04	1.100000e+01
837.955100	60686.306962	1.812600e-04	1.100000e+01
838.978408	60509.378954	1.817900e-04	1.100000e+01
840.002221	60336.788986	1.823100e-04	1.100000e+01
841.026813	60161.890177	1.828400e-04	1.100000e+01
842.051362	59988.002400	1.833700e-04	1.100000e+01
843.075291	59824.876271	1.838700e-04	1.100000e+01
844.099268	59678.819444	1.843200e-04	1.100000e+01
845.123852	59527.030683	1.847900e-04	1.100000e+01
846.148987	59359.991366	1.853100e-04	1.100000e+01
847.173880	59203.444564	1.858000e-04	1.100000e+01
848.197363	59082.608229	1.861800e-04	1.100000e+01
849.221420	58927.519151	1.866700e-04	1.100000e+01
850.245184	58763.822854	1.871900e-04	1.100000e+01
851.269114	58597.911784	1.877200e-04	1.100000e+01
852.293115	58411.214953	1.883200e-04	1.100000e+01
853.317495	58213.378493	1.889600e-04	1.100000e+01
854.341996	58044.430373	1.895100e-04	1.100000e+01
855.365209	57888.643301	1.900200e-04	1.100000e+01
856.389096	57730.660229	1.905400e-04	1.100000e+01
857.413502	57543.419125	1.911600e-04	1.100000e+01
858.438249	57375.339036	1.917200e-04	1.100000e+01
859.463192	57205.262884	1.922900e-04	1.100000e+01
860.488206	57045.065602	1.928300e-04	1.100000e+01
861.512225	56891.647272	1.933500e-04	1.100000e+01
862.536320	56736.125438	1.938800e-04	1.100000e+01
863.560434	56581.451571	1.944100e-04	1.100000e+01
864.584544	56427.618754	1.949400e-04	1.100000e+01
865.609032	56271.741355	1.954800e-04	1.100000e+01
866.632228	56116.722783	1.960200e-04	1.100000e+01
867.656449	55954.015972	1.965900e-04	1.100000e+01
868.680304	55797.910115	1.971400e-04	1.100000e+01
869.704618	55634.230225	1.977200e-04	1.100000e+01
870.729108	55485.498108	1.982500e-04	1.100000e+01
871.753458	55334.775391	1.987900e-04	1.100000e+01
872.777460	55187.637969	1.993200e-04	1.100000e+01
873.801518	55044.035228	1.998400e-04	1.100000e+01
874.825956	54903.918143	2.003500e-04	1.100000e+01
875.850589	54775.420775	2.008200e-04	1.100000e+01
876.875449	54636.666170	2.013300e-04	1.100000e+01
877.899600	54460.837707	2.019800e-04	1.100000e+01
878.923474	54299.535986	2.025800e-04	1.100000e+01
879.948455	54136.522467	2.031900e-04	1.100000e+01
880.972439	53987.730061	2.037500e-04	1.100000e+01
881.996345	53932.143558	2.039600e-04	1.100000e+01
883.022045	53829.214583	2.043500e-04	1.100000e+01
884.046306	53745.053012	2.046700e-04	1.100000e+01
885.071089	53514.959864	2.055500e-04	1.100000e+01
886.095265	53341.092038	2.062200e-04	1.100000e+01
887.119541	53158.072778	2.069300e-04	1.100000e+01
888.143381	53006.939090	2.075200e-04	1.100000e+01
889.167266	52866.823665	2.080700e-04	1.100000e+01
890.191231	52719.865804	2.086500e-04	1.100000e+01
891.215798	52558.650676	2.092900e-04	1.100000e+01
892.240394	52398.418520	2.099300e-04	1.100000e+01
893.265161	52246.603971	2.105400e-04	1.100000e+01
894.288520	52098.133940	2.111400e-04	1.100000e+01
895.312587	51948.051948	2.117500e-04	1.100000e+01
896.337162	51823.235654	2.122600e-04	1.100000e+01
897.360635	51669.876462	2.128900e-04	1.100000e+01
898.384442	51522.248244	2.135000e-04	1.100000e+01
899.409198	51373.061834	2.141200e-04	1.100000e+01
900.433299	51215.196946	2.147800e-04	1.100000e+01
901.457196	51065.410148	2.154100e-04	1.100000e+01
902.480379	50904.715628	2.160900e-04	1.100000e+01
903.504977	50761.421320	2.167000e-04	1.100000e+01
904.529464	50625.920471	2.172800e-04	1.100000e+01
905.553388	50484.189270	2.178900e-04	1.100000e+01
906.577415	50340.945494	2.185100e-04	1.100000e+01
907.601721	50219.138057	2.190400e-04	1.100000e+01
908.627079	50095.637125	2.195800e-04	1.100000e+01
909.651235	49952.318242	2.202100e-04	1.100000e+01
910.675254	49821.096970	2.207900e-04	1.100000e+01
911.699930	49704.035064	2.213100e-04	1.100000e+01
912.724336	49574.113299	2.218900e-04	1.100000e+01
913.748608	49442.646530	2.224800e-04	1.100000e+01
914.773137	49298.615157	2.231300e-04	1.100000e+01
915.797150	49168.603612	2.237200e-04	1.100000e+01
916.820332	49056.772064	2.242300e-04	1.100000e+01
917.844211	48908.452270	2.249100e-04	1.100000e+01
918.868191	48769.674130	2.255500e-04	1.100000e+01
919.891992	48642.433891	2.261400e-04	1.100000e+01
920.916436	48498.743442	2.268100e-04	1.100000e+01
921.940361	48351.648352	2.275000e-04	1.100000e+01
922.964353	48232.921161	2.280600e-04	1.100000e+01
923.988993	48104.255040	2.286700e-04	1.100000e+01
925.013520	47972.088966	2.293000e-04	1.100000e+01
926.037739	47859.380439	2.298400e-04	1.100000e+01
927.061658	47732.696897	2.304500e-04	1.100000e+01
928.086147	47621.109139	2.309900e-04	1.100000e+01
929.110498	47493.631536	2.316100e-04	1.100000e+01
930.134651	47374.994616	2.321900e-04	1.100000e+01
931.158708	47246.800103	2.328200e-04	1.100000e+01
932.183003	47119.297494	2.334500e-04	1.100000e+01
933.206488	46994.488828	2.340700e-04	1.100000e+01
934.230368	46882.325363	2.346300e-04	1.100000e+01
935.254203	46752.805168	2.352800e-04	1.100000e+01
936.278075	46623.998644	2.359300e-04	1.100000e+01
937.302475	46493.934655	2.365900e-04	1.100000e+01
938.326252	46393.926613	2.371000e-04	1.100000e+01
939.349752	46288.503619	2.376400e-04	1.100000e+01
940.373507	46179.680940	2.382000e-04	1.100000e+01
941.398508	46061.722708	2.388100e-04	1.100000e+01
942.422699	45938.609313	2.394500e-04	1.100000e+01
943.446563	45806.612809	2.401400e-04	1.100000e+01
944.471014	45700.041545	2.407000e-04	1.100000e+01
945.494687	45584.517840	2.413100e-04	1.100000e+01
946.518549	45454.545455	2.420000e-04	1.100000e+01
947.542470	45342.126958	2.426000e-04	1.100000e+01
948.567684	45286.125978	2.429000e-04	1.100000e+01
949.591643	45189.384603	2.434200e-04	1.100000e+01
950.615529	45017.393084	2.443500e-04	1.100000e+01
951.639526	44886.966457	2.450600e-04	1.100000e+01
952.663820	44770.044770	2.457000e-04	1.100000e+01
953.687687	44641.045412	2.464100e-04	1.100000e+01
954.710779	44529.004574	2.470300e-04	1.100000e+01
955.733928	44417.524732	2.476500e-04	1.100000e+01
956.757783	44283.413849	2.484000e-04	1.100000e+01
957.781838	44173.158782	2.490200e-04	1.100000e+01
958.805674	44059.921493	2.496600e-04	1.100000e+01
959.829691	43966.585395	2.501900e-04	1.100000e+01
960.853855	43854.403381	2.508300e-04	1.100000e+01
961.877799	43730.619385	2.515400e-04	1.100000e+01
962.901702	43609.261021	2.522400e-04	1.100000e+01
963.925780	43498.892755	2.528800e-04	1.100000e+01
964.950317	43378.815364	2.535800e-04	1.100000e+01
965.974693	43278.120943	2.541700e-04	1.100000e+01
966.998343	43162.644693	2.548500e-04	1.100000e+01
968.021695	43061.264435	2.554500e-04	1.100000e+01
969.046404	42943.587742	2.561500e-04	1.100000e+01
970.071413	42821.550919	2.568800e-04	1.100000e+01
971.095675	42708.495108	2.575600e-04	1.100000e+01
972.119668	42589.437819	2.582800e-04	1.100000e+01
973.144154	42482.524234	2.589300e-04	1.100000e+01
974.168592	42377.778634	2.595700e-04	1.100000e+01
975.192498	42280.047661	2.601700e-04	1.100000e+01
976.216500	42176.296921	2.608100e-04	1.100000e+01
977.241110	42065.009560	2.615000e-04	1.100000e+01
978.265709	41962.310216	2.621400e-04	1.100000e+01
979.289515	41850.555471	2.628400e-04	1.100000e+01
980.313583	41774.267051	2.633200e-04	1.100000e+01
981.338028	41658.776747	2.640500e-04	1.100000e+01
982.362633	41556.479033	2.647000e-04	1.100000e+01
983.385830	41432.822329	2.654900e-04	1.100000e+01
984.409333	41328.524196	2.661600e-04	1.100000e+01
985.434981	41226.294880	2.668200e-04	1.100000e+01
986.459648	41116.884088	2.675300e-04	1.100000e+01
987.483615	41015.697826	2.681900e-04	1.100000e+01
988.507607	40918.052301	2.688300e-04	1.100000e+01
989.531584	40820.870598	2.694700e-04	1.100000e+01
990.555479	40736.214495	2.700300e-04	1.100000e+01
991.579550	40648.904327	2.706100e-04	1.100000e+01
992.604788	40569.447518	2.711400e-04	1.100000e+01
993.630396	40481.360174	2.717300e-04	1.100000e+01
994.655674	40404.040404	2.722500e-04	1.100000e+01
995.680857	40293.040293	2.730000e-04	1.100000e+01
996.704866	40145.985401	2.740000e-04	1.100000e+01
997.728861	40045.141796	2.746900e-04	1.100000e+01
998.753474	39949.155620	2.753500e-04	1.100000e+01
999.777852	39860.849398	2.759600e-04	1.100000e+01
1000.801521	39798.834980	2.763900e-04	1.100000e+01
1001.824721	39686.834795	2.771700e-04	1.100000e+01
1002.849517	39562.652856	2.780400e-04	1.100000e+01
1003.873802	39461.883408	2.787500e-04	1.100000e+01
1004.897521	39348.953676	2.795500e-04	1.100000e+01
1005.922002	39235.268940	2.803600e-04	1.100000e+01
1006.946143	39116.674371	2.812100e-04	1.100000e+01
1007.971495	39009.858855	2.819800e-04	1.100000e+01
1008.994898	38906.377109	2.827300e-04	1.100000e+01
1010.018888	38806.180766	2.834600e-04	1.100000e+01
1011.044054	38713.310340	2.841400e-04	1.100000e+01
1012.068904	38623.595506	2.848000e-04	1.100000e+01
1013.092557	38516.754788	2.855900e-04	1.100000e+01
1014.115952	38423.920637	2.862800e-04	1.100000e+01
1015.140402	38330.197226	2.869800e-04	1.100000e+01
1016.164923	38232.942894	2.877100e-04	1.100000e+01
1017.188968	38141.470180	2.884000e-04	1.100000e+01
1018.212933	38038.591880	2.891800e-04	1.100000e+01
1019.238053	37940.192460	2.899300e-04	1.100000e+01
1020.261652	37840.999002	2.906900e-04	1.100000e+01
1021.285544	37757.869083	2.913300e-04	1.100000e+01
1022.308836	37700.928814	2.917700e-04	1.100000e+01
1023.333836	37602.980891	2.925300e-04	1.100000e+01
1024.357913	37494.035040	2.933800e-04	1.100000e+01
1025.381823	37392.072881	2.941800e-04	1.100000e+01
1026.406762	37293.192297	2.949600e-04	1.100000e+01
1027.431917	37201.122798	2.956900e-04	1.100000e+01
1028.456189	37099.494098	2.965000e-04	1.100000e+01
1029.479939	37010.867737	2.972100e-04	1.100000e+01
1030.505058	36920.185272	2.979400e-04	1.100000e+01
1031.529549	36825.014228	2.987100e-04	1.100000e+01
1032.555363	36729.106147	2.994900e-04	1.100000e+01
1033.579927	36649.563537	3.001400e-04	1.100000e+01
1034.603784	36556.995680	3.009000e-04	1.100000e+01
1035.627064	36474.567279	3.015800e-04	1.100000e+01
1036.651391	36375.661376	3.024000e-04	1.100000e+01
1037.676863	36302.432263	3.030100e-04	1.100000e+01
1038.700631	36202.073391	3.038500e-04	1.100000e+01
1039.723835	36111.749450	3.046100e-04	1.100000e+01
1040.748803	36025.414292	3.053400e-04	1.100000e+01
1041.772107	35947.712418	3.060000e-04	1.100000e+01
1042.796650	35849.302568	3.068400e-04	1.100000e+01
1043.820627	35760.728218	3.076000e-04	1.100000e+01
1044.844775	35666.807172	3.084100e-04	1.100000e+01
1045.869730	35567.626993	3.092700e-04	1.100000e+01
1046.893056	35473.572189	3.100900e-04	1.100000e+01
1047.916903	35385.704176	3.108600e-04	1.100000e+01
1048.941652	35298.270385	3.116300e-04	1.100000e+01
1049.965888	35213.521992	3.123800e-04	1.100000e+01
1050.989691	35133.667636	3.130900e-04	1.100000e+01
1052.012835	35051.940603	3.138200e-04	1.100000e+01
1053.037549	34975.040539	3.145100e-04	1.100000e+01
1054.061915	34896.262927	3.152200e-04	1.100000e+01
1055.085674	34827.760892	3.158400e-04	1.100000e+01
1056.108834	34741.961973	3.166200e-04	1.100000e+01
1057.133184	34657.676675	3.173900e-04	1.100000e+01
1058.158041	34553.164756	3.183500e-04	1.100000e+01
1059.182037	34462.232526	3.191900e-04	1.100000e+01
1060.206676	34369.629745	3.200500e-04	1.100000e+01
1061.230587	34277.523293	3.209100e-04	1.100000e+01
1062.255657	34179.535780	3.218300e-04	1.100000e+01
1063.280101	34089.500434	3.226800e-04	1.100000e+01
1064.304155	34023.073830	3.233100e-04	1.100000e+01
1065.328618	33953.761151	3.239700e-04	1.100000e+01
1066.353135	33877.425316	3.247000e-04	1.100000e+01
1067.377907	33799.354740	3.254500e-04	1.100000e+01
1068.401170	33743.366361	3.259900e-04	1.100000e+01
1069.424095	33665.911734	3.267400e-04	1.100000e+01
1070.447601	33576.508654	3.276100e-04	1.100000e+01
1071.470982	33513.085337	3.282300e-04	1.100000e+01
1072.494964	33412.307879	3.292200e-04	1.100000e+01
1073.519516	33323.235383	3.301000e-04	1.100000e+01
1074.544254	33281.897673	3.305100e-04	1.100000e+01
1075.568094	33194.519887	3.313800e-04	1.100000e+01
1076.591986	33099.629886	3.323300e-04	1.100000e+01
1077.616257	33015.186986	3.331800e-04	1.100000e+01
1078.641043	32976.586623	3.335700e-04	1.100000e+01
1079.665651	32908.514330	3.342600e-04	1.100000e+01
1080.690695	32810.356142	3.352600e-04	1.100000e+01
1081.714712	32718.619869	3.362000e-04	1.100000e+01
1082.738897	32676.826189	3.366300e-04	1.100000e+01
1083.763028	32602.252519	3.374000e-04	1.100000e+01
1084.787068	32489.588564	3.385700e-04	1.100000e+01
1085.810316	32397.726269	3.395300e-04	1.100000e+01
1086.834812	32299.741602	3.405600e-04	1.100000e+01
1087.858852	32208.948231	3.415200e-04	1.100000e+01
1088.882222	32124.291805	3.424200e-04	1.100000e+01
1089.906439	32040.079226	3.433200e-04	1.100000e+01
1090.931006	31962.806916	3.441500e-04	1.100000e+01
1091.955188	31881.285685	3.450300e-04	1.100000e+01
1092.979263	31801.098583	3.459000e-04	1.100000e+01
1094.003639	31737.788165	3.465900e-04	1.100000e+01
1095.028196	31667.434362	3.473600e-04	1.100000e+01
1096.051920	31592.854271	3.481800e-04	1.100000e+01
1097.076052	31507.791017	3.491200e-04	1.100000e+01
1098.100620	31415.107811	3.501500e-04	1.100000e+01
1099.124817	31336.353018	3.510300e-04	1.100000e+01
1100.149780	31261.545457	3.518700e-04	1.100000e+01
1101.173119	31182.673773	3.527600e-04	1.100000e+01
1102.197416	31099.802092	3.537000e-04	1.100000e+01
1103.222002	31019.119057	3.546200e-04	1.100000e+01
1104.245986	30939.723793	3.555300e-04	1.100000e+01
1105.269960	30855.539972	3.565000e-04	1.100000e+01
1106.293798	30770.091471	3.574900e-04	1.100000e+01
1107.317725	30701.387144	3.582900e-04	1.100000e+01
1108.341858	30641.522048	3.589900e-04	1.100000e+01
1109.365225	30577.639406	3.597400e-04	1.100000e+01
1110.389746	30502.176746	3.606300e-04	1.100000e+01
1111.413833	30429.610778	3.614900e-04	1.100000e+01
1112.438861	30354.038467	3.623900e-04	1.100000e+01
1113.462884	30278.840596	3.632900e-04	1.100000e+01
1114.487203	30204.014388	3.641900e-04	1.100000e+01
1115.512047	30118.832485	3.652200e-04	1.100000e+01
1116.537195	30031.669761	3.662800e-04	1.100000e+01
1117.561930	29950.717456	3.672700e-04	1.100000e+01
1118.585841	29877.502241	3.681700e-04	1.100000e+01
1119.610651	29796.570686	3.691700e-04	1.100000e+01
1120.635165	29717.682021	3.701500e-04	1.100000e+01
1121.659102	29646.399310	3.710400e-04	1.100000e+01
1122.684252	29582.616179	3.718400e-04	1.100000e+01
1123.708639	29514.354709	3.727000e-04	1.100000e+01
1124.733234	29441.678711	3.736200e-04	1.100000e+01
1125.757152	29378.772501	3.744200e-04	1.100000e+01
1126.781089	29309.885425	3.753000e-04	1.100000e+01
1127.805151	29242.875372	3.761600e-04	1.100000e+01
1128.829267	29176.944909	3.770100e-04	1.100000e+01
1129.853354	29099.759266	3.780100e-04	1.100000e+01
1130.877382	29029.874380	3.789200e-04	1.100000e+01
1131.901901	28955.750349	3.798900e-04	1.100000e+01
1132.926221	28886.554622	3.808000e-04	1.100000e+01
1133.950046	28822.219311	3.816500e-04	1.100000e+01
1134.973396	28750.653424	3.826000e-04	1.100000e+01
1135.997092	28683.929177	3.834900e-04	1.100000e+01
1137.022014	28619.747626	3.843500e-04	1.100000e+01
1138.046106	28559.559664	3.851600e-04	1.100000e+01
1139.070196	28509.965529	3.858300e-04	1.100000e+01
1140.094056	28462.752607	3.864700e-04	1.100000e+01
1141.118060	28389.294655	3.874700e-04	1.100000e+01
1142.142173	28305.285369	3.886200e-04	1.100000e+01
1143.166010	28210.191573	3.899300e-04	1.100000e+01
1144.190142	28130.833951	3.910300e-04	1.100000e+01
1145.214353	28055.498878	3.920800e-04	1.100000e+01
1146.238251	27981.277981	3.931200e-04	1.100000e+01
1147.262517	27901.077996	3.942500e-04	1.100000e+01
1148.286582	27827.670824	3.952900e-04	1.100000e+01
1149.311095	27764.456448	3.961900e-04	1.100000e+01
1150.335866	27700.133464	3.971100e-04	1.100000e+01
1151.360026	27639.579878	3.979800e-04	1.100000e+01
1152.384936	27576.524856	3.988900e-04	1.100000e+01
1153.409327	27519.263484	3.997200e-04	1.100000e+01
1154.435081	27447.164209	4.007700e-04	1.100000e+01
1155.458465	27390.438247	4.016000e-04	1.100000e+01
1156.482498	27340.060645	4.023400e-04	1.100000e+01
1157.506113	27277.010440	4.032700e-04	1.100000e+01
1158.530107	27205.500458	4.043300e-04	1.100000e+01
1159.553892	27137.042062	4.053500e-04	1.100000e+01
1160.577764	27061.602047	4.064800e-04	1.100000e+01
1161.602173	26987.242395	4.076000e-04	1.100000e+01
1162.627492	26908.681719	4.087900e-04	1.100000e+01
1163.652024	26840.397238	4.098300e-04	1.100000e+01
1164.674261	26773.110062	4.108600e-04	1.100000e+01
1165.698333	26714.591024	4.117600e-04	1.100000e+01
1166.723148	26650.514839	4.127500e-04	1.100000e+01
1167.747187	26595.101666	4.136100e-04	1.100000e+01
1168.771377	26528.397444	4.146500e-04	1.100000e+01
1169.795211	26459.480913	4.157300e-04	1.100000e+01
1170.819326	26392.187912	4.167900e-04	1.100000e+01
1171.843100	26318.937672	4.179500e-04	1.100000e+01
1172.866770	26242.336045	4.191700e-04	1.100000e+01
1173.891084	26173.650272	4.202700e-04	1.100000e+01
1174.915280	26103.464642	4.214000e-04	1.100000e+01
1175.939262	26042.283198	4.223900e-04	1.100000e+01
1176.963480	25983.842774	4.233400e-04	1.100000e+01
1177.992967	25924.442035	4.243100e-04	1.100000e+01
1179.019837	25865.920474	4.252700e-04	1.100000e+01
1180.044163	25808.268031	4.262200e-04	1.100000e+01
1181.068335	25748.460944	4.272100e-04	1.100000e+01
1182.092501	25689.530349	4.281900e-04	1.100000e+01
1183.116551	25615.350581	4.294300e-04	1.100000e+01
1184.140470	25546.936690	4.305800e-04	1.100000e+01
1185.164470	25478.297123	4.317400e-04	1.100000e+01
1186.188735	25415.896488	4.328000e-04	1.100000e+01
1187.211499	25358.476647	4.337800e-04	1.100000e+01
1188.235092	25290.263249	4.349500e-04	1.100000e+01
1189.257305	25220.102715	4.361600e-04	1.100000e+01
1190.281268	25157.808069	4.372400e-04	1.100000e+01
1191.305401	25094.102886	4.383500e-04	1.100000e+01
1192.329287	25030.719519	4.394600e-04	1.100000e+01
1193.353077	24965.388893	4.406100e-04	1.100000e+01
1194.377077	24905.472412	4.416700e-04	1.100000e+01
1195.402332	24832.381425	4.429700e-04	1.100000e+01
1196.426291	24772.543014	4.440400e-04	1.100000e+01
1197.450408	24715.213337	4.450700e-04	1.100000e+01
1198.474601	24652.622143	4.462000e-04	1.100000e+01
1199.499160	24598.595644	4.471800e-04	1.100000e+01
1200.523340	24543.162498	4.481900e-04	1.100000e+01
1201.547212	24475.446677	4.494300e-04	1.100000e+01
1202.572065	24422.193113	4.504100e-04	1.100000e+01
1203.596254	24361.614954	4.515300e-04	1.100000e+01
1204.620276	24306.706441	4.525500e-04	1.100000e+01
1205.644407	24248.302619	4.536400e-04	1.100000e+01
1206.668471	24189.646831	4.547400e-04	1.100000e+01
1207.692467	24127.039832	4.559200e-04	1.100000e+01
1208.716247	24065.809049	4.570800e-04	1.100000e+01
1209.740161	23999.650914	4.583400e-04	1.100000e+01
1210.764246	23939.585192	4.594900e-04	1.100000e+01
1211.789112	23875.672860	4.607200e-04	1.100000e+01
1212.812587	23816.225345	4.618700e-04	1.100000e+01
1213.836587	23751.943341	4.631200e-04	1.100000e+01
1214.861353	23695.151110	4.642300e-04	1.100000e+01
1215.885607	23635.074450	4.654100e-04	1.100000e+01
1216.909334	23577.828268	4.665400e-04	1.100000e+01
1217.933653	23518.847149	4.677100e-04	1.100000e+01
1218.958064	23464.163823	4.688000e-04	1.100000e+01
1219.982389	23410.730628	4.698700e-04	1.100000e+01
1221.006355	23355.556499	4.709800e-04	1.100000e+01
1222.030307	23294.720569	4.722100e-04	1.100000e+01
1223.054743	23245.002325	4.732200e-04	1.100000e+01
1224.079206	23191.094620	4.743200e-04	1.100000e+01
1225.103492	23133.057139	4.755100e-04	1.100000e+01
1226.127416	23071.437560	4.767800e-04	1.100000e+01
1227.152455	23010.145382	4.780500e-04	1.100000e+01
1228.176279	22952.051079	4.792600e-04	1.100000e+01
1229.201300	22897.585346	4.804000e-04	1.100000e+01
1230.225688	22843.851889	4.815300e-04	1.100000e+01
1231.249711	22785.649184	4.827600e-04	1.100000e+01
1232.273639	22723.516774	4.840800e-04	1.100000e+01
1233.297599	22664.523839	4.853400e-04	1.100000e+01
1234.321539	22605.371858	4.866100e-04	1.100000e+01
1235.345659	22548.838735	4.878300e-04	1.100000e+01
1236.369621	22496.727749	4.889600e-04	1.100000e+01
1237.393560	22443.941156	4.901100e-04	1.100000e+01
1238.417378	22391.401702	4.912600e-04	1.100000e+01
1239.441810	22337.293126	4.924500e-04	1.100000e+01
1240.465416	22276.676320	4.937900e-04	1.100000e+01
1241.489557	22217.733791	4.951000e-04	1.100000e+01
1242.512817	22158.655977	4.964200e-04	1.100000e+01
1243.536265	22095.452354	4.978400e-04	1.100000e+01
1244.561407	22040.996253	4.990700e-04	1.100000e+01
1245.585421	21990.763879	5.002100e-04	1.100000e+01
1246.609604	21940.759948	5.013500e-04	1.100000e+01
1247.634377	21886.191803	5.026000e-04	1.100000e+01
1248.658658	21833.194395	5.038200e-04	1.100000e+01
1249.682723	21781.746896	5.050100e-04	1.100000e+01
1250.706754	21731.829227	5.061700e-04	1.100000e+01
1251.730962	21674.022699	5.075200e-04	1.100000e+01
1252.755643	21622.046625	5.087400e-04	1.100000e+01
1253.780445	21577.512309	5.097900e-04	1.100000e+01
1254.804575	21532.739552	5.108500e-04	1.100000e+01
1255.827929	21482.277121	5.120500e-04	1.100000e+01
1256.850660	21433.721089	5.132100e-04	1.100000e+01
1257.874596	21387.047226	5.143300e-04	1.100000e+01
1258.898553	21337.678461	5.155200e-04	1.100000e+01
1259.922556	21288.537090	5.167100e-04	1.100000e+01
1260.946621	21241.672299	5.178500e-04	1.100000e+01
1261.970762	21191.746778	5.190700e-04	1.100000e+01
1262.994664	21142.461751	5.202800e-04	1.100000e+01
1264.018893	21098.260353	5.213700e-04	1.100000e+01
1265.042628	21040.550880	5.228000e-04	1.100000e+01
1266.066511	20993.568334	5.239700e-04	1.100000e+01
1267.090492	20945.199741	5.251800e-04	1.100000e+01
1268.115072	20897.053515	5.263900e-04	1.100000e+01
1269.138863	20844.782172	5.277100e-04	1.100000e+01
1270.162804	20787.663467	5.291600e-04	1.100000e+01
1271.186640	20725.779101	5.307400e-04	1.100000e+01
1272.210955	20687.969006	5.317100e-04	1.100000e+01
1273.236383	20654.561842	5.325700e-04	1.100000e+01
1274.259806	20628.610007	5.332400e-04	1.100000e+01
1275.283710	20607.741017	5.337800e-04	1.100000e+01
1276.307892	20586.528924	5.343300e-04	1.100000e+01
1277.331617	20566.898512	5.348400e-04	1.100000e+01
1278.356497	20546.154134	5.353800e-04	1.100000e+01
1279.380673	20525.834562	5.359100e-04	1.100000e+01
1280.404724	20508.613618	5.363600e-04	1.100000e+01
1281.428809	20486.460312	5.369400e-04	1.100000e+01
1282.452909	20467.781851	5.374300e-04	1.100000e+01
1283.476856	20446.096654	5.380000e-04	1.100000e+01
1284.502412	20432.803938	5.383500e-04	1.100000e+01
1285.528895	20416.117597	5.387900e-04	1.100000e+01
1286.553718	20401.350198	5.391800e-04	1.100000e+01
1287.577592	20384.337416	5.396300e-04	1.100000e+01
1288.601764	20373.765998	5.399100e-04	1.100000e+01
1289.626183	20362.074710	5.402200e-04	1.100000e+01
1290.650599	20348.514558	5.405800e-04	1.100000e+01
1291.673809	20337.604230	5.408700e-04	1.100000e+01
1292.697576	20322.199231	5.412800e-04	1.100000e+01
1293.722340	20304.568528	5.417500e-04	1.100000e+01
1294.747726	20285.846012	5.422500e-04	1.100000e+01
1295.771482	20272.387166	5.426100e-04	1.100000e+01
1296.796528	20250.740993	5.431900e-04	1.100000e+01
1297.821236	20233.978368	5.436400e-04	1.100000e+01
1298.845603	20214.271276	5.441700e-04	1.100000e+01
1299.869715	20199.423398	5.445700e-04	1.100000e+01
1300.893723	20184.597317	5.449700e-04	1.100000e+01
1301.918111	20178.672977	5.451300e-04	1.100000e+01
1302.942712	20163.507717	5.455400e-04	1.100000e+01
1303.966664	20148.734293	5.459400e-04	1.100000e+01
1304.990589	20132.140046	5.463900e-04	1.100000e+01
1306.014702	20118.884316	5.467500e-04	1.100000e+01
1307.038845	20108.218777	5.470400e-04	1.100000e+01
1308.062946	20105.646031	5.471100e-04	1.100000e+01
1309.088494	20089.856449	5.475400e-04	1.100000e+01
1310.112676	20083.987584	5.477000e-04	1.100000e+01
1311.136585	20074.824345	5.479500e-04	1.100000e+01
1312.161622	20064.571439	5.482300e-04	1.100000e+01
1313.185600	20049.942584	5.486300e-04	1.100000e+01
1314.209883	20037.889828	5.489600e-04	1.100000e+01
1315.234174	20019.655662	5.494600e-04	1.100000e+01
1316.259505	20006.183730	5.498300e-04	1.100000e+01
1317.282903	19996.000800	5.501100e-04	1.100000e+01
1318.306935	19975.303261	5.506800e-04	1.100000e+01
1319.331886	19963.340048	5.510100e-04	1.100000e+01
1320.356812	19952.476828	5.513100e-04	1.100000e+01
1321.380704	19938.372304	5.517000e-04	1.100000e+01
1322.404564	19925.731365	5.520500e-04	1.100000e+01
1323.428290	19914.548483	5.523600e-04	1.100000e+01
1324.452720	19905.178966	5.526200e-04	1.100000e+01
1325.476964	19893.299575	5.529500e-04	1.100000e+01
1326.500788	19881.075024	5.532900e-04	1.100000e+01
1327.525542	19871.019022	5.535700e-04	1.100000e+01
1328.550075	19862.049041	5.538200e-04	1.100000e+01
1329.574796	19849.504665	5.541700e-04	1.100000e+01
1330.599586	19839.838395	5.544400e-04	1.100000e+01
1331.624055	19833.041848	5.546300e-04	1.100000e+01
1332.650047	19823.391602	5.549000e-04	1.100000e+01
1333.674009	19816.606316	5.550900e-04	1.100000e+01
1334.697998	19812.680115	5.552000e-04	1.100000e+01
1335.722065	19807.328712	5.553500e-04	1.100000e+01
1336.746925	19799.841601	5.555600e-04	1.100000e+01
1337.770758	19791.647925	5.557900e-04	1.100000e+01
1338.794625	19782.037910	5.560600e-04	1.100000e+01
1339.818977	19773.148065	5.563100e-04	1.100000e+01
1340.843088	19763.556003	5.565800e-04	1.100000e+01
1341.867080	19750.071818	5.569600e-04	1.100000e+01
1342.890950	19736.606021	5.573400e-04	1.100000e+01
1343.914574	19727.403156	5.576000e-04	1.100000e+01
1344.942301	19715.734949	5.579300e-04	1.100000e+01
1345.967651	19703.727587	5.582700e-04	1.100000e+01
1346.991071	19691.382335	5.586200e-04	1.100000e+01
1348.015105	19676.940415	5.590300e-04	1.100000e+01
1349.039990	19668.144758	5.592800e-04	1.100000e+01
1350.064031	19660.411081	5.595000e-04	1.100000e+01
1351.088019	19654.088050	5.596800e-04	1.100000e+01
1352.112022	19647.769085	5.598600e-04	1.100000e+01
1353.136823	19644.961960	5.599400e-04	1.100000e+01
1354.160070	19638.648861	5.601200e-04	1.100000e+01
1355.183016	19635.493833	5.602100e-04	1.100000e+01
1356.206061	19629.887396	5.603700e-04	1.100000e+01
1357.232561	19627.085378	5.604500e-04	1.100000e+01
1358.256757	19614.835949	5.608000e-04	1.100000e+01
1359.280167	19602.252477	5.611600e-04	1.100000e+01
1360.303845	19593.174451	5.614200e-04	1.100000e+01
1361.328329	19580.618748	5.617800e-04	1.100000e+01
1362.352084	19573.650308	5.619800e-04	1.100000e+01
1363.376015	19564.250778	5.622500e-04	1.100000e+01
1364.400173	19551.037094	5.626300e-04	1.100000e+01
1365.424843	19550.689606	5.626400e-04	1.100000e+01
1366.449027	19547.910151	5.627200e-04	1.100000e+01
1367.473048	19543.742449	5.628400e-04	1.100000e+01
1368.497130	19538.882376	5.629800e-04	1.100000e+01
1369.521341	19534.371615	5.631100e-04	1.100000e+01
1370.545706	19522.584080	5.634500e-04	1.100000e+01
1371.569058	19518.773511	5.635600e-04	1.100000e+01
1372.592844	19516.695646	5.636200e-04	1.100000e+01
1373.617666	19512.541242	5.637400e-04	1.100000e+01
1374.641917	19508.042634	5.638700e-04	1.100000e+01
1375.666058	19502.854509	5.640200e-04	1.100000e+01
1376.690179	19495.250248	5.642400e-04	1.100000e+01
1377.714258	19484.890353	5.645400e-04	1.100000e+01
1378.738033	19481.784531	5.646300e-04	1.100000e+01
1379.761898	19474.196689	5.648500e-04	1.100000e+01
1380.786424	19467.992850	5.650300e-04	1.100000e+01
1381.810909	19467.648308	5.650400e-04	1.100000e+01
1382.835157	19462.481643	5.651900e-04	1.100000e+01
1383.858888	19460.071472	5.652600e-04	1.100000e+01
1384.883968	19458.006085	5.653200e-04	1.100000e+01
1385.909705	19453.876627	5.654400e-04	1.100000e+01
1386.934223	19451.468586	5.655100e-04	1.100000e+01
1387.957707	19458.006085	5.653200e-04	1.100000e+01
1388.980950	19445.966730	5.656700e-04	1.100000e+01
1390.005235	19434.628975	5.660000e-04	1.100000e+01
1391.032101	19425.362460	5.662700e-04	1.100000e+01
1392.057256	19414.391359	5.665900e-04	1.100000e+01
1393.081937	19410.622905	5.667000e-04	1.100000e+01
1394.105909	19408.225559	5.667700e-04	1.100000e+01
1395.130794	19406.513532	5.668200e-04	1.100000e+01
1396.155157	19401.379262	5.669700e-04	1.100000e+01
1397.179073	19402.748135	5.669300e-04	1.100000e+01
1398.204185	19400.694898	5.669900e-04	1.100000e+01
1399.228810	19397.957924	5.670700e-04	1.100000e+01
1400.253002	19390.093425	5.673000e-04	1.100000e+01
1401.276838	19385.309460	5.674400e-04	1.100000e+01
1402.300242	19379.503532	5.676100e-04	1.100000e+01
1403.324656	19377.455212	5.676700e-04	1.100000e+01
1404.349782	19367.561096	5.679600e-04	1.100000e+01
1405.374201	19359.039792	5.682100e-04	1.100000e+01
1406.398014	19355.292793	5.683200e-04	1.100000e+01
1407.421992	19347.803145	5.685400e-04	1.100000e+01
1408.446054	19342.699889	5.686900e-04	1.100000e+01
1409.469966	19339.299214	5.687900e-04	1.100000e+01
1410.493865	19333.520810	5.689600e-04	1.100000e+01
1411.517459	19329.104360	5.690900e-04	1.100000e+01
1412.541247	19326.727107	5.691600e-04	1.100000e+01
1413.565166	19327.745858	5.691300e-04	1.100000e+01
1414.589780	19322.653176	5.692800e-04	1.100000e+01
1415.614748	19315.188762	5.695000e-04	1.100000e+01
1416.639366	19308.746862	5.696900e-04	1.100000e+01
1417.663154	19318.920248	5.693900e-04	1.100000e+01
1418.688239	19317.223939	5.694400e-04	1.100000e+01
1419.713393	19311.458717	5.696100e-04	1.100000e+01
1420.738257	19305.358114	5.697900e-04	1.100000e+01
1421.762864	19298.922769	5.699800e-04	1.100000e+01
1422.786219	19289.446919	5.702600e-04	1.100000e+01
1423.810059	19286.064941	5.703600e-04	1.100000e+01
1424.834224	19280.656243	5.705200e-04	1.100000e+01
1425.858876	19278.290892	5.705900e-04	1.100000e+01
1426.882338	19269.510379	5.708500e-04	1.100000e+01
1427.906514	19261.749667	5.710800e-04	1.100000e+01
1428.930233	19258.714568	5.711700e-04	1.100000e+01
1429.954031	19254.669257	5.712900e-04	1.100000e+01
1430.977857	19253.658195	5.713200e-04	1.100000e+01
1432.001554	19244.900101	5.715800e-04	1.100000e+01
1433.024933	19242.880134	5.716400e-04	1.100000e+01
1434.049923	19237.159196	5.718100e-04	1.100000e+01
1435.073300	19230.769231	5.720000e-04	1.100000e+01
1436.097715	19224.383509	5.721900e-04	1.100000e+01
1437.122089	19222.703761	5.722400e-04	1.100000e+01
1438.145955	19218.673562	5.723600e-04	1.100000e+01
1439.169172	19217.666276	5.723900e-04	1.100000e+01
1440.193336	19216.994811	5.724100e-04	1.100000e+01
1441.217110	19228.752229	5.720600e-04	1.100000e+01
1442.240366	19235.477215	5.718600e-04	1.100000e+01
1443.264197	19238.841472	5.717600e-04	1.100000e+01
1444.288341	19231.105439	5.719900e-04	1.100000e+01
1445.312332	19231.441659	5.719800e-04	1.100000e+01
1446.336341	19241.533725	5.716800e-04	1.100000e+01
1447.361026	19243.553410	5.716200e-04	1.100000e+01
1448.386121	19231.441659	5.719800e-04	1.100000e+01
1449.410579	19216.994811	5.724100e-04	1.100000e+01
1450.434446	19206.257748	5.727300e-04	1.100000e+01
1451.458397	19199.888292	5.729200e-04	1.100000e+01
1452.482785	19191.848698	5.731600e-04	1.100000e+01
1453.509164	19188.500855	5.732600e-04	1.100000e+01
1454.532980	19180.470793	5.735000e-04	1.100000e+01
1455.556998	19175.789694	5.736400e-04	1.100000e+01
1456.581180	19170.442663	5.738000e-04	1.100000e+01
1457.605246	19170.776765	5.737900e-04	1.100000e+01
1458.629309	19166.100396	5.739300e-04	1.100000e+01
1459.653170	19156.754497	5.742100e-04	1.100000e+01
1460.676776	19154.419447	5.742800e-04	1.100000e+01
1461.702140	19151.418075	5.743700e-04	1.100000e+01
1462.727045	19150.084434	5.744100e-04	1.100000e+01
1463.750337	19147.084421	5.745000e-04	1.100000e+01
1464.777792	19146.417879	5.745200e-04	1.100000e+01
1465.801900	19145.084935	5.745600e-04	1.100000e+01
1466.826379	19144.085348	5.745900e-04	1.100000e+01
1467.850396	19148.750979	5.744500e-04	1.100000e+01
1468.874502	19145.751384	5.745400e-04	1.100000e+01
1469.898992	19139.088979	5.747400e-04	1.100000e+01
1470.922076	19129.769399	5.750200e-04	1.100000e+01
1471.947157	19124.780500	5.751700e-04	1.100000e+01
1472.971293	19122.120817	5.752500e-04	1.100000e+01
1473.995211	19124.447999	5.751800e-04	1.100000e+01
1475.019329	19122.785668	5.752300e-04	1.100000e+01
1476.043025	19121.456012	5.752700e-04	1.100000e+01
1477.067248	19120.126540	5.753100e-04	1.100000e+01
1478.096311	19114.478349	5.754800e-04	1.100000e+01
1479.120508	19109.497420	5.756300e-04	1.100000e+01
1480.144298	19104.519087	5.757800e-04	1.100000e+01
1481.169978	19102.196753	5.758500e-04	1.100000e+01
1482.194066	19100.206630	5.759100e-04	1.100000e+01
1483.218594	19095.896118	5.760400e-04	1.100000e+01
1484.243531	19091.256205	5.761800e-04	1.100000e+01
1485.267462	19086.618545	5.763200e-04	1.100000e+01
1486.291496	19087.280930	5.763000e-04	1.100000e+01
1487.315985	19092.250282	5.761500e-04	1.100000e+01
1488.340227	19100.206630	5.759100e-04	1.100000e+01
1489.363963	19102.196753	5.758500e-04	1.100000e+01
1490.387461	19099.874983	5.759200e-04	1.100000e+01
1491.411456	19100.206630	5.759100e-04	1.100000e+01
1492.435501	19097.885343	5.759800e-04	1.100000e+01
1493.459021	19093.244463	5.761200e-04	1.100000e+01
1494.483285	19087.280930	5.763000e-04	1.100000e+01
1495.508180	19087.943361	5.762800e-04	1.100000e+01
1496.533128	19084.631667	5.763800e-04	1.100000e+01
1497.557449	19080.659150	5.765000e-04	1.100000e+01
1498.581439	19076.688287	5.766200e-04	1.100000e+01
1499.606933	19077.349983	5.766000e-04	1.100000e+01
1500.631092	19076.688287	5.766200e-04	1.100000e+01
1501.655328	19075.365033	5.766600e-04	1.100000e+01
1502.679390	19078.342612	5.765700e-04	1.100000e+01
1503.704645	19094.901661	5.760700e-04	1.100000e+01
1504.728169	19083.969466	5.764000e-04	1.100000e+01
1505.753234	19074.041963	5.767000e-04	1.100000e+01
1506.776945	19083.969466	5.764000e-04	1.100000e+01
1507.800347	19087.280930	5.763000e-04	1.100000e+01
1508.824017	19092.250282	5.761500e-04	1.100000e+01
1509.847983	19087.943361	5.762800e-04	1.100000e+01
1510.871546	19090.593544	5.762000e-04	1.100000e+01
1511.895492	19106.178243	5.757300e-04	1.100000e+01
1512.919479	19102.528480	5.758400e-04	1.100000e+01
1513.943357	19089.599639	5.762300e-04	1.100000e+01
1514.967302	19083.307311	5.764200e-04	1.100000e+01
1515.991884	19072.057702	5.767600e-04	1.100000e+01
1517.016385	19070.073853	5.768200e-04	1.100000e+01
1518.040475	19061.151640	5.770900e-04	1.100000e+01
1519.064565	19060.491068	5.771100e-04	1.100000e+01
1520.088183	19051.907789	5.773700e-04	1.100000e+01
1521.113324	19042.013606	5.776700e-04	1.100000e+01
1522.137481	19035.752604	5.778600e-04	1.100000e+01
1523.161428	19033.776301	5.779200e-04	1.100000e+01
1524.186074	19023.242944	5.782400e-04	1.100000e+01
1525.210420	19017.651839	5.784100e-04	1.100000e+01
1526.234341	19014.693172	5.785000e-04	1.100000e+01
1527.258539	19012.721239	5.785600e-04	1.100000e+01
1528.282750	19012.064019	5.785800e-04	1.100000e+01
1529.306534	19011.406844	5.786000e-04	1.100000e+01
1530.330101	19011.406844	5.786000e-04	1.100000e+01
1531.353454	19009.435593	5.786600e-04	1.100000e+01
1532.378012	19011.078274	5.786100e-04	1.100000e+01
1533.402577	19007.136316	5.787300e-04	1.100000e+01
1534.425690	19008.450120	5.786900e-04	1.100000e+01
1535.451361	19005.494316	5.787800e-04	1.100000e+01
1536.475767	19006.807893	5.787400e-04	1.100000e+01
1537.500503	19003.195992	5.788500e-04	1.100000e+01
1538.525409	18998.929151	5.789800e-04	1.100000e+01
1539.550177	18995.320244	5.790900e-04	1.100000e+01
1540.573642	18994.336234	5.791200e-04	1.100000e+01
1541.599750	18988.106541	5.793100e-04	1.100000e+01
1542.624404	18988.762105	5.792900e-04	1.100000e+01
1543.648342	18987.123278	5.793400e-04	1.100000e+01
1544.672525	18982.536067	5.794800e-04	1.100000e+01
1545.697316	18976.641479	5.796600e-04	1.100000e+01
1546.721565	18976.314110	5.796700e-04	1.100000e+01
1547.745269	18969.114832	5.798900e-04	1.100000e+01
1548.769642	18970.750552	5.798400e-04	1.100000e+01
1549.793758	18970.096230	5.798600e-04	1.100000e+01
1550.818312	18968.133536	5.799200e-04	1.100000e+01
1551.842283	18973.695558	5.797500e-04	1.100000e+01
1552.865655	18982.208494	5.794900e-04	1.100000e+01
1553.890151	18980.243292	5.795500e-04	1.100000e+01
1554.914607	18978.278498	5.796100e-04	1.100000e+01
1555.938511	18976.968861	5.796500e-04	1.100000e+01
1556.962305	18973.695558	5.797500e-04	1.100000e+01
1557.986585	18974.022838	5.797400e-04	1.100000e+01
1559.011271	18972.059331	5.798000e-04	1.100000e+01
1560.034904	18969.114832	5.798900e-04	1.100000e+01
1561.059627	18966.171247	5.799800e-04	1.100000e+01
1562.084204	18964.863281	5.800200e-04	1.100000e+01
1563.108414	18959.306434	5.801900e-04	1.100000e+01
1564.132419	18960.613634	5.801500e-04	1.100000e+01
1565.155877	18964.536317	5.800300e-04	1.100000e+01
1566.181039	18967.806459	5.799300e-04	1.100000e+01
1567.204583	18962.901669	5.800800e-04	1.100000e+01
1568.228508	18955.712562	5.803000e-04	1.100000e+01
1569.252590	18961.594153	5.801200e-04	1.100000e+01
1570.277272	18975.332068	5.797000e-04	1.100000e+01
1571.302160	18976.968861	5.796500e-04	1.100000e+01
1572.326063	18966.171247	5.799800e-04	1.100000e+01
1573.350521	18966.825298	5.799600e-04	1.100000e+01
1574.374178	18959.306434	5.801900e-04	1.100000e+01
1575.398326	18953.752843	5.803600e-04	1.100000e+01
1576.421664	18953.426263	5.803700e-04	1.100000e+01
1577.445415	18951.467016	5.804300e-04	1.100000e+01
1578.469719	18950.161076	5.804700e-04	1.100000e+01
1579.493483	18948.855317	5.805100e-04	1.100000e+01
1580.517723	18946.244338	5.805900e-04	1.100000e+01
1581.541615	18945.591705	5.806100e-04	1.100000e+01
1582.566913	18944.286575	5.806500e-04	1.100000e+01
1583.591533	18940.372264	5.807700e-04	1.100000e+01
1584.615401	18937.763622	5.808500e-04	1.100000e+01
1585.640486	18935.155699	5.809300e-04	1.100000e+01
1586.665424	18934.829759	5.809400e-04	1.100000e+01
1587.689597	18932.222643	5.810200e-04	1.100000e+01
1588.714405	18931.570976	5.810400e-04	1.100000e+01
1589.737831	18927.010565	5.811800e-04	1.100000e+01
1590.761784	18921.801355	5.813400e-04	1.100000e+01
1591.785542	18923.103389	5.813000e-04	1.100000e+01
1592.809505	18920.174066	5.813900e-04	1.100000e+01
1593.832603	18916.269712	5.815100e-04	1.100000e+01
1594.856379	18917.245649	5.814800e-04	1.100000e+01
1595.880139	18917.245649	5.814800e-04	1.100000e+01
1596.903543	18915.619143	5.815300e-04	1.100000e+01
1597.927772	18921.150406	5.813600e-04	1.100000e+01
1598.952174	18928.639031	5.811300e-04	1.100000e+01
1599.977060	18931.570976	5.810400e-04	1.100000e+01
1601.000880	18930.919354	5.810600e-04	1.100000e+01
1602.024820	18942.655416	5.807000e-04	1.100000e+01
1603.048720	18932.874355	5.810000e-04	1.100000e+01
1604.072564	18931.245160	5.810500e-04	1.100000e+01
1605.096797	18927.661918	5.811600e-04	1.100000e+01
1606.120727	18922.777864	5.813100e-04	1.100000e+01
1607.144591	18927.010565	5.811800e-04	1.100000e+01
1608.168657	18935.481650	5.809200e-04	1.100000e+01
1609.191461	18931.245160	5.810500e-04	1.100000e+01
1610.214282	18937.763622	5.808500e-04	1.100000e+01
1611.238443	18925.382379	5.812300e-04	1.100000e+01
1612.262529	18919.523228	5.814100e-04	1.100000e+01
1613.285670	18921.475875	5.813500e-04	1.100000e+01
1614.309688	18933.526111	5.809800e-04	1.100000e+01
1615.334510	18929.290496	5.811100e-04	1.100000e+01
1616.358767	18930.267777	5.810800e-04	1.100000e+01
1617.382574	18925.056775	5.812400e-04	1.100000e+01
1618.407650	18914.643373	5.815600e-04	1.100000e+01
1619.433226	18904.566312	5.818700e-04	1.100000e+01
1620.457573	18900.343643	5.820000e-04	1.100000e+01
1621.481583	18897.421361	5.820900e-04	1.100000e+01
1622.504853	18891.579508	5.822700e-04	1.100000e+01
1623.529399	18891.255066	5.822800e-04	1.100000e+01
1624.554597	18889.308651	5.823400e-04	1.100000e+01
1625.577976	18890.930636	5.822900e-04	1.100000e+01
1626.601777	18892.228424	5.822500e-04	1.100000e+01
1627.626064	18888.011264	5.823800e-04	1.100000e+01
1628.649683	18887.038341	5.824100e-04	1.100000e+01
1629.672930	18878.610534	5.826700e-04	1.100000e+01
1630.695928	18872.456508	5.828600e-04	1.100000e+01
1631.722179	18870.513964	5.829200e-04	1.100000e+01
1632.745881	18865.335803	5.830800e-04	1.100000e+01
1633.769993	18866.630077	5.830400e-04	1.100000e+01
1634.793947	18867.600899	5.830100e-04	1.100000e+01
1635.817849	18868.895483	5.829700e-04	1.100000e+01
1636.841962	18868.571821	5.829800e-04	1.100000e+01
1637.865718	18867.600899	5.830100e-04	1.100000e+01
1638.890541	18860.807243	5.832200e-04	1.100000e+01
1639.915496	18859.837120	5.832500e-04	1.100000e+01
1640.939685	18856.280856	5.833600e-04	1.100000e+01
1641.963608	18855.634406	5.833800e-04	1.100000e+01
1642.987502	18852.725933	5.834700e-04	1.100000e+01
1644.011130	18854.664815	5.834100e-04	1.100000e+01
1645.035359	18856.280856	5.833600e-04	1.100000e+01
1646.059073	18860.160483	5.832400e-04	1.100000e+01
1647.082929	18862.100895	5.831800e-04	1.100000e+01
1648.106735	18858.867096	5.832800e-04	1.100000e+01
1649.130950	18855.311198	5.833900e-04	1.100000e+01
1650.155002	18853.695324	5.834400e-04	1.100000e+01
1651.178987	18853.049052	5.834600e-04	1.100000e+01
1652.202877	18854.018477	5.834300e-04	1.100000e+01
1653.226921	18848.526388	5.836000e-04	1.100000e+01
1654.251109	18844.005893	5.837400e-04	1.100000e+01
1655.274995	18841.423726	5.838200e-04	1.100000e+01
1656.298959	18844.651545	5.837200e-04	1.100000e+01
1657.323961	18845.620107	5.836900e-04	1.100000e+01
1658.347920	18844.974388	5.837100e-04	1.100000e+01
1659.371225	18842.391956	5.837900e-04	1.100000e+01
1660.394900	18839.810232	5.838700e-04	1.100000e+01
1661.418961	18839.164911	5.838900e-04	1.100000e+01
1662.442866	18836.261516	5.839800e-04	1.100000e+01
1663.466717	18835.293916	5.840100e-04	1.100000e+01
1664.491375	18831.746901	5.841200e-04	1.100000e+01
1665.515805	18829.490406	5.841900e-04	1.100000e+01
1666.539970	18824.334731	5.843500e-04	1.100000e+01
1667.563986	18825.301205	5.843200e-04	1.100000e+01
1668.588208	18832.391714	5.841000e-04	1.100000e+01
1669.612881	18836.584071	5.839700e-04	1.100000e+01
1670.636392	18835.293916	5.840100e-04	1.100000e+01
1671.661025	18834.326416	5.840400e-04	1.100000e+01
1672.684954	18832.391714	5.841000e-04	1.100000e+01
1673.709734	18828.845792	5.842100e-04	1.100000e+01
1674.734264	18819.825831	5.844900e-04	1.100000e+01
1675.758057	18815.962779	5.846100e-04	1.100000e+01
1676.782102	18813.388291	5.846900e-04	1.100000e+01
1677.805895	18817.572191	5.845600e-04	1.100000e+01
1678.829638	18811.136193	5.847600e-04	1.100000e+01
1679.853853	18809.527881	5.848100e-04	1.100000e+01
1680.878247	18803.097383	5.850100e-04	1.100000e+01
1681.902000	18797.956149	5.851700e-04	1.100000e+01
1682.925865	18796.992481	5.852000e-04	1.100000e+01
1683.950168	18797.313693	5.851900e-04	1.100000e+01
1684.974635	18795.707744	5.852400e-04	1.100000e+01
1685.999224	18794.102069	5.852900e-04	1.100000e+01
1687.022949	18792.175621	5.853500e-04	1.100000e+01
1688.046837	18792.496669	5.853400e-04	1.100000e+01
1689.072136	18798.277394	5.851600e-04	1.100000e+01
1690.096078	18801.490445	5.850600e-04	1.100000e+01
1691.120006	18801.169091	5.850700e-04	1.100000e+01
1692.144777	18806.633613	5.849000e-04	1.100000e+01
1693.167738	18811.136193	5.847600e-04	1.100000e+01
1694.191083	18815.319091	5.846300e-04	1.100000e+01
1695.215123	18821.435904	5.844400e-04	1.100000e+01
1696.238946	18817.894107	5.845500e-04	1.100000e+01
1697.262763	18811.136193	5.847600e-04	1.100000e+01
1698.286956	18811.457888	5.847500e-04	1.100000e+01
1699.310913	18825.623385	5.843100e-04	1.100000e+01
