Time	SourceV	Current	Voltage
1.028615	9742460.182989	1.180400e-06	1.150000e+01
2.073215	8104298.801973	1.419000e-06	1.150000e+01
3.103289	6669759.888644	1.724200e-06	1.150000e+01
4.132827	5554482.225657	2.070400e-06	1.150000e+01
5.168295	4726092.138248	2.433300e-06	1.150000e+01
6.204549	4088162.104515	2.813000e-06	1.150000e+01
7.228937	3593525.404662	3.200200e-06	1.150000e+01
8.253070	3204413.731609	3.588800e-06	1.150000e+01
9.278320	2908447.142135	3.954000e-06	1.150000e+01
10.303842	2670816.108505	4.305800e-06	1.150000e+01
11.327952	2489231.368644	4.619900e-06	1.150000e+01
12.351946	2342922.337218	4.908400e-06	1.150000e+01
13.376917	2226697.130465	5.164600e-06	1.150000e+01
14.421081	2125103.945302	5.411500e-06	1.150000e+01
15.445219	2045062.507780	5.623300e-06	1.150000e+01
16.469126	1981631.140903	5.803300e-06	1.150000e+01
17.493040	1931020.586359	5.955400e-06	1.150000e+01
18.516953	1891571.813935	6.079600e-06	1.150000e+01
19.541260	1857475.125985	6.191200e-06	1.150000e+01
20.566071	1827136.955831	6.294000e-06	1.150000e+01
21.591120	1805167.488149	6.370600e-06	1.150000e+01
22.614912	1784135.159874	6.445700e-06	1.150000e+01
23.638960	1770347.449930	6.495900e-06	1.150000e+01
24.662971	1756932.243526	6.545500e-06	1.150000e+01
25.689009	1744089.054704	6.593700e-06	1.150000e+01
26.714379	1733886.166604	6.632500e-06	1.150000e+01
27.738228	1727323.249771	6.657700e-06	1.150000e+01
28.762812	1721556.886228	6.680000e-06	1.150000e+01
29.787121	1715931.303063	6.701900e-06	1.150000e+01
30.811745	1711742.553920	6.718300e-06	1.150000e+01
31.835237	1706079.577486	6.740600e-06	1.150000e+01
32.860108	1700479.091501	6.762800e-06	1.150000e+01
33.884963	1696315.308139	6.779400e-06	1.150000e+01
34.908917	1691599.370431	6.798300e-06	1.150000e+01
35.932916	1686241.733750	6.819900e-06	1.150000e+01
36.957326	1681163.657627	6.840500e-06	1.150000e+01
37.981281	1677118.273297	6.857000e-06	1.150000e+01
39.005157	1674115.266475	6.869300e-06	1.150000e+01
40.028974	1668940.295475	6.890600e-06	1.150000e+01
41.053007	1665049.879103	6.906700e-06	1.150000e+01
42.076763	1660098.451056	6.927300e-06	1.150000e+01
43.100927	1656320.663680	6.943100e-06	1.150000e+01
44.126762	1649407.647514	6.972200e-06	1.150000e+01
45.150737	1642599.020154	7.001100e-06	1.150000e+01
46.175301	1632618.293843	7.043900e-06	1.150000e+01
47.200976	1625970.280091	7.072700e-06	1.150000e+01
48.225413	1619763.937012	7.099800e-06	1.150000e+01
49.249327	1615872.079136	7.116900e-06	1.150000e+01
50.273127	1611185.832773	7.137600e-06	1.150000e+01
51.298124	1608864.141916	7.147900e-06	1.150000e+01
52.321996	1603346.113628	7.172500e-06	1.150000e+01
53.345964	1595582.318173	7.207400e-06	1.150000e+01
54.371115	1587454.964593	7.244300e-06	1.150000e+01
55.397031	1580278.128951	7.277200e-06	1.150000e+01
56.421139	1574932.551802	7.301900e-06	1.150000e+01
57.444919	1569558.749266	7.326900e-06	1.150000e+01
58.468916	1564093.845631	7.352500e-06	1.150000e+01
59.493956	1558434.518647	7.379200e-06	1.150000e+01
60.518176	1551852.101748	7.410500e-06	1.150000e+01
61.542196	1546301.649837	7.437100e-06	1.150000e+01
62.568033	1538585.036926	7.474400e-06	1.150000e+01
63.592284	1531964.778132	7.506700e-06	1.150000e+01
64.615996	1526008.492569	7.536000e-06	1.150000e+01
65.640399	1521949.153664	7.556100e-06	1.150000e+01
66.665638	1517991.499248	7.575800e-06	1.150000e+01
67.689875	1511328.391947	7.609200e-06	1.150000e+01
68.714293	1503209.024483	7.650300e-06	1.150000e+01
69.738135	1495273.635075	7.690900e-06	1.150000e+01
70.764371	1489598.715059	7.720200e-06	1.150000e+01
71.790869	1483966.707530	7.749500e-06	1.150000e+01
72.817890	1478244.103091	7.779500e-06	1.150000e+01
73.845069	1472320.376914	7.810800e-06	1.150000e+01
74.868940	1467510.591598	7.836400e-06	1.150000e+01
75.893631	1461041.023491	7.871100e-06	1.150000e+01
76.919125	1454977.922292	7.903900e-06	1.150000e+01
77.943975	1449384.956644	7.934400e-06	1.150000e+01
78.969157	1444868.831038	7.959200e-06	1.150000e+01
79.993221	1435454.477370	8.011400e-06	1.150000e+01
81.017997	1428269.806376	8.051700e-06	1.150000e+01
82.043212	1422686.279119	8.083300e-06	1.150000e+01
83.083790	1415820.252385	8.122500e-06	1.150000e+01
84.108401	1405988.287506	8.179300e-06	1.150000e+01
85.133114	1401242.841477	8.207000e-06	1.150000e+01
86.157192	1395377.055148	8.241500e-06	1.150000e+01
87.181153	1388721.168941	8.281000e-06	1.150000e+01
88.204982	1381348.195839	8.325200e-06	1.150000e+01
89.230489	1374118.771657	8.369000e-06	1.150000e+01
90.254515	1370499.696107	8.391100e-06	1.150000e+01
91.278325	1364127.018018	8.430300e-06	1.150000e+01
92.301399	1358695.652174	8.464000e-06	1.150000e+01
93.326079	1353578.154426	8.496000e-06	1.150000e+01
94.349186	1349084.382295	8.524300e-06	1.150000e+01
95.374061	1343614.908284	8.559000e-06	1.150000e+01
96.400579	1337893.806133	8.595600e-06	1.150000e+01
97.425376	1332684.373986	8.629200e-06	1.150000e+01
98.449341	1328512.181879	8.656300e-06	1.150000e+01
99.473291	1323573.418042	8.688600e-06	1.150000e+01
100.497931	1318580.519406	8.721500e-06	1.150000e+01
101.523236	1313235.126185	8.757000e-06	1.150000e+01
102.546995	1308007.279345	8.792000e-06	1.150000e+01
103.570995	1303529.731813	8.822200e-06	1.150000e+01
104.594881	1298510.664725	8.856300e-06	1.150000e+01
105.619300	1292512.419358	8.897400e-06	1.150000e+01
106.643021	1286900.472237	8.936200e-06	1.150000e+01
107.666162	1281094.388807	8.976700e-06	1.150000e+01
108.690905	1273857.128615	9.027700e-06	1.150000e+01
109.716659	1266659.323714	9.079000e-06	1.150000e+01
110.740435	1261103.191139	9.119000e-06	1.150000e+01
111.764406	1255664.137140	9.158500e-06	1.150000e+01
112.788499	1251346.557709	9.190100e-06	1.150000e+01
113.812460	1247085.615139	9.221500e-06	1.150000e+01
114.836363	1242934.189337	9.252300e-06	1.150000e+01
115.860472	1238650.194414	9.284300e-06	1.150000e+01
116.884551	1234819.770001	9.313100e-06	1.150000e+01
117.909431	1230064.926036	9.349100e-06	1.150000e+01
118.933458	1225738.374138	9.382100e-06	1.150000e+01
119.957258	1221636.780828	9.413600e-06	1.150000e+01
120.981805	1218917.601170	9.434600e-06	1.150000e+01
122.006536	1215606.270414	9.460300e-06	1.150000e+01
123.031412	1210895.957713	9.497100e-06	1.150000e+01
124.057198	1205640.299838	9.538500e-06	1.150000e+01
125.082355	1200317.301269	9.580800e-06	1.150000e+01
126.107419	1195848.844706	9.616600e-06	1.150000e+01
127.133081	1191327.138432	9.653100e-06	1.150000e+01
128.157444	1184455.819798	9.709100e-06	1.150000e+01
129.181488	1179995.485235	9.745800e-06	1.150000e+01
130.206901	1176109.633872	9.778000e-06	1.150000e+01
131.232373	1171902.864538	9.813100e-06	1.150000e+01
132.257213	1167595.666697	9.849300e-06	1.150000e+01
133.281094	1163072.939844	9.887600e-06	1.150000e+01
134.305469	1158223.386041	9.929000e-06	1.150000e+01
135.329570	1153784.412874	9.967200e-06	1.150000e+01
136.355310	1150230.046009	9.998000e-06	1.150000e+01
137.379312	1147704.590818	1.002000e-05	1.150000e+01
138.403342	1144962.166468	1.004400e-05	1.150000e+01
139.428420	1140307.387209	1.008500e-05	1.150000e+01
140.453415	1137262.658228	1.011200e-05	1.150000e+01
141.477197	1134010.452618	1.014100e-05	1.150000e+01
142.500480	1131666.994686	1.016200e-05	1.150000e+01
143.525566	1126567.398119	1.020800e-05	1.150000e+01
144.550393	1124254.570339	1.022900e-05	1.150000e+01
145.574269	1121076.233184	1.025800e-05	1.150000e+01
146.598181	1118350.675873	1.028300e-05	1.150000e+01
147.622224	1114449.074523	1.031900e-05	1.150000e+01
148.647467	1110360.142899	1.035700e-05	1.150000e+01
149.671607	1105875.564958	1.039900e-05	1.150000e+01
150.695678	1100899.865977	1.044600e-05	1.150000e+01
151.720017	1095968.741065	1.049300e-05	1.150000e+01
152.744411	1090978.085571	1.054100e-05	1.150000e+01
153.768580	1086443.079830	1.058500e-05	1.150000e+01
154.792867	1082658.633026	1.062200e-05	1.150000e+01
155.817110	1078495.732908	1.066300e-05	1.150000e+01
156.842609	1074766.355140	1.070000e-05	1.150000e+01
157.868311	1071561.684681	1.073200e-05	1.150000e+01
158.891695	1067681.738000	1.077100e-05	1.150000e+01
159.915560	1063633.000370	1.081200e-05	1.150000e+01
160.939622	1060592.087061	1.084300e-05	1.150000e+01
161.964310	1056402.719089	1.088600e-05	1.150000e+01
162.987624	1053885.630499	1.091200e-05	1.150000e+01
164.011793	1050228.310502	1.095000e-05	1.150000e+01
165.060332	1047931.474394	1.097400e-05	1.150000e+01
166.083659	1045929.968167	1.099500e-05	1.150000e+01
167.108462	1043273.156128	1.102300e-05	1.150000e+01
168.132313	1039595.009944	1.106200e-05	1.150000e+01
169.159397	1036596.358392	1.109400e-05	1.150000e+01
170.183398	1033707.865169	1.112500e-05	1.150000e+01
171.207757	1029727.793696	1.116800e-05	1.150000e+01
172.233342	1025412.394115	1.121500e-05	1.150000e+01
173.257512	1021042.351061	1.126300e-05	1.150000e+01
174.281557	1017429.001150	1.130300e-05	1.150000e+01
175.305354	1013751.763047	1.134400e-05	1.150000e+01
176.329764	1011255.715793	1.137200e-05	1.150000e+01
177.355371	1007181.643020	1.141800e-05	1.150000e+01
178.378523	1003402.844429	1.146100e-05	1.150000e+01
179.402301	999131.190269	1.151000e-05	1.150000e+01
180.427483	996274.798579	1.154300e-05	1.150000e+01
181.451575	992234.685073	1.159000e-05	1.150000e+01
182.475486	990184.260375	1.161400e-05	1.150000e+01
183.499546	987378.724135	1.164700e-05	1.150000e+01
184.523757	983915.126626	1.168800e-05	1.150000e+01
185.547844	981563.673609	1.171600e-05	1.150000e+01
186.571648	979390.223131	1.174200e-05	1.150000e+01
187.595672	977392.486826	1.176600e-05	1.150000e+01
188.621537	975072.070544	1.179400e-05	1.150000e+01
189.646746	972186.998056	1.182900e-05	1.150000e+01
190.670389	968584.182599	1.187300e-05	1.150000e+01
191.694869	966792.770071	1.189500e-05	1.150000e+01
192.719932	965088.956026	1.191600e-05	1.150000e+01
193.743489	961860.153898	1.195600e-05	1.150000e+01
194.767975	958093.809881	1.200300e-05	1.150000e+01
195.791542	957136.912193	1.201500e-05	1.150000e+01
196.815698	958413.201100	1.199900e-05	1.150000e+01
197.839526	955308.190729	1.203800e-05	1.150000e+01
198.863702	950648.921220	1.209700e-05	1.150000e+01
199.888724	949079.805232	1.211700e-05	1.150000e+01
200.912745	943938.274645	1.218300e-05	1.150000e+01
201.940075	938239.373419	1.225700e-05	1.150000e+01
202.968564	934883.342818	1.230100e-05	1.150000e+01
203.996440	929818.887451	1.236800e-05	1.150000e+01
205.019811	926896.107036	1.240700e-05	1.150000e+01
206.043837	922879.383677	1.246100e-05	1.150000e+01
207.070954	919779.252979	1.250300e-05	1.150000e+01
208.096747	915823.843275	1.255700e-05	1.150000e+01
209.119865	912264.001269	1.260600e-05	1.150000e+01
210.143740	909378.459592	1.264600e-05	1.150000e+01
211.167975	906868.543490	1.268100e-05	1.150000e+01
212.192485	904230.224878	1.271800e-05	1.150000e+01
213.216423	900900.900901	1.276500e-05	1.150000e+01
214.240719	898297.141072	1.280200e-05	1.150000e+01
215.264915	895429.416803	1.284300e-05	1.150000e+01
216.288795	892926.469446	1.287900e-05	1.150000e+01
217.313516	890713.345210	1.291100e-05	1.150000e+01
218.337576	888648.481570	1.294100e-05	1.150000e+01
219.362140	886524.822695	1.297200e-05	1.150000e+01
220.385814	883799.569628	1.301200e-05	1.150000e+01
221.409941	881698.995630	1.304300e-05	1.150000e+01
222.434026	881631.401411	1.304400e-05	1.150000e+01
223.458332	877059.182428	1.311200e-05	1.150000e+01
224.481708	873793.784667	1.316100e-05	1.150000e+01
225.505405	871014.163448	1.320300e-05	1.150000e+01
226.528721	869959.906196	1.321900e-05	1.150000e+01
227.552528	864856.734602	1.329700e-05	1.150000e+01
228.576706	861810.551559	1.334400e-05	1.150000e+01
229.600936	860070.301399	1.337100e-05	1.150000e+01
230.624678	856802.264938	1.342200e-05	1.150000e+01
231.648669	855145.746579	1.344800e-05	1.150000e+01
232.675585	853115.727003	1.348000e-05	1.150000e+01
233.704242	850843.444806	1.351600e-05	1.150000e+01
234.727903	848833.776203	1.354800e-05	1.150000e+01
235.751988	846708.879399	1.358200e-05	1.150000e+01
236.776465	843170.320405	1.363900e-05	1.150000e+01
237.801559	839661.214953	1.369600e-05	1.150000e+01
238.825823	836972.343523	1.374000e-05	1.150000e+01
239.849871	833695.809772	1.379400e-05	1.150000e+01
240.875334	830804.796995	1.384200e-05	1.150000e+01
241.904179	828410.891802	1.388200e-05	1.150000e+01
242.929956	825319.362710	1.393400e-05	1.150000e+01
243.953701	823369.370659	1.396700e-05	1.150000e+01
244.977917	820315.286397	1.401900e-05	1.150000e+01
246.002221	818388.841446	1.405200e-05	1.150000e+01
247.026790	816123.766943	1.409100e-05	1.150000e+01
248.050761	814044.029164	1.412700e-05	1.150000e+01
249.074677	810772.701636	1.418400e-05	1.150000e+01
250.098657	808151.791989	1.423000e-05	1.150000e+01
251.123715	806225.462703	1.426400e-05	1.150000e+01
252.147648	804195.804196	1.430000e-05	1.150000e+01
253.171002	802344.240564	1.433300e-05	1.150000e+01
254.195428	799888.711136	1.437700e-05	1.150000e+01
255.220132	797282.307266	1.442400e-05	1.150000e+01
256.243992	794308.606161	1.447800e-05	1.150000e+01
257.267957	792338.431859	1.451400e-05	1.150000e+01
258.292534	789564.023344	1.456500e-05	1.150000e+01
259.316945	786701.327131	1.461800e-05	1.150000e+01
260.340893	785465.473670	1.464100e-05	1.150000e+01
261.365028	784768.663846	1.465400e-05	1.150000e+01
262.389531	781090.810297	1.472300e-05	1.150000e+01
263.414502	778341.793570	1.477500e-05	1.150000e+01
264.439882	774567.252644	1.484700e-05	1.150000e+01
265.463606	771242.706727	1.491100e-05	1.150000e+01
266.487920	768562.454053	1.496300e-05	1.150000e+01
267.511818	766309.055774	1.500700e-05	1.150000e+01
268.535606	763358.778626	1.506500e-05	1.150000e+01
269.560582	761337.305528	1.510500e-05	1.150000e+01
270.584778	759276.376601	1.514600e-05	1.150000e+01
271.609363	757675.583081	1.517800e-05	1.150000e+01
272.633805	754246.737063	1.524700e-05	1.150000e+01
273.658178	752371.606150	1.528500e-05	1.150000e+01
274.683814	750114.147805	1.533100e-05	1.150000e+01
275.708707	748502.994012	1.536400e-05	1.150000e+01
276.734440	745446.295456	1.542700e-05	1.150000e+01
277.758863	742990.050394	1.547800e-05	1.150000e+01
278.782902	740454.574722	1.553100e-05	1.150000e+01
279.807393	741122.639686	1.551700e-05	1.150000e+01
280.833163	737132.235113	1.560100e-05	1.150000e+01
281.859061	733933.243985	1.566900e-05	1.150000e+01
282.883125	730761.898710	1.573700e-05	1.150000e+01
283.906971	728170.708542	1.579300e-05	1.150000e+01
284.932519	725506.277206	1.585100e-05	1.150000e+01
285.958703	722497.958158	1.591700e-05	1.150000e+01
286.983810	719694.599161	1.597900e-05	1.150000e+01
288.008175	717091.725385	1.603700e-05	1.150000e+01
289.032784	714640.815312	1.609200e-05	1.150000e+01
290.057165	712294.828120	1.614500e-05	1.150000e+01
291.082070	710139.557861	1.619400e-05	1.150000e+01
292.106762	708346.165691	1.623500e-05	1.150000e+01
293.130892	706041.257367	1.628800e-05	1.150000e+01
294.156771	703794.369645	1.634000e-05	1.150000e+01
295.181804	701305.037200	1.639800e-05	1.150000e+01
296.205415	699258.178280	1.644600e-05	1.150000e+01
297.229144	697350.069735	1.649100e-05	1.150000e+01
298.253865	695873.169551	1.652600e-05	1.150000e+01
299.278742	692771.084337	1.660000e-05	1.150000e+01
300.301863	689324.462027	1.668300e-05	1.150000e+01
301.325717	687305.761415	1.673200e-05	1.150000e+01
302.350541	684931.506849	1.679000e-05	1.150000e+01
303.375745	682411.583195	1.685200e-05	1.150000e+01
304.399356	679669.030733	1.692000e-05	1.150000e+01
305.423232	676749.249691	1.699300e-05	1.150000e+01
306.447629	674091.441970	1.706000e-05	1.150000e+01
307.472159	671885.954662	1.711600e-05	1.150000e+01
308.495935	668915.774779	1.719200e-05	1.150000e+01
309.519982	666241.816812	1.726100e-05	1.150000e+01
310.544442	663512.577891	1.733200e-05	1.150000e+01
311.568965	660995.516726	1.739800e-05	1.150000e+01
312.592959	658686.064494	1.745900e-05	1.150000e+01
313.618880	656505.109322	1.751700e-05	1.150000e+01
314.651051	653483.350381	1.759800e-05	1.150000e+01
315.675583	651410.445225	1.765400e-05	1.150000e+01
316.700727	648947.576322	1.772100e-05	1.150000e+01
317.724040	647230.977037	1.776800e-05	1.150000e+01
318.747983	644691.108869	1.783800e-05	1.150000e+01
319.773158	642422.211050	1.790100e-05	1.150000e+01
320.799360	640097.962819	1.796600e-05	1.150000e+01
321.824133	638215.217271	1.801900e-05	1.150000e+01
322.847985	635675.197612	1.809100e-05	1.150000e+01
323.872114	632841.734537	1.817200e-05	1.150000e+01
324.896595	630689.919930	1.823400e-05	1.150000e+01
325.922251	628037.791491	1.831100e-05	1.150000e+01
326.946307	625407.874701	1.838800e-05	1.150000e+01
327.970299	622833.622184	1.846400e-05	1.150000e+01
328.997739	619678.844703	1.855800e-05	1.150000e+01
330.022046	616721.188395	1.864700e-05	1.150000e+01
331.048203	613922.699124	1.873200e-05	1.150000e+01
332.073602	611702.127660	1.880000e-05	1.150000e+01
333.097972	608948.901244	1.888500e-05	1.150000e+01
334.122775	606476.110115	1.896200e-05	1.150000e+01
335.146311	604531.356779	1.902300e-05	1.150000e+01
336.169822	602220.360285	1.909600e-05	1.150000e+01
337.194206	599864.378488	1.917100e-05	1.150000e+01
338.220034	597526.758807	1.924600e-05	1.150000e+01
339.245271	594930.160372	1.933000e-05	1.150000e+01
340.269216	592142.526132	1.942100e-05	1.150000e+01
341.293180	590046.177527	1.949000e-05	1.150000e+01
342.317661	587784.308715	1.956500e-05	1.150000e+01
343.342256	585063.085063	1.965600e-05	1.150000e+01
344.365950	582809.649301	1.973200e-05	1.150000e+01
345.390113	580632.131677	1.980600e-05	1.150000e+01
346.414721	577802.341356	1.990300e-05	1.150000e+01
347.438335	574913.762936	2.000300e-05	1.150000e+01
348.461058	572538.086229	2.008600e-05	1.150000e+01
349.485022	570012.391574	2.017500e-05	1.150000e+01
350.509514	567424.877880	2.026700e-05	1.150000e+01
351.534094	565138.336036	2.034900e-05	1.150000e+01
352.557952	562429.696288	2.044700e-05	1.150000e+01
353.582400	559883.154820	2.054000e-05	1.150000e+01
354.606756	557197.538640	2.063900e-05	1.150000e+01
355.631866	554885.404101	2.072500e-05	1.150000e+01
356.656953	552035.330261	2.083200e-05	1.150000e+01
357.682138	548926.014320	2.095000e-05	1.150000e+01
358.706994	546707.867839	2.103500e-05	1.150000e+01
359.732569	544662.309368	2.111400e-05	1.150000e+01
360.758084	541864.957829	2.122300e-05	1.150000e+01
361.782846	539576.784122	2.131300e-05	1.150000e+01
362.806927	536756.126021	2.142500e-05	1.150000e+01
363.831436	533964.804755	2.153700e-05	1.150000e+01
364.855373	531693.559573	2.162900e-05	1.150000e+01
365.879240	529149.220080	2.173300e-05	1.150000e+01
366.903325	526243.536357	2.185300e-05	1.150000e+01
367.929093	523393.409794	2.197200e-05	1.150000e+01
368.955098	521045.716098	2.207100e-05	1.150000e+01
369.980976	518415.002479	2.218300e-05	1.150000e+01
371.005361	515880.136372	2.229200e-05	1.150000e+01
372.029211	513026.409707	2.241600e-05	1.150000e+01
373.054001	510498.512896	2.252700e-05	1.150000e+01
374.079010	507883.231021	2.264300e-05	1.150000e+01
375.102458	505561.172902	2.274700e-05	1.150000e+01
376.126927	503634.930367	2.283400e-05	1.150000e+01
377.152874	501832.780590	2.291600e-05	1.150000e+01
378.182789	498807.200173	2.305500e-05	1.150000e+01
379.210235	496374.309392	2.316800e-05	1.150000e+01
380.239027	493668.169135	2.329500e-05	1.150000e+01
381.263058	490446.946435	2.344800e-05	1.150000e+01
382.286972	488032.592090	2.356400e-05	1.150000e+01
383.314123	484557.367379	2.373300e-05	1.150000e+01
384.340025	481272.232685	2.389500e-05	1.150000e+01
385.364633	478668.054110	2.402500e-05	1.150000e+01
386.389653	475639.010671	2.417800e-05	1.150000e+01
387.416638	472803.519303	2.432300e-05	1.150000e+01
388.442303	469636.950218	2.448700e-05	1.150000e+01
389.466307	466777.610910	2.463700e-05	1.150000e+01
390.490227	463541.456729	2.480900e-05	1.150000e+01
391.514263	460515.777671	2.497200e-05	1.150000e+01
392.538920	457238.280784	2.515100e-05	1.150000e+01
393.563449	454473.601012	2.530400e-05	1.150000e+01
394.587177	451440.684620	2.547400e-05	1.150000e+01
395.612153	448168.355417	2.566000e-05	1.150000e+01
396.636748	444564.713159	2.586800e-05	1.150000e+01
397.661244	441424.842622	2.605200e-05	1.150000e+01
398.685339	437978.443844	2.625700e-05	1.150000e+01
399.710437	434372.049103	2.647500e-05	1.150000e+01
400.735165	430986.021062	2.668300e-05	1.150000e+01
401.760472	428289.449183	2.685100e-05	1.150000e+01
402.784571	425107.200946	2.705200e-05	1.150000e+01
403.808465	421585.160202	2.727800e-05	1.150000e+01
404.832428	418394.819181	2.748600e-05	1.150000e+01
405.857631	415012.630819	2.771000e-05	1.150000e+01
406.882426	411684.685330	2.793400e-05	1.150000e+01
407.906341	408525.754885	2.815000e-05	1.150000e+01
408.931526	405515.004055	2.835900e-05	1.150000e+01
409.956966	402182.276002	2.859400e-05	1.150000e+01
410.982341	398682.613971	2.884500e-05	1.150000e+01
412.007157	395311.264652	2.909100e-05	1.150000e+01
413.031503	392009.817289	2.933600e-05	1.150000e+01
414.055547	388986.605331	2.956400e-05	1.150000e+01
415.081737	385117.712066	2.986100e-05	1.150000e+01
416.107435	380958.690827	3.018700e-05	1.150000e+01
417.132079	377061.543001	3.049900e-05	1.150000e+01
418.156181	373098.011225	3.082300e-05	1.150000e+01
419.180109	369679.825125	3.110800e-05	1.150000e+01
420.204378	365776.081425	3.144000e-05	1.150000e+01
421.228120	362147.693277	3.175500e-05	1.150000e+01
422.252422	357954.368600	3.212700e-05	1.150000e+01
423.277035	354216.719029	3.246600e-05	1.150000e+01
424.302443	350673.903763	3.279400e-05	1.150000e+01
425.327450	346876.602419	3.315300e-05	1.150000e+01
426.351585	343437.360012	3.348500e-05	1.150000e+01
427.375988	340448.207466	3.377900e-05	1.150000e+01
428.399470	337689.032448	3.405500e-05	1.150000e+01
429.423119	335286.743054	3.429900e-05	1.150000e+01
430.446552	332504.481582	3.458600e-05	1.150000e+01
431.471126	330108.792376	3.483700e-05	1.150000e+01
432.495502	327551.340112	3.510900e-05	1.150000e+01
433.519196	324987.283106	3.538600e-05	1.150000e+01
434.542608	322435.933382	3.566600e-05	1.150000e+01
435.567434	319951.033581	3.594300e-05	1.150000e+01
436.594090	317740.999641	3.619300e-05	1.150000e+01
437.622824	314982.196658	3.651000e-05	1.150000e+01
438.648089	312686.932405	3.677800e-05	1.150000e+01
439.671386	310508.694243	3.703600e-05	1.150000e+01
440.694890	308509.496727	3.727600e-05	1.150000e+01
441.719222	306152.330751	3.756300e-05	1.150000e+01
442.743534	303895.142963	3.784200e-05	1.150000e+01
443.767416	301639.344262	3.812500e-05	1.150000e+01
444.792222	299705.506763	3.837100e-05	1.150000e+01
445.816642	297565.140891	3.864700e-05	1.150000e+01
446.840180	295493.088031	3.891800e-05	1.150000e+01
447.864506	293727.012669	3.915200e-05	1.150000e+01
448.888960	291796.706503	3.941100e-05	1.150000e+01
449.912572	289840.461728	3.967700e-05	1.150000e+01
450.936433	287852.619459	3.995100e-05	1.150000e+01
451.960396	285735.582776	4.024700e-05	1.150000e+01
452.985031	283670.448939	4.054000e-05	1.150000e+01
454.009450	281752.254018	4.081600e-05	1.150000e+01
455.033383	279771.317358	4.110500e-05	1.150000e+01
456.057225	277690.580253	4.141300e-05	1.150000e+01
457.082213	275898.469363	4.168200e-05	1.150000e+01
458.111367	274083.607417	4.195800e-05	1.150000e+01
459.137591	272215.120958	4.224600e-05	1.150000e+01
460.161565	270289.327097	4.254700e-05	1.150000e+01
461.185564	268647.651085	4.280700e-05	1.150000e+01
462.210072	266939.021843	4.308100e-05	1.150000e+01
463.234303	265007.489342	4.339500e-05	1.150000e+01
464.257824	263230.177623	4.368800e-05	1.150000e+01
465.282357	261589.554615	4.396200e-05	1.150000e+01
466.307901	259887.005650	4.425000e-05	1.150000e+01
467.333427	258218.070774	4.453600e-05	1.150000e+01
468.358735	256656.326020	4.480700e-05	1.150000e+01
469.382451	254938.038972	4.510900e-05	1.150000e+01
470.406296	253477.043796	4.536900e-05	1.150000e+01
471.432346	252198.513125	4.559900e-05	1.150000e+01
472.456533	250845.239394	4.584500e-05	1.150000e+01
473.480589	249500.998004	4.609200e-05	1.150000e+01
474.504500	247818.123047	4.640500e-05	1.150000e+01
475.529110	246516.613076	4.665000e-05	1.150000e+01
476.552673	245139.836289	4.691200e-05	1.150000e+01
477.576602	243866.234069	4.715700e-05	1.150000e+01
478.601696	242483.026188	4.742600e-05	1.150000e+01
479.626679	240989.103101	4.772000e-05	1.150000e+01
480.651268	239523.452470	4.801200e-05	1.150000e+01
481.675232	238085.379487	4.830200e-05	1.150000e+01
482.700284	236382.322713	4.865000e-05	1.150000e+01
483.724838	234698.667320	4.899900e-05	1.150000e+01
484.749312	233175.855147	4.931900e-05	1.150000e+01
485.773366	231323.168524	4.971400e-05	1.150000e+01
486.797561	229591.327437	5.008900e-05	1.150000e+01
487.822388	228011.737648	5.043600e-05	1.150000e+01
488.846554	226449.275362	5.078400e-05	1.150000e+01
489.870319	224969.678000	5.111800e-05	1.150000e+01
490.893833	223452.832022	5.146500e-05	1.150000e+01
491.917890	222033.440167	5.179400e-05	1.150000e+01
492.941666	220631.966694	5.212300e-05	1.150000e+01
493.965306	219206.282643	5.246200e-05	1.150000e+01
494.988739	217794.780501	5.280200e-05	1.150000e+01
496.012968	216462.439061	5.312700e-05	1.150000e+01
497.036775	215106.056638	5.346200e-05	1.150000e+01
498.060748	213802.335093	5.378800e-05	1.150000e+01
499.084669	212431.883255	5.413500e-05	1.150000e+01
500.108755	210978.205034	5.450800e-05	1.150000e+01
501.133366	209704.772151	5.483900e-05	1.150000e+01
502.156711	208363.530947	5.519200e-05	1.150000e+01
503.180691	206908.960058	5.558000e-05	1.150000e+01
504.205999	205625.189980	5.592700e-05	1.150000e+01
505.231583	204328.204399	5.628200e-05	1.150000e+01
506.256421	203216.115922	5.659000e-05	1.150000e+01
507.280018	202034.398552	5.692100e-05	1.150000e+01
508.304119	200904.945756	5.724100e-05	1.150000e+01
509.328313	199479.618387	5.765000e-05	1.150000e+01
510.353500	198132.386892	5.804200e-05	1.150000e+01
511.377499	196870.613209	5.841400e-05	1.150000e+01
512.400873	195788.004154	5.873700e-05	1.150000e+01
513.424739	194562.403776	5.910700e-05	1.150000e+01
514.449740	193469.154287	5.944100e-05	1.150000e+01
515.474729	192323.772891	5.979500e-05	1.150000e+01
516.499611	191245.925630	6.013200e-05	1.150000e+01
517.524635	190186.382655	6.046700e-05	1.150000e+01
518.548914	189154.070102	6.079700e-05	1.150000e+01
519.572736	188055.991627	6.115200e-05	1.150000e+01
520.596714	187046.615270	6.148200e-05	1.150000e+01
521.621948	186156.436156	6.177600e-05	1.150000e+01
522.645681	185164.313201	6.210700e-05	1.150000e+01
523.669433	184206.311068	6.243000e-05	1.150000e+01
524.692662	183158.934174	6.278700e-05	1.150000e+01
525.718164	182077.264091	6.316000e-05	1.150000e+01
526.742685	181102.362205	6.350000e-05	1.150000e+01
527.765822	180101.169875	6.385300e-05	1.150000e+01
528.789498	179110.986512	6.420600e-05	1.150000e+01
529.814256	178294.573643	6.450000e-05	1.150000e+01
530.838893	177201.146414	6.489800e-05	1.150000e+01
531.862978	176207.403775	6.526400e-05	1.150000e+01
532.887695	175248.777068	6.562100e-05	1.150000e+01
533.912477	174300.524417	6.597800e-05	1.150000e+01
534.936781	173474.929102	6.629200e-05	1.150000e+01
535.961141	172571.617221	6.663900e-05	1.150000e+01
536.984795	171728.937073	6.696600e-05	1.150000e+01
538.009657	170940.170940	6.727500e-05	1.150000e+01
539.033452	170095.697318	6.760900e-05	1.150000e+01
540.056817	169291.918151	6.793000e-05	1.150000e+01
541.080530	168431.536242	6.827700e-05	1.150000e+01
542.103433	167567.646330	6.862900e-05	1.150000e+01
543.127879	166642.515577	6.901000e-05	1.150000e+01
544.151811	165749.041538	6.938200e-05	1.150000e+01
545.175830	164919.476273	6.973100e-05	1.150000e+01
546.200052	164034.975109	7.010700e-05	1.150000e+01
547.224673	163169.170959	7.047900e-05	1.150000e+01
548.248595	162220.874300	7.089100e-05	1.150000e+01
549.272780	161337.841440	7.127900e-05	1.150000e+01
550.297033	160444.221218	7.167600e-05	1.150000e+01
551.321754	159589.231196	7.206000e-05	1.150000e+01
552.345861	158743.305174	7.244400e-05	1.150000e+01
553.369830	157869.448830	7.284500e-05	1.150000e+01
554.393509	157030.887293	7.323400e-05	1.150000e+01
555.417771	156298.843389	7.357700e-05	1.150000e+01
556.441581	155544.133957	7.393400e-05	1.150000e+01
557.465597	154850.871878	7.426500e-05	1.150000e+01
558.490333	154165.828809	7.459500e-05	1.150000e+01
559.514596	153411.061605	7.496200e-05	1.150000e+01
560.537945	152730.556736	7.529600e-05	1.150000e+01
561.562797	152112.377979	7.560200e-05	1.150000e+01
562.587182	151256.083125	7.603000e-05	1.150000e+01
563.610953	150507.800230	7.640800e-05	1.150000e+01
564.634998	149700.598802	7.682000e-05	1.150000e+01
565.658912	148936.721320	7.721400e-05	1.150000e+01
566.683210	148171.053818	7.761300e-05	1.150000e+01
567.708258	147486.950611	7.797300e-05	1.150000e+01
568.732012	146721.102322	7.838000e-05	1.150000e+01
569.755909	146007.643183	7.876300e-05	1.150000e+01
570.780741	145255.207083	7.917100e-05	1.150000e+01
571.804846	144521.382881	7.957300e-05	1.150000e+01
572.828860	143762.579226	7.999300e-05	1.150000e+01
573.852712	143031.267879	8.040200e-05	1.150000e+01
574.877270	142305.598178	8.081200e-05	1.150000e+01
575.901624	141660.507514	8.118000e-05	1.150000e+01
576.926517	140971.107052	8.157700e-05	1.150000e+01
577.950043	140284.961452	8.197600e-05	1.150000e+01
578.974919	139637.670601	8.235600e-05	1.150000e+01
580.000583	139028.252959	8.271700e-05	1.150000e+01
581.025595	138412.469158	8.308500e-05	1.150000e+01
582.049132	137825.237599	8.343900e-05	1.150000e+01
583.073103	137228.228443	8.380200e-05	1.150000e+01
584.098155	136706.212406	8.412200e-05	1.150000e+01
585.123050	136107.560479	8.449200e-05	1.150000e+01
586.147068	135533.294048	8.485000e-05	1.150000e+01
587.170948	134921.100487	8.523500e-05	1.150000e+01
588.195811	134363.060674	8.558900e-05	1.150000e+01
589.219919	133741.146918	8.598700e-05	1.150000e+01
590.243795	133134.210861	8.637900e-05	1.150000e+01
591.267823	132554.145487	8.675700e-05	1.150000e+01
592.292394	131947.312864	8.715600e-05	1.150000e+01
593.317820	131325.012276	8.756900e-05	1.150000e+01
594.342639	130733.814585	8.796500e-05	1.150000e+01
595.365947	130168.539962	8.834700e-05	1.150000e+01
596.390359	129587.685789	8.874300e-05	1.150000e+01
597.414010	129046.737362	8.911500e-05	1.150000e+01
598.437964	128447.130044	8.953100e-05	1.150000e+01
599.462087	127881.503886	8.992700e-05	1.150000e+01
600.486580	127384.301823	9.027800e-05	1.150000e+01
601.511021	126841.965940	9.066400e-05	1.150000e+01
602.534879	126340.305853	9.102400e-05	1.150000e+01
603.558909	125861.880267	9.137000e-05	1.150000e+01
604.583351	125328.305670	9.175900e-05	1.150000e+01
605.606929	124835.813767	9.212100e-05	1.150000e+01
606.630127	124286.702404	9.252800e-05	1.150000e+01
607.655632	123802.346862	9.289000e-05	1.150000e+01
608.679135	123249.059556	9.330700e-05	1.150000e+01
609.703852	122702.004844	9.372300e-05	1.150000e+01
610.727819	122185.743580	9.411900e-05	1.150000e+01
611.751875	121678.958005	9.451100e-05	1.150000e+01
612.776397	121085.770843	9.497400e-05	1.150000e+01
613.800021	120548.864220	9.539700e-05	1.150000e+01
614.823995	120019.203072	9.581800e-05	1.150000e+01
615.847998	119531.436768	9.620900e-05	1.150000e+01
616.872482	118998.344371	9.664000e-05	1.150000e+01
617.897350	118482.191611	9.706100e-05	1.150000e+01
618.923129	117974.127761	9.747900e-05	1.150000e+01
619.947046	117499.208158	9.787300e-05	1.150000e+01
620.970967	117005.473821	9.828600e-05	1.150000e+01
621.994943	116508.788815	9.870500e-05	1.150000e+01
623.019811	115996.409155	9.914100e-05	1.150000e+01
624.042963	115509.396438	9.955900e-05	1.150000e+01
625.066825	115040.264092	9.996500e-05	1.150000e+01
626.092557	114713.216958	1.002500e-04	1.150000e+01
627.117013	114257.327372	1.006500e-04	1.150000e+01
628.140827	113838.843793	1.010200e-04	1.150000e+01
629.165908	113401.045262	1.014100e-04	1.150000e+01
630.190594	112944.411707	1.018200e-04	1.150000e+01
631.215900	112469.437653	1.022500e-04	1.150000e+01
632.240911	112031.173892	1.026500e-04	1.150000e+01
633.265783	111607.142857	1.030400e-04	1.150000e+01
634.290585	111186.309581	1.034300e-04	1.150000e+01
635.314972	110672.697527	1.039100e-04	1.150000e+01
636.339886	110237.730061	1.043200e-04	1.150000e+01
637.363108	109816.653934	1.047200e-04	1.150000e+01
638.387186	109315.589354	1.052000e-04	1.150000e+01
639.411403	108901.515152	1.056000e-04	1.150000e+01
640.436109	108449.641645	1.060400e-04	1.150000e+01
641.459893	108072.549572	1.064100e-04	1.150000e+01
642.484088	107647.664514	1.068300e-04	1.150000e+01
643.508087	107226.107226	1.072500e-04	1.150000e+01
644.532030	106758.262161	1.077200e-04	1.150000e+01
645.556155	106353.463424	1.081300e-04	1.150000e+01
646.579910	105941.962229	1.085500e-04	1.150000e+01
647.604990	105553.005966	1.089500e-04	1.150000e+01
648.629159	105138.050832	1.093800e-04	1.150000e+01
649.653241	104735.883424	1.098000e-04	1.150000e+01
650.677354	104355.716878	1.102000e-04	1.150000e+01
651.701222	103903.144199	1.106800e-04	1.150000e+01
652.726174	103501.035010	1.111100e-04	1.150000e+01
653.750189	103111.270510	1.115300e-04	1.150000e+01
654.773992	102770.330652	1.119000e-04	1.150000e+01
655.797294	102386.039886	1.123200e-04	1.150000e+01
656.822673	102022.711143	1.127200e-04	1.150000e+01
657.872738	101581.132409	1.132100e-04	1.150000e+01
658.897986	101223.483848	1.136100e-04	1.150000e+01
659.923225	100788.781770	1.141000e-04	1.150000e+01
660.947438	100366.556118	1.145800e-04	1.150000e+01
661.972632	100008.696408	1.149900e-04	1.150000e+01
662.997703	99653.379549	1.154000e-04	1.150000e+01
664.022018	99249.158540	1.158700e-04	1.150000e+01
665.045941	98839.707778	1.163500e-04	1.150000e+01
666.070255	98467.334532	1.167900e-04	1.150000e+01
667.094688	98114.495350	1.172100e-04	1.150000e+01
668.119625	97739.248683	1.176600e-04	1.150000e+01
669.144354	97383.351681	1.180900e-04	1.150000e+01
670.168909	97046.413502	1.185000e-04	1.150000e+01
671.192483	96695.535189	1.189300e-04	1.150000e+01
672.216896	96347.184987	1.193600e-04	1.150000e+01
673.240375	96009.350476	1.197800e-04	1.150000e+01
674.263421	95618.192400	1.202700e-04	1.150000e+01
675.289431	95293.337753	1.206800e-04	1.150000e+01
676.314353	94954.999587	1.211100e-04	1.150000e+01
677.339069	94611.271082	1.215500e-04	1.150000e+01
678.362902	94262.295082	1.220000e-04	1.150000e+01
679.387178	93931.226007	1.224300e-04	1.150000e+01
680.412325	93549.174327	1.229300e-04	1.150000e+01
681.436152	93185.317235	1.234100e-04	1.150000e+01
682.460304	92824.279603	1.238900e-04	1.150000e+01
683.484435	92473.464136	1.243600e-04	1.150000e+01
684.509384	92103.155534	1.248600e-04	1.150000e+01
685.534464	91750.438806	1.253400e-04	1.150000e+01
686.558123	91414.944356	1.258000e-04	1.150000e+01
687.582475	91103.541155	1.262300e-04	1.150000e+01
688.606362	90744.101633	1.267300e-04	1.150000e+01
689.631200	90423.022488	1.271800e-04	1.150000e+01
690.655415	90104.207475	1.276300e-04	1.150000e+01
691.679208	89787.632730	1.280800e-04	1.150000e+01
692.703662	89480.236539	1.285200e-04	1.150000e+01
693.728087	89174.937965	1.289600e-04	1.150000e+01
694.752065	88830.526804	1.294600e-04	1.150000e+01
695.776595	88529.638183	1.299000e-04	1.150000e+01
696.800797	88196.947619	1.303900e-04	1.150000e+01
697.825431	87920.489297	1.308000e-04	1.150000e+01
698.849055	87592.352807	1.312900e-04	1.150000e+01
699.872358	87286.527514	1.317500e-04	1.150000e+01
700.896158	86976.251702	1.322200e-04	1.150000e+01
701.922337	86648.583484	1.327200e-04	1.150000e+01
702.949232	86329.855116	1.332100e-04	1.150000e+01
703.974454	86000.598265	1.337200e-04	1.150000e+01
704.999408	85680.226494	1.342200e-04	1.150000e+01
706.023849	85355.896979	1.347300e-04	1.150000e+01
707.050593	85034.013605	1.352400e-04	1.150000e+01
708.077454	84733.274388	1.357200e-04	1.150000e+01
709.101323	84422.258112	1.362200e-04	1.150000e+01
710.125085	84101.213983	1.367400e-04	1.150000e+01
711.149969	83794.812008	1.372400e-04	1.150000e+01
712.174329	83484.573503	1.377500e-04	1.150000e+01
713.198349	83194.675541	1.382300e-04	1.150000e+01
714.222105	82894.831687	1.387300e-04	1.150000e+01
715.247555	82591.209423	1.392400e-04	1.150000e+01
716.272503	82307.472087	1.397200e-04	1.150000e+01
717.296434	82090.084945	1.400900e-04	1.150000e+01
718.320431	81833.060556	1.405300e-04	1.150000e+01
719.344952	81577.640633	1.409700e-04	1.150000e+01
720.369417	81289.319290	1.414700e-04	1.150000e+01
721.393447	80991.619128	1.419900e-04	1.150000e+01
722.417409	80724.413871	1.424600e-04	1.150000e+01
723.441547	80492.755652	1.428700e-04	1.150000e+01
724.466534	80156.130201	1.434700e-04	1.150000e+01
725.490275	79883.300917	1.439600e-04	1.150000e+01
726.513492	79573.761417	1.445200e-04	1.150000e+01
727.537774	79283.005860	1.450500e-04	1.150000e+01
728.562178	78988.941548	1.455900e-04	1.150000e+01
729.585519	78723.986857	1.460800e-04	1.150000e+01
730.609420	78460.803712	1.465700e-04	1.150000e+01
731.634063	78172.795867	1.471100e-04	1.150000e+01
732.658431	77886.894683	1.476500e-04	1.150000e+01
733.682453	77618.790497	1.481600e-04	1.150000e+01
734.706831	77352.525728	1.486700e-04	1.150000e+01
735.731667	77077.747989	1.492000e-04	1.150000e+01
736.756385	76830.571887	1.496800e-04	1.150000e+01
737.781190	76569.678407	1.501900e-04	1.150000e+01
738.805151	76305.487360	1.507100e-04	1.150000e+01
739.828788	76048.141780	1.512200e-04	1.150000e+01
740.854132	75792.526198	1.517300e-04	1.150000e+01
741.878268	75538.623226	1.522400e-04	1.150000e+01
742.902242	75286.415712	1.527500e-04	1.150000e+01
743.926450	75030.991062	1.532700e-04	1.150000e+01
744.950325	74796.747967	1.537500e-04	1.150000e+01
745.977469	74549.461947	1.542600e-04	1.150000e+01
747.002202	74303.805647	1.547700e-04	1.150000e+01
748.025472	74045.457472	1.553100e-04	1.150000e+01
749.050255	73769.966002	1.558900e-04	1.150000e+01
750.077994	73487.123778	1.564900e-04	1.150000e+01
751.104377	73229.750382	1.570400e-04	1.150000e+01
752.128384	72974.173488	1.575900e-04	1.150000e+01
753.152672	72729.572477	1.581200e-04	1.150000e+01
754.176573	72495.744815	1.586300e-04	1.150000e+01
755.202367	72231.643741	1.592100e-04	1.150000e+01
756.227104	71973.964201	1.597800e-04	1.150000e+01
757.250420	71767.348977	1.602400e-04	1.150000e+01
758.275782	71508.518841	1.608200e-04	1.150000e+01
759.300490	71291.302461	1.613100e-04	1.150000e+01
760.324268	71066.617229	1.618200e-04	1.150000e+01
761.347686	70838.979919	1.623400e-04	1.150000e+01
762.371967	70617.132330	1.628500e-04	1.150000e+01
763.397290	70388.052393	1.633800e-04	1.150000e+01
764.420704	70151.894101	1.639300e-04	1.150000e+01
765.444519	69917.315175	1.644800e-04	1.150000e+01
766.469111	69684.299824	1.650300e-04	1.150000e+01
767.493525	69465.418303	1.655500e-04	1.150000e+01
768.517533	69218.731191	1.661400e-04	1.150000e+01
769.541540	68965.517241	1.667500e-04	1.150000e+01
770.566618	68738.792588	1.673000e-04	1.150000e+01
771.591684	68501.310460	1.678800e-04	1.150000e+01
772.615614	68261.411527	1.684700e-04	1.150000e+01
773.639618	68055.391171	1.689800e-04	1.150000e+01
774.664239	67866.627324	1.694500e-04	1.150000e+01
775.688613	67635.123214	1.700300e-04	1.150000e+01
776.713335	67413.095727	1.705900e-04	1.150000e+01
777.736698	67192.521180	1.711500e-04	1.150000e+01
778.760841	66965.585512	1.717300e-04	1.150000e+01
779.784460	66747.925010	1.722900e-04	1.150000e+01
780.808256	66535.524184	1.728400e-04	1.150000e+01
781.832752	66335.948316	1.733600e-04	1.150000e+01
782.858588	66110.951423	1.739500e-04	1.150000e+01
783.884715	65879.926673	1.745600e-04	1.150000e+01
784.909276	65703.022339	1.750300e-04	1.150000e+01
785.933793	65530.799476	1.754900e-04	1.150000e+01
786.958873	65274.151436	1.761800e-04	1.150000e+01
787.983769	65048.928107	1.767900e-04	1.150000e+01
789.007861	64843.529743	1.773500e-04	1.150000e+01
790.032506	64635.791367	1.779200e-04	1.150000e+01
791.056445	64414.944267	1.785300e-04	1.150000e+01
792.081809	64202.769093	1.791200e-04	1.150000e+01
793.105705	63995.548136	1.797000e-04	1.150000e+01
794.129480	63761.366157	1.803600e-04	1.150000e+01
795.152745	63546.444162	1.809700e-04	1.150000e+01
796.177014	63339.942719	1.815600e-04	1.150000e+01
797.201451	63131.313131	1.821600e-04	1.150000e+01
798.225657	62934.384064	1.827300e-04	1.150000e+01
799.249766	62728.413244	1.833300e-04	1.150000e+01
800.274950	62527.185733	1.839200e-04	1.150000e+01
801.299305	62340.760015	1.844700e-04	1.150000e+01
802.324267	62152.083446	1.850300e-04	1.150000e+01
803.348249	61951.193234	1.856300e-04	1.150000e+01
804.373509	61768.181330	1.861800e-04	1.150000e+01
805.397651	61576.354680	1.867600e-04	1.150000e+01
806.423502	61369.336678	1.873900e-04	1.150000e+01
807.447457	61192.997393	1.879300e-04	1.150000e+01
808.471634	60995.014321	1.885400e-04	1.150000e+01
809.496554	60811.168103	1.891100e-04	1.150000e+01
810.521582	60599.673289	1.897700e-04	1.150000e+01
811.545422	60405.504780	1.903800e-04	1.150000e+01
812.568813	60218.882547	1.909700e-04	1.150000e+01
813.593687	60049.083599	1.915100e-04	1.150000e+01
814.620276	59830.393840	1.922100e-04	1.150000e+01
815.646319	59641.116067	1.928200e-04	1.150000e+01
816.669773	59440.740166	1.934700e-04	1.150000e+01
817.694042	59238.654510	1.941300e-04	1.150000e+01
818.717683	59050.064185	1.947500e-04	1.150000e+01
819.742882	58859.658102	1.953800e-04	1.150000e+01
820.767842	58676.463085	1.959900e-04	1.150000e+01
821.792430	58509.285169	1.965500e-04	1.150000e+01
822.817817	58322.345065	1.971800e-04	1.150000e+01
823.842777	58124.842052	1.978500e-04	1.150000e+01
824.867415	57963.709677	1.984000e-04	1.150000e+01
825.893164	57774.428536	1.990500e-04	1.150000e+01
826.917995	57609.457970	1.996200e-04	1.150000e+01
827.941804	57433.950956	2.002300e-04	1.150000e+01
828.965419	57250.958331	2.008700e-04	1.150000e+01
829.988668	57069.128083	2.015100e-04	1.150000e+01
831.012485	56899.708080	2.021100e-04	1.150000e+01
832.036787	56742.487788	2.026700e-04	1.150000e+01
833.060682	56572.215663	2.032800e-04	1.150000e+01
834.084445	56405.728860	2.038800e-04	1.150000e+01
835.108266	56240.219092	2.044800e-04	1.150000e+01
836.132818	56081.146981	2.050600e-04	1.150000e+01
837.156489	55898.507753	2.057300e-04	1.150000e+01
838.180757	55698.164382	2.064700e-04	1.150000e+01
839.205824	55507.288348	2.071800e-04	1.150000e+01
840.230880	55328.361799	2.078500e-04	1.150000e+01
841.254671	55169.105301	2.084500e-04	1.150000e+01
842.279219	54979.203519	2.091700e-04	1.150000e+01
843.304014	54777.555492	2.099400e-04	1.150000e+01
844.327777	54608.480935	2.105900e-04	1.150000e+01
845.351671	54440.446885	2.112400e-04	1.150000e+01
846.375466	54278.567046	2.118700e-04	1.150000e+01
847.400071	54125.288276	2.124700e-04	1.150000e+01
848.424702	53965.274519	2.131000e-04	1.150000e+01
849.451462	53793.619609	2.137800e-04	1.150000e+01
850.478514	53658.081374	2.143200e-04	1.150000e+01
851.503891	53508.282151	2.149200e-04	1.150000e+01
852.528043	53354.365779	2.155400e-04	1.150000e+01
853.553764	53161.982249	2.163200e-04	1.150000e+01
854.578473	53012.492509	2.169300e-04	1.150000e+01
855.601976	52849.264706	2.176000e-04	1.150000e+01
856.626001	52699.110989	2.182200e-04	1.150000e+01
857.650714	52525.806157	2.189400e-04	1.150000e+01
858.675914	52348.871085	2.196800e-04	1.150000e+01
859.699948	52182.593702	2.203800e-04	1.150000e+01
860.724072	52031.490363	2.210200e-04	1.150000e+01
861.749630	51871.898963	2.217000e-04	1.150000e+01
862.775958	51694.686685	2.224600e-04	1.150000e+01
863.801614	51523.297491	2.232000e-04	1.150000e+01
864.825416	51362.215275	2.239000e-04	1.150000e+01
865.849144	51202.137133	2.246000e-04	1.150000e+01
866.872947	51040.788247	2.253100e-04	1.150000e+01
867.896830	50884.955752	2.260000e-04	1.150000e+01
868.920848	50730.071904	2.266900e-04	1.150000e+01
869.945917	50569.456049	2.274100e-04	1.150000e+01
870.969818	50414.273815	2.281100e-04	1.150000e+01
871.994068	50264.434634	2.287900e-04	1.150000e+01
873.017946	50113.299634	2.294800e-04	1.150000e+01
874.042469	49958.729745	2.301900e-04	1.150000e+01
875.065763	49809.424809	2.308800e-04	1.150000e+01
876.089597	49654.576857	2.316000e-04	1.150000e+01
877.113638	49498.558085	2.323300e-04	1.150000e+01
878.138399	49341.399580	2.330700e-04	1.150000e+01
879.163061	49204.175937	2.337200e-04	1.150000e+01
880.186557	49071.901003	2.343500e-04	1.150000e+01
881.209978	48917.435876	2.350900e-04	1.150000e+01
882.234415	48780.487805	2.357500e-04	1.150000e+01
883.258832	48640.189485	2.364300e-04	1.150000e+01
884.282730	48496.605238	2.371300e-04	1.150000e+01
885.306634	48351.833165	2.378400e-04	1.150000e+01
886.330649	48205.902079	2.385600e-04	1.150000e+01
887.354858	48064.866672	2.392600e-04	1.150000e+01
888.378879	47926.651386	2.399500e-04	1.150000e+01
889.402971	47777.316161	2.407000e-04	1.150000e+01
890.427259	47632.854243	2.414300e-04	1.150000e+01
891.452674	47481.420314	2.422000e-04	1.150000e+01
892.477789	47348.484848	2.428800e-04	1.150000e+01
893.501850	47214.353163	2.435700e-04	1.150000e+01
894.525886	47088.690525	2.442200e-04	1.150000e+01
895.549852	46950.273536	2.449400e-04	1.150000e+01
896.574175	46814.573580	2.456500e-04	1.150000e+01
897.597908	46673.972158	2.463900e-04	1.150000e+01
898.621773	46517.272065	2.472200e-04	1.150000e+01
899.645772	46380.318613	2.479500e-04	1.150000e+01
900.669925	46238.591130	2.487100e-04	1.150000e+01
901.693978	46097.727182	2.494700e-04	1.150000e+01
902.718850	45959.555591	2.502200e-04	1.150000e+01
903.745463	45816.733068	2.510000e-04	1.150000e+01
904.769902	45676.609604	2.517700e-04	1.150000e+01
905.793982	45537.340619	2.525400e-04	1.150000e+01
906.817924	45398.918321	2.533100e-04	1.150000e+01
907.842550	45259.553701	2.540900e-04	1.150000e+01
908.867149	45121.042100	2.548700e-04	1.150000e+01
909.891036	44993.935600	2.555900e-04	1.150000e+01
910.914999	44862.292268	2.563400e-04	1.150000e+01
911.939485	44727.937459	2.571100e-04	1.150000e+01
912.963959	44590.926716	2.579000e-04	1.150000e+01
913.987187	44468.504698	2.586100e-04	1.150000e+01
915.010641	44345.042995	2.593300e-04	1.150000e+01
916.035883	44217.163950	2.600800e-04	1.150000e+01
917.059832	44090.020320	2.608300e-04	1.150000e+01
918.083660	43977.055449	2.615000e-04	1.150000e+01
919.107289	43844.599489	2.622900e-04	1.150000e+01
920.131697	43711.277510	2.630900e-04	1.150000e+01
921.155966	43585.370476	2.638500e-04	1.150000e+01
922.180044	43455.259976	2.646400e-04	1.150000e+01
923.204075	43325.923972	2.654300e-04	1.150000e+01
924.228337	43203.847021	2.661800e-04	1.150000e+01
925.253019	43069.547957	2.670100e-04	1.150000e+01
926.277066	42931.272632	2.678700e-04	1.150000e+01
927.301199	42801.846062	2.686800e-04	1.150000e+01
928.325171	42676.364716	2.694700e-04	1.150000e+01
929.350193	42546.894077	2.702900e-04	1.150000e+01
930.373917	42422.900989	2.710800e-04	1.150000e+01
931.397838	42298.072679	2.718800e-04	1.150000e+01
932.422075	42181.711477	2.726300e-04	1.150000e+01
933.446034	42065.988734	2.733800e-04	1.150000e+01
934.469920	41943.248961	2.741800e-04	1.150000e+01
935.493263	41824.265348	2.749600e-04	1.150000e+01
936.519700	41710.492909	2.757100e-04	1.150000e+01
937.545780	41588.311876	2.765200e-04	1.150000e+01
938.570983	41474.321985	2.772800e-04	1.150000e+01
939.596015	41357.980292	2.780600e-04	1.150000e+01
940.620055	41236.374068	2.788800e-04	1.150000e+01
941.645517	41116.950910	2.796900e-04	1.150000e+01
942.669981	40999.679133	2.804900e-04	1.150000e+01
943.694021	40872.903042	2.813600e-04	1.150000e+01
944.718176	40751.240255	2.822000e-04	1.150000e+01
945.742919	40623.123388	2.830900e-04	1.150000e+01
946.767187	40507.220852	2.839000e-04	1.150000e+01
947.790783	40384.885518	2.847600e-04	1.150000e+01
948.815109	40259.058288	2.856500e-04	1.150000e+01
949.839948	40135.413395	2.865300e-04	1.150000e+01
950.864249	40019.487751	2.873600e-04	1.150000e+01
951.888110	39891.771888	2.882800e-04	1.150000e+01
952.912047	39763.493655	2.892100e-04	1.150000e+01
953.936070	39648.336494	2.900500e-04	1.150000e+01
954.959886	39533.844409	2.908900e-04	1.150000e+01
955.984110	39420.011655	2.917300e-04	1.150000e+01
957.008466	39310.863472	2.925400e-04	1.150000e+01
958.033657	39200.981729	2.933600e-04	1.150000e+01
959.059628	39085.069503	2.942300e-04	1.150000e+01
960.087246	38979.086873	2.950300e-04	1.150000e+01
961.111187	38873.677450	2.958300e-04	1.150000e+01
962.135114	38767.529666	2.966400e-04	1.150000e+01
963.159892	38651.564548	2.975300e-04	1.150000e+01
964.184166	38534.999832	2.984300e-04	1.150000e+01
965.208439	38419.136071	2.993300e-04	1.150000e+01
966.232075	38305.242822	3.002200e-04	1.150000e+01
967.256305	38192.022849	3.011100e-04	1.150000e+01
968.281917	38076.948546	3.020200e-04	1.150000e+01
969.305303	37963.818830	3.029200e-04	1.150000e+01
970.329243	37851.359358	3.038200e-04	1.150000e+01
971.353174	37735.849057	3.047500e-04	1.150000e+01
972.377826	37616.119325	3.057200e-04	1.150000e+01
973.402363	37504.484232	3.066300e-04	1.150000e+01
974.426239	37399.590231	3.074900e-04	1.150000e+01
975.450580	37274.730974	3.085200e-04	1.150000e+01
976.475933	37154.303438	3.095200e-04	1.150000e+01
977.499330	37044.195336	3.104400e-04	1.150000e+01
978.523318	36934.737924	3.113600e-04	1.150000e+01
979.547724	36827.104749	3.122700e-04	1.150000e+01
980.572225	36730.652528	3.130900e-04	1.150000e+01
981.596130	36630.036630	3.139500e-04	1.150000e+01
982.620039	36525.329522	3.148500e-04	1.150000e+01
983.644392	36429.295489	3.156800e-04	1.150000e+01
984.669067	36330.321602	3.165400e-04	1.150000e+01
985.693245	36228.459818	3.174300e-04	1.150000e+01
986.717201	36135.113904	3.182500e-04	1.150000e+01
987.741527	36056.938609	3.189400e-04	1.150000e+01
988.765284	35968.972851	3.197200e-04	1.150000e+01
989.790037	35880.315747	3.205100e-04	1.150000e+01
990.814087	35748.702167	3.216900e-04	1.150000e+01
991.838230	35636.814379	3.227000e-04	1.150000e+01
992.862358	35532.210721	3.236500e-04	1.150000e+01
993.887086	35430.402366	3.245800e-04	1.150000e+01
994.912807	35311.818712	3.256700e-04	1.150000e+01
995.938073	35198.334966	3.267200e-04	1.150000e+01
996.964208	35086.648767	3.277600e-04	1.150000e+01
997.990241	34978.860602	3.287700e-04	1.150000e+01
999.014137	34866.446351	3.298300e-04	1.150000e+01
1000.037394	34766.309934	3.307800e-04	1.150000e+01
1001.061650	34659.433394	3.318000e-04	1.150000e+01
1002.085872	34564.635869	3.327100e-04	1.150000e+01
1003.109409	34463.124457	3.336900e-04	1.150000e+01
1004.133354	34370.423503	3.345900e-04	1.150000e+01
1005.157398	34277.198212	3.355000e-04	1.150000e+01
1006.181946	34183.461150	3.364200e-04	1.150000e+01
1007.206678	34083.162918	3.374100e-04	1.150000e+01
1008.231023	33990.482665	3.383300e-04	1.150000e+01
1009.256006	33898.305085	3.392500e-04	1.150000e+01
1010.280334	33794.704517	3.402900e-04	1.150000e+01
1011.304346	33700.621264	3.412400e-04	1.150000e+01
1012.329170	33606.078317	3.422000e-04	1.150000e+01
1013.353191	33505.229729	3.432300e-04	1.150000e+01
1014.377308	33404.014291	3.442700e-04	1.150000e+01
1015.402049	33297.622839	3.453700e-04	1.150000e+01
1016.425466	33193.823062	3.464500e-04	1.150000e+01
1017.449336	33091.620626	3.475200e-04	1.150000e+01
1018.473314	32987.206701	3.486200e-04	1.150000e+01
1019.498378	32882.509364	3.497300e-04	1.150000e+01
1020.522425	32784.081190	3.507800e-04	1.150000e+01
1021.546169	32689.027857	3.518000e-04	1.150000e+01
1022.571137	32593.600317	3.528300e-04	1.150000e+01
1023.596120	32499.646743	3.538500e-04	1.150000e+01
1024.620209	32403.493942	3.549000e-04	1.150000e+01
1025.644394	32314.263235	3.558800e-04	1.150000e+01
1026.669008	32221.008097	3.569100e-04	1.150000e+01
1027.696067	32136.369987	3.578500e-04	1.150000e+01
1028.721234	32042.351630	3.589000e-04	1.150000e+01
1029.745442	31949.769406	3.599400e-04	1.150000e+01
1030.770271	31854.190904	3.610200e-04	1.150000e+01
1031.794392	31762.691267	3.620600e-04	1.150000e+01
1032.818319	31667.355087	3.631500e-04	1.150000e+01
1033.842102	31570.855982	3.642600e-04	1.150000e+01
1034.865852	31470.636528	3.654200e-04	1.150000e+01
1035.889295	31378.755218	3.664900e-04	1.150000e+01
1036.913140	31281.451459	3.676300e-04	1.150000e+01
1037.937104	31179.676274	3.688300e-04	1.150000e+01
1038.963057	31084.441561	3.699600e-04	1.150000e+01
1039.987437	30992.292352	3.710600e-04	1.150000e+01
1041.012973	30899.027352	3.721800e-04	1.150000e+01
1042.037348	30808.797921	3.732700e-04	1.150000e+01
1043.061479	30719.093920	3.743600e-04	1.150000e+01
1044.086011	30625.016644	3.755100e-04	1.150000e+01
1045.110515	30539.621840	3.765600e-04	1.150000e+01
1046.134496	30433.747056	3.778700e-04	1.150000e+01
1047.159249	30353.419379	3.788700e-04	1.150000e+01
1048.184026	30265.547280	3.799700e-04	1.150000e+01
1049.209426	30188.481126	3.809400e-04	1.150000e+01
1050.233151	30106.288287	3.819800e-04	1.150000e+01
1051.256366	30020.622863	3.830700e-04	1.150000e+01
1052.281308	29930.768830	3.842200e-04	1.150000e+01
1053.305423	29839.902436	3.853900e-04	1.150000e+01
1054.329147	29747.277477	3.865900e-04	1.150000e+01
1055.352466	29660.579800	3.877200e-04	1.150000e+01
1056.376795	29574.386010	3.888500e-04	1.150000e+01
1057.401159	29490.960380	3.899500e-04	1.150000e+01
1058.424835	29399.734124	3.911600e-04	1.150000e+01
1059.449234	29294.884858	3.925600e-04	1.150000e+01
1060.473502	29207.832779	3.937300e-04	1.150000e+01
1061.498077	29110.976104	3.950400e-04	1.150000e+01
1062.522276	29022.814456	3.962400e-04	1.150000e+01
1063.546372	28946.109895	3.972900e-04	1.150000e+01
1064.570213	28855.321925	3.985400e-04	1.150000e+01
1065.594279	28775.898308	3.996400e-04	1.150000e+01
1066.619153	28689.035799	4.008500e-04	1.150000e+01
1067.642394	28594.161818	4.021800e-04	1.150000e+01
1068.666265	28515.460339	4.032900e-04	1.150000e+01
1069.690326	28425.241615	4.045700e-04	1.150000e+01
1070.714200	28339.781660	4.057900e-04	1.150000e+01
1071.738463	28256.222512	4.069900e-04	1.150000e+01
1072.762482	28172.464478	4.082000e-04	1.150000e+01
1073.786396	28087.143415	4.094400e-04	1.150000e+01
1074.810357	28005.747266	4.106300e-04	1.150000e+01
1075.834321	27922.109455	4.118600e-04	1.150000e+01
1076.859371	27836.274296	4.131300e-04	1.150000e+01
1077.884285	27750.295601	4.144100e-04	1.150000e+01
1078.908009	27668.840074	4.156300e-04	1.150000e+01
1079.932513	27582.567817	4.169300e-04	1.150000e+01
1080.957103	27493.544994	4.182800e-04	1.150000e+01
1081.981579	27401.177059	4.196900e-04	1.150000e+01
1083.006240	27320.457083	4.209300e-04	1.150000e+01
1084.030598	27230.536086	4.223200e-04	1.150000e+01
1085.054829	27147.612190	4.236100e-04	1.150000e+01
1086.078516	27060.096946	4.249800e-04	1.150000e+01
1087.103292	26980.105105	4.262400e-04	1.150000e+01
1088.127241	26893.035873	4.276200e-04	1.150000e+01
1089.150830	26813.402038	4.288900e-04	1.150000e+01
1090.175284	26726.782560	4.302800e-04	1.150000e+01
1091.199476	26633.933948	4.317800e-04	1.150000e+01
1092.223312	26552.759178	4.331000e-04	1.150000e+01
1093.247704	26469.640473	4.344600e-04	1.150000e+01
1094.271607	26376.751760	4.359900e-04	1.150000e+01
1095.296394	26296.533431	4.373200e-04	1.150000e+01
1096.320554	26214.411088	4.386900e-04	1.150000e+01
1097.344645	26138.145783	4.399700e-04	1.150000e+01
1098.368429	26053.466244	4.414000e-04	1.150000e+01
1099.392649	25976.372795	4.427100e-04	1.150000e+01
1100.416482	25897.984461	4.440500e-04	1.150000e+01
1101.440502	25817.749141	4.454300e-04	1.150000e+01
1102.464661	25736.857418	4.468300e-04	1.150000e+01
1103.489423	25652.464867	4.483000e-04	1.150000e+01
1104.513347	25576.016369	4.496400e-04	1.150000e+01
1105.536824	25492.673627	4.511100e-04	1.150000e+01
1106.561662	25409.310855	4.525900e-04	1.150000e+01
1107.587568	25329.280648	4.540200e-04	1.150000e+01
1108.611555	25248.644258	4.554700e-04	1.150000e+01
1109.635581	25170.723166	4.568800e-04	1.150000e+01
1110.660430	25093.281547	4.582900e-04	1.150000e+01
1111.684812	25016.859188	4.596900e-04	1.150000e+01
1112.709495	24939.819132	4.611100e-04	1.150000e+01
1113.734256	24867.015526	4.624600e-04	1.150000e+01
1114.758324	24787.153788	4.639500e-04	1.150000e+01
1115.782411	24711.519866	4.653700e-04	1.150000e+01
1116.807441	24631.596984	4.668800e-04	1.150000e+01
1117.831529	24545.900835	4.685100e-04	1.150000e+01
1118.857188	24470.688371	4.699500e-04	1.150000e+01
1119.882420	24386.623407	4.715700e-04	1.150000e+01
1120.906364	24310.326604	4.730500e-04	1.150000e+01
1121.930313	24232.463072	4.745700e-04	1.150000e+01
1122.954303	24153.067440	4.761300e-04	1.150000e+01
1123.977589	24073.182475	4.777100e-04	1.150000e+01
1125.004482	24003.339595	4.791000e-04	1.150000e+01
1126.030583	23925.933632	4.806500e-04	1.150000e+01
1127.055746	23847.047113	4.822400e-04	1.150000e+01
1128.079857	23758.367077	4.840400e-04	1.150000e+01
1129.103835	23682.530530	4.855900e-04	1.150000e+01
1130.127431	23605.238310	4.871800e-04	1.150000e+01
1131.151755	23533.263757	4.886700e-04	1.150000e+01
1132.176106	23446.419834	4.904800e-04	1.150000e+01
1133.200758	23370.183710	4.920800e-04	1.150000e+01
1134.225620	23297.273206	4.936200e-04	1.150000e+01
1135.249445	23228.099941	4.950900e-04	1.150000e+01
1136.274138	23149.080076	4.967800e-04	1.150000e+01
1137.298788	23071.521717	4.984500e-04	1.150000e+01
1138.322388	22995.400920	5.001000e-04	1.150000e+01
1139.346554	22922.978791	5.016800e-04	1.150000e+01
1140.370762	22850.103322	5.032800e-04	1.150000e+01
1141.394574	22779.494493	5.048400e-04	1.150000e+01
1142.418418	22705.733691	5.064800e-04	1.150000e+01
1143.442653	22631.558232	5.081400e-04	1.150000e+01
1144.467219	22558.308323	5.097900e-04	1.150000e+01
1145.491520	22486.850081	5.114100e-04	1.150000e+01
1146.515635	22415.406206	5.130400e-04	1.150000e+01
1147.539778	22343.980726	5.146800e-04	1.150000e+01
1148.564416	22271.714922	5.163500e-04	1.150000e+01
1149.588545	22200.772201	5.180000e-04	1.150000e+01
1150.613660	22125.170749	5.197700e-04	1.150000e+01
1151.637532	22052.619468	5.214800e-04	1.150000e+01
1152.661589	21987.686895	5.230200e-04	1.150000e+01
1153.685519	21920.210434	5.246300e-04	1.150000e+01
1154.711637	21853.562131	5.262300e-04	1.150000e+01
1155.735713	21782.778346	5.279400e-04	1.150000e+01
1156.759738	21707.123712	5.297800e-04	1.150000e+01
1157.784987	21638.098105	5.314700e-04	1.150000e+01
1158.808854	21567.083005	5.332200e-04	1.150000e+01
1159.833679	21485.688663	5.352400e-04	1.150000e+01
1160.857698	21412.478820	5.370700e-04	1.150000e+01
1161.882745	21338.182358	5.389400e-04	1.150000e+01
1162.908808	21272.266514	5.406100e-04	1.150000e+01
1163.934641	21207.147731	5.422700e-04	1.150000e+01
1164.958579	21148.258487	5.437800e-04	1.150000e+01
1165.982967	21097.820503	5.450800e-04	1.150000e+01
1167.006799	21041.845827	5.465300e-04	1.150000e+01
1168.031699	20977.362689	5.482100e-04	1.150000e+01
1169.055509	20918.599363	5.497500e-04	1.150000e+01
1170.078938	20858.272572	5.513400e-04	1.150000e+01
1171.101861	20797.916591	5.529400e-04	1.150000e+01
1172.127647	20737.908897	5.545400e-04	1.150000e+01
1173.151637	20681.221451	5.560600e-04	1.150000e+01
1174.175793	20627.432692	5.575100e-04	1.150000e+01
1175.199725	20573.186876	5.589800e-04	1.150000e+01
1176.225882	20520.324043	5.604200e-04	1.150000e+01
1177.249764	20466.275138	5.619000e-04	1.150000e+01
1178.273703	20417.583978	5.632400e-04	1.150000e+01
1179.299259	20371.649749	5.645100e-04	1.150000e+01
1180.323882	20328.436832	5.657100e-04	1.150000e+01
1181.347694	20283.260137	5.669700e-04	1.150000e+01
1182.371669	20236.859239	5.682700e-04	1.150000e+01
1183.396452	20195.279573	5.694400e-04	1.150000e+01
1184.420890	20158.109695	5.704900e-04	1.150000e+01
1185.444722	20110.168751	5.718500e-04	1.150000e+01
1186.468521	20070.858858	5.729700e-04	1.150000e+01
1187.492922	20027.864855	5.742000e-04	1.150000e+01
1188.517662	19988.528323	5.753300e-04	1.150000e+01
1189.541968	19947.961839	5.765000e-04	1.150000e+01
1190.565818	19906.870467	5.776900e-04	1.150000e+01
1191.589678	19866.634419	5.788600e-04	1.150000e+01
1192.613815	19827.586207	5.800000e-04	1.150000e+01
1193.638568	19788.691193	5.811400e-04	1.150000e+01
1194.662669	19753.680197	5.821700e-04	1.150000e+01
1195.688329	19716.764393	5.832600e-04	1.150000e+01
1196.713190	19682.680952	5.842700e-04	1.150000e+01
1197.738524	19646.701063	5.853400e-04	1.150000e+01
1198.761975	19614.531810	5.863000e-04	1.150000e+01
1199.786187	19585.135734	5.871800e-04	1.150000e+01
1200.811893	19555.827637	5.880600e-04	1.150000e+01
1201.837607	19525.612510	5.889700e-04	1.150000e+01
1202.861077	19495.821113	5.898700e-04	1.150000e+01
1203.884808	19464.802559	5.908100e-04	1.150000e+01
1204.909740	19433.225746	5.917700e-04	1.150000e+01
1205.934020	19406.007425	5.926000e-04	1.150000e+01
1206.957933	19382.458033	5.933200e-04	1.150000e+01
1207.982220	19347.240915	5.944000e-04	1.150000e+01
1209.006597	19318.639968	5.952800e-04	1.150000e+01
1210.031543	19293.683416	5.960500e-04	1.150000e+01
1211.054818	19264.917747	5.969400e-04	1.150000e+01
1212.078900	19230.447651	5.980100e-04	1.150000e+01
1213.103621	19204.114690	5.988300e-04	1.150000e+01
1214.128033	19175.615287	5.997200e-04	1.150000e+01
1215.151826	19143.375560	6.007300e-04	1.150000e+01
1216.175958	19117.598165	6.015400e-04	1.150000e+01
1217.200019	19086.186580	6.025300e-04	1.150000e+01
1218.224739	19059.931053	6.033600e-04	1.150000e+01
1219.248965	19036.268229	6.041100e-04	1.150000e+01
1220.272879	19010.778285	6.049200e-04	1.150000e+01
1221.296594	18982.849408	6.058100e-04	1.150000e+01
1222.322076	18960.940463	6.065100e-04	1.150000e+01
1223.346608	18937.834500	6.072500e-04	1.150000e+01
1224.369902	18920.386305	6.078100e-04	1.150000e+01
1225.394320	18900.484839	6.084500e-04	1.150000e+01
1226.418814	18879.695298	6.091200e-04	1.150000e+01
1227.442859	18856.477610	6.098700e-04	1.150000e+01
1228.466791	18841.030850	6.103700e-04	1.150000e+01
1229.491186	18819.755834	6.110600e-04	1.150000e+01
1230.516071	18799.450729	6.117200e-04	1.150000e+01
1231.540222	18782.256484	6.122800e-04	1.150000e+01
1232.564101	18766.318538	6.128000e-04	1.150000e+01
1233.588122	18757.747765	6.130800e-04	1.150000e+01
1234.612025	18744.295214	6.135200e-04	1.150000e+01
1235.637613	18728.726609	6.140300e-04	1.150000e+01
1236.661021	18709.226089	6.146700e-04	1.150000e+01
1237.684908	18683.086121	6.155300e-04	1.150000e+01
1238.708904	18661.863265	6.162300e-04	1.150000e+01
1239.735229	18643.106104	6.168500e-04	1.150000e+01
1240.759939	18628.610306	6.173300e-04	1.150000e+01
1241.784715	18613.534467	6.178300e-04	1.150000e+01
1242.809674	18599.084602	6.183100e-04	1.150000e+01
1243.836515	18588.261917	6.186700e-04	1.150000e+01
1244.864771	18574.151242	6.191400e-04	1.150000e+01
1245.888926	18568.752826	6.193200e-04	1.150000e+01
1246.912702	18560.661082	6.195900e-04	1.150000e+01
1247.938461	18548.087934	6.200100e-04	1.150000e+01
1248.963967	18539.416411	6.203000e-04	1.150000e+01
1249.987934	18534.934322	6.204500e-04	1.150000e+01
1251.011913	18523.589388	6.208300e-04	1.150000e+01
1252.036712	18516.431320	6.210700e-04	1.150000e+01
1253.062718	18510.768438	6.212600e-04	1.150000e+01
1254.089839	18504.513492	6.214700e-04	1.150000e+01
1255.114916	18496.775127	6.217300e-04	1.150000e+01
1256.138851	18482.505906	6.222100e-04	1.150000e+01
1257.162830	18474.785933	6.224700e-04	1.150000e+01
1258.187645	18467.665526	6.227100e-04	1.150000e+01
1259.211608	18456.402767	6.230900e-04	1.150000e+01
1260.236757	18451.664661	6.232500e-04	1.150000e+01
1261.260960	18443.083042	6.235400e-04	1.150000e+01
1262.285120	18433.327456	6.238700e-04	1.150000e+01
1263.308947	18421.516331	6.242700e-04	1.150000e+01
1264.333291	18411.783541	6.246000e-04	1.150000e+01
1265.358720	18404.417060	6.248500e-04	1.150000e+01
1266.383979	18396.762170	6.251100e-04	1.150000e+01
1267.409046	18389.407701	6.253600e-04	1.150000e+01
1268.433239	18380.883881	6.256500e-04	1.150000e+01
1269.457255	18377.065422	6.257800e-04	1.150000e+01
1270.481254	18369.726690	6.260300e-04	1.150000e+01
1271.506167	18361.807441	6.263000e-04	1.150000e+01
1272.530811	18355.359765	6.265200e-04	1.150000e+01
1273.556892	18350.087761	6.267000e-04	1.150000e+01
1274.584123	18341.600345	6.269900e-04	1.150000e+01
1275.609033	18332.244026	6.273100e-04	1.150000e+01
1276.634088	18329.906438	6.273900e-04	1.150000e+01
1277.658190	18317.060351	6.278300e-04	1.150000e+01
1278.682013	18308.603452	6.281200e-04	1.150000e+01
1279.706863	18300.154358	6.284100e-04	1.150000e+01
1280.731352	18292.876913	6.286600e-04	1.150000e+01
1281.755852	18286.768330	6.288700e-04	1.150000e+01
1282.779251	18277.467855	6.291900e-04	1.150000e+01
1283.803216	18271.079265	6.294100e-04	1.150000e+01
1284.828115	18264.695138	6.296300e-04	1.150000e+01
1285.852138	18257.445863	6.298800e-04	1.150000e+01
1286.878289	18249.912718	6.301400e-04	1.150000e+01
1287.903553	18246.727489	6.302500e-04	1.150000e+01
1288.928226	18238.624649	6.305300e-04	1.150000e+01
1289.952852	18234.286802	6.306800e-04	1.150000e+01
1290.978210	18228.217280	6.308900e-04	1.150000e+01
1292.002691	18225.906145	6.309700e-04	1.150000e+01
1293.026944	18223.018049	6.310700e-04	1.150000e+01
1294.051265	18216.667459	6.312900e-04	1.150000e+01
1295.075089	18212.340048	6.314400e-04	1.150000e+01
1296.098871	18206.573365	6.316400e-04	1.150000e+01
1297.122136	18203.115107	6.317600e-04	1.150000e+01
1298.145753	18203.115107	6.317600e-04	1.150000e+01
1299.170357	18192.748212	6.321200e-04	1.150000e+01
1300.194869	18183.543103	6.324400e-04	1.150000e+01
1301.219255	18175.209015	6.327300e-04	1.150000e+01
1302.244899	18166.882563	6.330200e-04	1.150000e+01
1303.269067	18160.857824	6.332300e-04	1.150000e+01
1304.293259	18154.837080	6.334400e-04	1.150000e+01
1305.317256	18148.820327	6.336500e-04	1.150000e+01
1306.343141	18144.238810	6.338100e-04	1.150000e+01
1307.367082	18137.084818	6.340600e-04	1.150000e+01
1308.391070	18133.938849	6.341700e-04	1.150000e+01
1309.415246	18131.937437	6.342400e-04	1.150000e+01
1310.440200	18127.078703	6.344100e-04	1.150000e+01
1311.464267	18121.080332	6.346200e-04	1.150000e+01
1312.488195	18109.951024	6.350100e-04	1.150000e+01
1313.513488	18106.814460	6.351200e-04	1.150000e+01
1314.538239	18103.109012	6.352500e-04	1.150000e+01
1315.562740	18096.841708	6.354700e-04	1.150000e+01
1316.587444	18094.563764	6.355500e-04	1.150000e+01
1317.611699	18088.871412	6.357500e-04	1.150000e+01
1318.636245	18089.725036	6.357200e-04	1.150000e+01
1319.660210	18093.425007	6.355900e-04	1.150000e+01
1320.684191	18088.017868	6.357800e-04	1.150000e+01
1321.709685	18090.578741	6.356900e-04	1.150000e+01
1322.735014	18085.742144	6.358600e-04	1.150000e+01
1323.759179	18076.644975	6.361800e-04	1.150000e+01
1324.783107	18069.828101	6.364200e-04	1.150000e+01
1325.807407	18064.435054	6.366100e-04	1.150000e+01
1326.834163	18062.165261	6.366900e-04	1.150000e+01
1327.859307	18059.045226	6.368000e-04	1.150000e+01
1328.883116	18053.091788	6.370100e-04	1.150000e+01
1329.907001	18045.443133	6.372800e-04	1.150000e+01
1330.931065	18042.328872	6.373900e-04	1.150000e+01
1331.955257	18036.103574	6.376100e-04	1.150000e+01
1332.979391	18032.427008	6.377400e-04	1.150000e+01
1334.003376	18029.882571	6.378300e-04	1.150000e+01
1335.027566	18029.034584	6.378600e-04	1.150000e+01
1336.051068	18029.882571	6.378300e-04	1.150000e+01
1337.076375	18017.735719	6.382600e-04	1.150000e+01
1338.102119	18017.171147	6.382800e-04	1.150000e+01
1339.126957	18012.373718	6.384500e-04	1.150000e+01
1340.152752	18010.681117	6.385100e-04	1.150000e+01
1341.180976	18010.963195	6.385000e-04	1.150000e+01
1342.205159	18007.296870	6.386300e-04	1.150000e+01
1343.229330	18002.786518	6.387900e-04	1.150000e+01
1344.253159	17999.405237	6.389100e-04	1.150000e+01
1345.278113	17993.772590	6.391100e-04	1.150000e+01
1346.302167	17990.394694	6.392300e-04	1.150000e+01
1347.326242	17982.517865	6.395100e-04	1.150000e+01
1348.351484	17976.052771	6.397400e-04	1.150000e+01
1349.375571	17973.243311	6.398400e-04	1.150000e+01
1350.400329	17968.750000	6.400000e-04	1.150000e+01
1351.424476	17967.627023	6.400400e-04	1.150000e+01
1352.448368	17962.855938	6.402100e-04	1.150000e+01
1353.472393	17963.978318	6.401700e-04	1.150000e+01
1354.497321	17956.965741	6.404200e-04	1.150000e+01
1355.521268	17951.920075	6.406000e-04	1.150000e+01
1356.545170	17950.799201	6.406400e-04	1.150000e+01
1357.570062	17951.639843	6.406100e-04	1.150000e+01
1358.595454	17949.958637	6.406700e-04	1.150000e+01
1359.619144	17948.838008	6.407100e-04	1.150000e+01
1360.642602	17944.636894	6.408600e-04	1.150000e+01
1361.666226	17943.236960	6.409100e-04	1.150000e+01
1362.690250	17940.717629	6.410000e-04	1.150000e+01
1363.714330	17937.079843	6.411300e-04	1.150000e+01
1364.739235	17935.401363	6.411900e-04	1.150000e+01
1365.762852	17935.401363	6.411900e-04	1.150000e+01
1366.788217	17936.800075	6.411400e-04	1.150000e+01
1367.812243	17933.723197	6.412500e-04	1.150000e+01
1368.836196	17942.677047	6.409300e-04	1.150000e+01
1369.861817	17937.919201	6.411000e-04	1.150000e+01
1370.886550	17941.557327	6.409700e-04	1.150000e+01
1371.910023	17942.677047	6.409300e-04	1.150000e+01
1372.934813	17928.690582	6.414300e-04	1.150000e+01
1373.959713	17919.192234	6.417700e-04	1.150000e+01
1374.983572	17915.563172	6.419000e-04	1.150000e+01
1376.007273	17910.819693	6.420700e-04	1.150000e+01
1377.031130	17906.357535	6.422300e-04	1.150000e+01
1378.055734	17903.848549	6.423200e-04	1.150000e+01
1379.079562	17898.275540	6.425200e-04	1.150000e+01
1380.103151	17898.275540	6.425200e-04	1.150000e+01
1381.126433	17896.047308	6.426000e-04	1.150000e+01
1382.151545	17890.479154	6.428000e-04	1.150000e+01
1383.176460	17890.757479	6.427900e-04	1.150000e+01
1384.200379	17890.200837	6.428100e-04	1.150000e+01
1385.224689	17886.027125	6.429600e-04	1.150000e+01
1386.248772	17887.139924	6.429200e-04	1.150000e+01
1387.273417	17884.636320	6.430100e-04	1.150000e+01
1388.297598	17879.353234	6.432000e-04	1.150000e+01
1389.321492	17878.241403	6.432400e-04	1.150000e+01
1390.346122	17874.073268	6.433900e-04	1.150000e+01
1391.370539	17869.351731	6.435600e-04	1.150000e+01
1392.395242	17866.020383	6.436800e-04	1.150000e+01
1393.418462	17860.470895	6.438800e-04	1.150000e+01
1394.442882	17857.697444	6.439800e-04	1.150000e+01
1395.467704	17856.311041	6.440300e-04	1.150000e+01
1396.493212	17852.707402	6.441600e-04	1.150000e+01
1397.517111	17850.213426	6.442500e-04	1.150000e+01
1398.540852	17845.504485	6.444200e-04	1.150000e+01
1399.565402	17844.396859	6.444600e-04	1.150000e+01
1400.589238	17844.396859	6.444600e-04	1.150000e+01
1401.612199	17845.504485	6.444200e-04	1.150000e+01
1402.636328	17842.182021	6.445400e-04	1.150000e+01
1403.660619	17841.628398	6.445600e-04	1.150000e+01
1404.686026	17838.860795	6.446600e-04	1.150000e+01
1405.710547	17839.137516	6.446500e-04	1.150000e+01
1406.734426	17837.200645	6.447200e-04	1.150000e+01
1407.758729	17835.817423	6.447700e-04	1.150000e+01
1408.783619	17831.669044	6.449200e-04	1.150000e+01
1409.807538	17829.457364	6.450000e-04	1.150000e+01
1410.832523	17826.693536	6.451000e-04	1.150000e+01
1411.857628	17824.206823	6.451900e-04	1.150000e+01
1412.882521	17819.787712	6.453500e-04	1.150000e+01
1413.906459	17820.063842	6.453400e-04	1.150000e+01
1414.930288	17817.578978	6.454300e-04	1.150000e+01
1415.954287	17813.163153	6.455900e-04	1.150000e+01
1416.978767	17810.404374	6.456900e-04	1.150000e+01
1418.002759	17808.749516	6.457500e-04	1.150000e+01
1419.027544	17804.889377	6.458900e-04	1.150000e+01
1420.052248	17800.204315	6.460600e-04	1.150000e+01
1421.076591	17796.347880	6.462000e-04	1.150000e+01
1422.100692	17796.072484	6.462100e-04	1.150000e+01
1423.124736	17797.724986	6.461500e-04	1.150000e+01
1424.149180	17803.511162	6.459400e-04	1.150000e+01
1425.174516	17796.623284	6.461900e-04	1.150000e+01
1426.198401	17795.521718	6.462300e-04	1.150000e+01
1427.222166	17797.724986	6.461500e-04	1.150000e+01
1428.246019	17801.306461	6.460200e-04	1.150000e+01
1429.270632	17798.826825	6.461100e-04	1.150000e+01
1430.293841	17797.724986	6.461500e-04	1.150000e+01
1431.317750	17799.928800	6.460700e-04	1.150000e+01
1432.342134	17793.594306	6.463000e-04	1.150000e+01
1433.366555	17791.667311	6.463700e-04	1.150000e+01
1434.390411	17786.989204	6.465400e-04	1.150000e+01
1435.414614	17783.138492	6.466800e-04	1.150000e+01
1436.438991	17777.915192	6.468700e-04	1.150000e+01
1437.463624	17776.266366	6.469300e-04	1.150000e+01
1438.487749	17773.519002	6.470300e-04	1.150000e+01
1439.511645	17771.596353	6.471000e-04	1.150000e+01
1440.536097	17764.184315	6.473700e-04	1.150000e+01
1441.559802	17759.246390	6.475500e-04	1.150000e+01
1442.584415	17758.972142	6.475600e-04	1.150000e+01
1443.607818	17754.585315	6.477200e-04	1.150000e+01
1444.632342	17756.230121	6.476600e-04	1.150000e+01
1445.657290	17752.940813	6.477800e-04	1.150000e+01
1446.681663	17752.666759	6.477900e-04	1.150000e+01
1447.707106	17757.052638	6.476300e-04	1.150000e+01
1448.731593	17760.069187	6.475200e-04	1.150000e+01
1449.756990	17758.697901	6.475700e-04	1.150000e+01
1450.781104	17759.246390	6.475500e-04	1.150000e+01
1451.805415	17756.778457	6.476400e-04	1.150000e+01
1452.830410	17755.133549	6.477000e-04	1.150000e+01
1453.857148	17751.296616	6.478400e-04	1.150000e+01
1454.881918	17755.955965	6.476700e-04	1.150000e+01
1455.906760	17752.118677	6.478100e-04	1.150000e+01
1456.930837	17753.763026	6.477500e-04	1.150000e+01
1457.954881	17748.283047	6.479500e-04	1.150000e+01
1458.979767	17744.175282	6.481000e-04	1.150000e+01
1460.006638	17738.701219	6.483000e-04	1.150000e+01
1461.030571	17737.333231	6.483500e-04	1.150000e+01
1462.054366	17731.863388	6.485500e-04	1.150000e+01
1463.078710	17729.676395	6.486300e-04	1.150000e+01
1464.103547	17726.943413	6.487300e-04	1.150000e+01
1465.127476	17723.391795	6.488600e-04	1.150000e+01
1466.151581	17724.484449	6.488200e-04	1.150000e+01
1467.176049	17725.850455	6.487700e-04	1.150000e+01
1468.200906	17723.938105	6.488400e-04	1.150000e+01
1469.224599	17726.670161	6.487400e-04	1.150000e+01
1470.248862	17733.777449	6.484800e-04	1.150000e+01
1471.273035	17732.410220	6.485300e-04	1.150000e+01
1472.297705	17728.309798	6.486800e-04	1.150000e+01
1473.322416	17727.763219	6.487000e-04	1.150000e+01
1474.346568	17726.670161	6.487400e-04	1.150000e+01
1475.371335	17726.123682	6.487600e-04	1.150000e+01
1476.395420	17726.670161	6.487400e-04	1.150000e+01
1477.418577	17727.763219	6.487000e-04	1.150000e+01
1478.442757	17722.572393	6.488900e-04	1.150000e+01
1479.467249	17716.838700	6.491000e-04	1.150000e+01
1480.491732	17710.563196	6.493300e-04	1.150000e+01
1481.515776	17708.654142	6.494000e-04	1.150000e+01
1482.539660	17706.745500	6.494700e-04	1.150000e+01
1483.563916	17705.382436	6.495200e-04	1.150000e+01
1484.588731	17704.837269	6.495400e-04	1.150000e+01
1485.613614	17701.022042	6.496800e-04	1.150000e+01
1486.638469	17698.297885	6.497800e-04	1.150000e+01
1487.661885	17696.663794	6.498400e-04	1.150000e+01
1488.685882	17695.846862	6.498700e-04	1.150000e+01
1489.711267	17702.111939	6.496400e-04	1.150000e+01
1490.735065	17703.201970	6.496000e-04	1.150000e+01
1491.759133	17707.018138	6.494600e-04	1.150000e+01
1492.783821	17707.563439	6.494400e-04	1.150000e+01
1493.808587	17704.019582	6.495700e-04	1.150000e+01
1494.832666	17704.564699	6.495500e-04	1.150000e+01
1495.856757	17705.109849	6.495300e-04	1.150000e+01
1496.881711	17700.477143	6.497000e-04	1.150000e+01
1497.906891	17698.025516	6.497900e-04	1.150000e+01
1498.930674	17696.391475	6.498500e-04	1.150000e+01
1499.954634	17692.307692	6.500000e-04	1.150000e+01
1500.979214	17693.124298	6.499700e-04	1.150000e+01
1502.003043	17691.763330	6.500200e-04	1.150000e+01
1503.026896	17694.213223	6.499300e-04	1.150000e+01
1504.050857	17686.049552	6.502300e-04	1.150000e+01
1505.075318	17682.514300	6.503600e-04	1.150000e+01
1506.099743	17677.893410	6.505300e-04	1.150000e+01
1507.123576	17676.534784	6.505800e-04	1.150000e+01
1508.146913	17675.448034	6.506200e-04	1.150000e+01
1509.171644	17673.818159	6.506800e-04	1.150000e+01
1510.196570	17679.524036	6.504700e-04	1.150000e+01
1511.220561	17680.067645	6.504500e-04	1.150000e+01
1512.244440	17679.524036	6.504700e-04	1.150000e+01
1513.268195	17680.883122	6.504200e-04	1.150000e+01
1514.291734	17679.795837	6.504600e-04	1.150000e+01
1515.315663	17679.252244	6.504800e-04	1.150000e+01
1516.338655	17679.252244	6.504800e-04	1.150000e+01
1517.363314	17677.621668	6.505400e-04	1.150000e+01
1518.387836	17672.460160	6.507300e-04	1.150000e+01
1519.411293	17672.460160	6.507300e-04	1.150000e+01
1520.435130	17673.546543	6.506900e-04	1.150000e+01
1521.459631	17670.559312	6.508000e-04	1.150000e+01
1522.483973	17671.645461	6.507600e-04	1.150000e+01
1523.507998	17669.201813	6.508500e-04	1.150000e+01
1524.531940	17667.573090	6.509100e-04	1.150000e+01
1525.556808	17665.130568	6.510000e-04	1.150000e+01
1526.582610	17665.673293	6.509800e-04	1.150000e+01
1527.605873	17663.231296	6.510700e-04	1.150000e+01
1528.629679	17659.705160	6.512000e-04	1.150000e+01
1529.654183	17654.554107	6.513900e-04	1.150000e+01
1530.678881	17652.386142	6.514700e-04	1.150000e+01
1531.702568	17651.031434	6.515200e-04	1.150000e+01
1532.726105	17650.489609	6.515400e-04	1.150000e+01
1533.750114	17649.406059	6.515800e-04	1.150000e+01
1534.774672	17648.322642	6.516200e-04	1.150000e+01
1535.798559	17645.885440	6.517100e-04	1.150000e+01
1536.822024	17647.780983	6.516400e-04	1.150000e+01
1537.846915	17648.864334	6.516000e-04	1.150000e+01
1538.871634	17642.907551	6.518200e-04	1.150000e+01
1539.895619	17643.719603	6.517900e-04	1.150000e+01
1540.919637	17645.343931	6.517300e-04	1.150000e+01
1541.943028	17646.697766	6.516800e-04	1.150000e+01
1542.966942	17647.510167	6.516500e-04	1.150000e+01
1543.990916	17644.261012	6.517700e-04	1.150000e+01
1545.014404	17644.261012	6.517700e-04	1.150000e+01
1546.038545	17644.802455	6.517500e-04	1.150000e+01
1547.062315	17646.697766	6.516800e-04	1.150000e+01
1548.085608	17645.343931	6.517300e-04	1.150000e+01
1549.109080	17643.448911	6.518000e-04	1.150000e+01
1550.133800	17640.471844	6.519100e-04	1.150000e+01
1551.157760	17643.719603	6.517900e-04	1.150000e+01
1552.181673	17641.283672	6.518800e-04	1.150000e+01
1553.205546	17636.684303	6.520500e-04	1.150000e+01
1554.230571	17635.872899	6.520800e-04	1.150000e+01
1555.255771	17634.791143	6.521200e-04	1.150000e+01
1556.279170	17636.684303	6.520500e-04	1.150000e+01
1557.304892	17639.118964	6.519600e-04	1.150000e+01
1558.328887	17639.389524	6.519500e-04	1.150000e+01
1559.353036	17638.307336	6.519900e-04	1.150000e+01
1560.376595	17638.307336	6.519900e-04	1.150000e+01
1561.401478	17636.954788	6.520400e-04	1.150000e+01
1562.425915	17636.684303	6.520500e-04	1.150000e+01
1563.449913	17635.332004	6.521000e-04	1.150000e+01
1564.474362	17637.225281	6.520300e-04	1.150000e+01
1565.498674	17632.357676	6.522100e-04	1.150000e+01
1566.522629	17632.628028	6.522000e-04	1.150000e+01
1567.546782	17628.303391	6.523600e-04	1.150000e+01
1568.570615	17629.924881	6.523000e-04	1.150000e+01
1569.595057	17628.843854	6.523400e-04	1.150000e+01
1570.619587	17628.033171	6.523700e-04	1.150000e+01
1571.643070	17628.573618	6.523500e-04	1.150000e+01
1572.666865	17626.141867	6.524400e-04	1.150000e+01
1573.690837	17621.280378	6.526200e-04	1.150000e+01
1574.713866	17621.280378	6.526200e-04	1.150000e+01
1575.737725	17621.280378	6.526200e-04	1.150000e+01
1576.761652	17622.360477	6.525800e-04	1.150000e+01
1577.785729	17622.360477	6.525800e-04	1.150000e+01
1578.809931	17622.900576	6.525600e-04	1.150000e+01
1579.834969	17625.061305	6.524800e-04	1.150000e+01
1580.859880	17622.900576	6.525600e-04	1.150000e+01
1581.885078	17624.250969	6.525100e-04	1.150000e+01
1582.909035	17621.280378	6.526200e-04	1.150000e+01
1583.931831	17622.360477	6.525800e-04	1.150000e+01
1584.955644	17623.170638	6.525500e-04	1.150000e+01
1585.978960	17622.630522	6.525700e-04	1.150000e+01
1587.003664	17622.900576	6.525600e-04	1.150000e+01
1588.028239	17619.930440	6.526700e-04	1.150000e+01
1589.054027	17618.040874	6.527400e-04	1.150000e+01
1590.077903	17617.231184	6.527700e-04	1.150000e+01
1591.102411	17613.453615	6.529100e-04	1.150000e+01
1592.127223	17611.295732	6.529900e-04	1.150000e+01
1593.152060	17607.251125	6.531400e-04	1.150000e+01
1594.175973	17608.059898	6.531100e-04	1.150000e+01
1595.200357	17605.633803	6.532000e-04	1.150000e+01
1596.223636	17608.059898	6.531100e-04	1.150000e+01
1597.248118	17609.138377	6.530700e-04	1.150000e+01
1598.271860	17608.599121	6.530900e-04	1.150000e+01
1599.294876	17607.251125	6.531400e-04	1.150000e+01
1600.318327	17607.520708	6.531300e-04	1.150000e+01
1601.342515	17607.251125	6.531400e-04	1.150000e+01
1602.366861	17608.329505	6.531000e-04	1.150000e+01
1603.390038	17607.520708	6.531300e-04	1.150000e+01
1604.414383	17606.711985	6.531600e-04	1.150000e+01
1605.437793	17606.711985	6.531600e-04	1.150000e+01
1606.460813	17607.520708	6.531300e-04	1.150000e+01
1607.484699	17606.172877	6.531800e-04	1.150000e+01
1608.509174	17602.669483	6.533100e-04	1.150000e+01
1609.533310	17602.400049	6.533200e-04	1.150000e+01
1610.557151	17601.053002	6.533700e-04	1.150000e+01
1611.581725	17603.208376	6.532900e-04	1.150000e+01
1612.607052	17606.981551	6.531500e-04	1.150000e+01
1613.632546	17608.059898	6.531100e-04	1.150000e+01
1614.656071	17613.183851	6.529200e-04	1.150000e+01
1615.679986	17622.090440	6.525900e-04	1.150000e+01
1616.703240	17617.770969	6.527500e-04	1.150000e+01
1617.729694	17614.802561	6.528600e-04	1.150000e+01
1618.753987	17611.835153	6.529700e-04	1.150000e+01
1619.777988	17604.825253	6.532300e-04	1.150000e+01
1620.802098	17597.820931	6.534900e-04	1.150000e+01
1621.826795	17597.820931	6.534900e-04	1.150000e+01
1622.850403	17595.397656	6.535800e-04	1.150000e+01
1623.875507	17595.936104	6.535600e-04	1.150000e+01
1624.902690	17594.051681	6.536300e-04	1.150000e+01
1625.928304	17596.474585	6.535400e-04	1.150000e+01
1626.952239	17591.091260	6.537400e-04	1.150000e+01
1627.976146	17592.436782	6.536900e-04	1.150000e+01
1629.000501	17591.898548	6.537100e-04	1.150000e+01
1630.024146	17588.400832	6.538400e-04	1.150000e+01
1631.047869	17584.366733	6.539900e-04	1.150000e+01
1632.071283	17583.828993	6.540100e-04	1.150000e+01
1633.095861	17585.173405	6.539600e-04	1.150000e+01
1634.120237	17581.947162	6.540800e-04	1.150000e+01
1635.144043	17581.409570	6.541000e-04	1.150000e+01
1636.168407	17579.796992	6.541600e-04	1.150000e+01
1637.193230	17578.453402	6.542100e-04	1.150000e+01
1638.217276	17577.378678	6.542500e-04	1.150000e+01
1639.241271	17574.692443	6.543500e-04	1.150000e+01
1640.265205	17572.275533	6.544400e-04	1.150000e+01
1641.289831	17569.590858	6.545400e-04	1.150000e+01
1642.314196	17568.248828	6.545900e-04	1.150000e+01
1643.340998	17567.712073	6.546100e-04	1.150000e+01
1644.366158	17566.370330	6.546600e-04	1.150000e+01
1645.390093	17564.760508	6.547200e-04	1.150000e+01
1646.414628	17569.322435	6.545500e-04	1.150000e+01
1647.439629	17569.322435	6.545500e-04	1.150000e+01
1648.463319	17570.396174	6.545100e-04	1.150000e+01
1649.487105	17573.886732	6.543800e-04	1.150000e+01
1650.511672	17575.229624	6.543300e-04	1.150000e+01
1651.536243	17572.812567	6.544200e-04	1.150000e+01
1652.559085	17573.886732	6.543800e-04	1.150000e+01
1653.582946	17571.201565	6.544800e-04	1.150000e+01
1654.611676	17569.859288	6.545300e-04	1.150000e+01
1655.636360	17570.933093	6.544900e-04	1.150000e+01
1656.660072	17570.396174	6.545100e-04	1.150000e+01
1657.683888	17567.175351	6.546300e-04	1.150000e+01
1658.709287	17562.614539	6.548000e-04	1.150000e+01
1659.733342	17560.200950	6.548900e-04	1.150000e+01
1660.759093	17559.932814	6.549000e-04	1.150000e+01
1661.782506	17562.882756	6.547900e-04	1.150000e+01
1662.806023	17559.932814	6.549000e-04	1.150000e+01
1663.834036	17557.251908	6.550000e-04	1.150000e+01
1664.859199	17553.232084	6.551500e-04	1.150000e+01
1665.882668	17562.882756	6.547900e-04	1.150000e+01
1666.906640	17564.492233	6.547300e-04	1.150000e+01
1667.931514	17561.809935	6.548300e-04	1.150000e+01
1668.954925	17561.809935	6.548300e-04	1.150000e+01
1669.979292	17563.419216	6.547700e-04	1.150000e+01
1671.004524	17559.664687	6.549100e-04	1.150000e+01
1672.029415	17561.273574	6.548500e-04	1.150000e+01
1673.053341	17559.128456	6.549300e-04	1.150000e+01
1674.078123	17561.809935	6.548300e-04	1.150000e+01
1675.102239	17562.078128	6.548200e-04	1.150000e+01
1676.126105	17561.273574	6.548500e-04	1.150000e+01
1677.150082	17559.396568	6.549200e-04	1.150000e+01
1678.174870	17557.251908	6.550000e-04	1.150000e+01
1679.199025	17556.179775	6.550400e-04	1.150000e+01
1680.222472	17550.017550	6.552700e-04	1.150000e+01
1681.246378	17549.749725	6.552800e-04	1.150000e+01
1682.271186	17547.607422	6.553600e-04	1.150000e+01
1683.295197	17547.339671	6.553700e-04	1.150000e+01
1684.319119	17546.001038	6.554200e-04	1.150000e+01
1685.342985	17548.678508	6.553200e-04	1.150000e+01
1686.366777	17548.678508	6.553200e-04	1.150000e+01
1687.390330	17550.285383	6.552600e-04	1.150000e+01
1688.414934	17550.821073	6.552400e-04	1.150000e+01
1689.439390	17552.428340	6.551800e-04	1.150000e+01
1690.463222	17550.285383	6.552600e-04	1.150000e+01
1691.487197	17551.088931	6.552300e-04	1.150000e+01
1692.510889	17554.035902	6.551200e-04	1.150000e+01
1693.535139	17554.035902	6.551200e-04	1.150000e+01
1694.560249	17551.892552	6.552000e-04	1.150000e+01
1695.584387	17552.964161	6.551600e-04	1.150000e+01
1696.608147	17551.892552	6.552000e-04	1.150000e+01
1697.632467	17547.875181	6.553500e-04	1.150000e+01
1698.658190	17545.197956	6.554500e-04	1.150000e+01
1699.681279	17545.197956	6.554500e-04	1.150000e+01
1700.706555	17544.662609	6.554700e-04	1.150000e+01
1701.731528	17543.324384	6.555200e-04	1.150000e+01
1702.756111	17541.451212	6.555900e-04	1.150000e+01
1703.779459	17539.578440	6.556600e-04	1.150000e+01
1704.804275	17538.508464	6.557000e-04	1.150000e+01
1705.828263	17538.508464	6.557000e-04	1.150000e+01
1706.853058	17539.578440	6.556600e-04	1.150000e+01
1707.878819	17539.310934	6.556700e-04	1.150000e+01
1708.904348	17535.031944	6.558300e-04	1.150000e+01
1709.929174	17536.101496	6.557900e-04	1.150000e+01
1710.954113	17533.695188	6.558800e-04	1.150000e+01
1711.979293	17533.962523	6.558700e-04	1.150000e+01
1713.003519	17531.824072	6.559500e-04	1.150000e+01
1714.027118	17535.031944	6.558300e-04	1.150000e+01
1715.055008	17539.043436	6.556800e-04	1.150000e+01
1716.080965	17538.508464	6.557000e-04	1.150000e+01
1717.104841	17535.566704	6.558100e-04	1.150000e+01
1718.128665	17535.299320	6.558200e-04	1.150000e+01
1719.153155	17539.845954	6.556500e-04	1.150000e+01
1720.175928	17541.451212	6.555900e-04	1.150000e+01
1721.200217	17537.171178	6.557500e-04	1.150000e+01
1722.223659	17534.497217	6.558500e-04	1.150000e+01
1723.247310	17533.160543	6.559000e-04	1.150000e+01
1724.271375	17533.962523	6.558700e-04	1.150000e+01
1725.294912	17535.031944	6.558300e-04	1.150000e+01
1726.318691	17528.617373	6.560700e-04	1.150000e+01
1727.343122	17526.480226	6.561500e-04	1.150000e+01
1728.368222	17524.610649	6.562200e-04	1.150000e+01
1729.392613	17524.877707	6.562100e-04	1.150000e+01
1730.416598	17524.076557	6.562400e-04	1.150000e+01
1731.440928	17527.014464	6.561300e-04	1.150000e+01
1732.465576	17529.151741	6.560500e-04	1.150000e+01
1733.489226	17528.083037	6.560900e-04	1.150000e+01
1734.512568	17529.418938	6.560400e-04	1.150000e+01
1735.536193	17531.824072	6.559500e-04	1.150000e+01
1736.560529	17532.625930	6.559200e-04	1.150000e+01
1737.583554	17533.427861	6.558900e-04	1.150000e+01
1738.607203	17531.022287	6.559800e-04	1.150000e+01
1739.631975	17529.418938	6.560400e-04	1.150000e+01
1740.656603	17527.815882	6.561000e-04	1.150000e+01
1741.681030	17533.962523	6.558700e-04	1.150000e+01
1742.705771	17544.930278	6.554600e-04	1.150000e+01
1743.729656	17551.088931	6.552300e-04	1.150000e+01
1744.753607	17544.394947	6.554800e-04	1.150000e+01
1745.778576	17540.113477	6.556400e-04	1.150000e+01
1746.802530	17534.764577	6.558400e-04	1.150000e+01
1747.826487	17533.160543	6.559000e-04	1.150000e+01
1748.850248	17527.014464	6.561300e-04	1.150000e+01
1749.874255	17521.406588	6.563400e-04	1.150000e+01
1750.898814	17520.071908	6.563900e-04	1.150000e+01
1751.922479	17518.470561	6.564500e-04	1.150000e+01
1752.947315	17516.069089	6.565400e-04	1.150000e+01
1753.971411	17513.668276	6.566300e-04	1.150000e+01
1754.995389	17511.801431	6.567000e-04	1.150000e+01
1756.018559	17511.268120	6.567200e-04	1.150000e+01
1757.043247	17512.601459	6.566700e-04	1.150000e+01
1758.066727	17508.868623	6.568100e-04	1.150000e+01
1759.090765	17509.135201	6.568000e-04	1.150000e+01
1760.115312	17513.134851	6.566500e-04	1.150000e+01
1761.139310	17513.134851	6.566500e-04	1.150000e+01
1762.163454	17517.136329	6.565000e-04	1.150000e+01
1763.187296	17521.406588	6.563400e-04	1.150000e+01
1764.211621	17521.406588	6.563400e-04	1.150000e+01
1765.236405	17524.877707	6.562100e-04	1.150000e+01
1766.259814	17521.940517	6.563200e-04	1.150000e+01
1767.283819	17520.872692	6.563600e-04	1.150000e+01
1768.307879	17520.605756	6.563700e-04	1.150000e+01
1769.332365	17522.474478	6.563000e-04	1.150000e+01
1770.355834	17519.271198	6.564200e-04	1.150000e+01
1771.379571	17517.403159	6.564900e-04	1.150000e+01
1772.403023	17513.668276	6.566300e-04	1.150000e+01
1773.427761	17512.068099	6.566900e-04	1.150000e+01
1774.451801	17508.068936	6.568400e-04	1.150000e+01
1775.475802	17507.269323	6.568700e-04	1.150000e+01
1776.500355	17506.203285	6.569100e-04	1.150000e+01
1777.524873	17509.668382	6.567800e-04	1.150000e+01
1778.548557	17511.001477	6.567300e-04	1.150000e+01
1779.572757	17513.401559	6.566400e-04	1.150000e+01
1780.596343	17513.401559	6.566400e-04	1.150000e+01
1781.620313	17516.602693	6.565200e-04	1.150000e+01
1782.642636	17516.869507	6.565100e-04	1.150000e+01
1783.665949	17516.869507	6.565100e-04	1.150000e+01
1784.690687	17514.468474	6.566000e-04	1.150000e+01
1785.715292	17512.601459	6.566700e-04	1.150000e+01
1786.738475	17511.268120	6.567200e-04	1.150000e+01
1787.761545	17514.468474	6.566000e-04	1.150000e+01
1788.787048	17513.935000	6.566200e-04	1.150000e+01
1789.811393	17511.268120	6.567200e-04	1.150000e+01
1790.835256	17511.268120	6.567200e-04	1.150000e+01
1791.859474	17506.736288	6.568900e-04	1.150000e+01
1792.883705	17506.736288	6.568900e-04	1.150000e+01
1793.908549	17508.868623	6.568100e-04	1.150000e+01
1794.932621	17509.934985	6.567700e-04	1.150000e+01
1795.956638	17510.734842	6.567400e-04	1.150000e+01
1796.980947	17509.401787	6.567900e-04	1.150000e+01
1798.004882	17510.201596	6.567600e-04	1.150000e+01
1799.028233	17509.934985	6.567700e-04	1.150000e+01
1800.051902	17506.469782	6.569000e-04	1.150000e+01
1801.075790	17508.068936	6.568400e-04	1.150000e+01
1802.100306	17509.135201	6.568000e-04	1.150000e+01
1803.123586	17511.801431	6.567000e-04	1.150000e+01
1804.147178	17508.068936	6.568400e-04	1.150000e+01
1805.171647	17507.269323	6.568700e-04	1.150000e+01
1806.196851	17507.002801	6.568800e-04	1.150000e+01
1807.221565	17507.535852	6.568600e-04	1.150000e+01
1808.245392	17508.868623	6.568100e-04	1.150000e+01
1809.269118	17506.469782	6.569000e-04	1.150000e+01
1810.293497	17509.401787	6.567900e-04	1.150000e+01
1811.317594	17511.001477	6.567300e-04	1.150000e+01
1812.341666	17503.272351	6.570200e-04	1.150000e+01
1813.366657	17503.805175	6.570000e-04	1.150000e+01
1814.390908	17500.076087	6.571400e-04	1.150000e+01
1815.414944	17497.147204	6.572500e-04	1.150000e+01
1816.438832	17496.880991	6.572600e-04	1.150000e+01
1817.463056	17500.608717	6.571200e-04	1.150000e+01
1818.487803	17497.413426	6.572400e-04	1.150000e+01
1819.511185	17497.413426	6.572400e-04	1.150000e+01
1820.534556	17497.413426	6.572400e-04	1.150000e+01
1821.558974	17500.875044	6.571100e-04	1.150000e+01
1822.582567	17497.147204	6.572500e-04	1.150000e+01
1823.606010	17499.010925	6.571800e-04	1.150000e+01
1824.630524	17503.538759	6.570100e-04	1.150000e+01
1825.653876	17508.868623	6.568100e-04	1.150000e+01
1826.679681	17504.870921	6.569600e-04	1.150000e+01
1827.704175	17505.137377	6.569500e-04	1.150000e+01
1828.728452	17508.868623	6.568100e-04	1.150000e+01
1829.752024	17505.936796	6.569200e-04	1.150000e+01
1830.777033	17503.538759	6.570100e-04	1.150000e+01
1831.801649	17505.670315	6.569300e-04	1.150000e+01
1832.825086	17507.269323	6.568700e-04	1.150000e+01
1833.849518	17508.602052	6.568200e-04	1.150000e+01
1834.873852	17504.338032	6.569800e-04	1.150000e+01
1835.897664	17501.940433	6.570700e-04	1.150000e+01
1836.921578	17498.744655	6.571900e-04	1.150000e+01
1837.945579	17496.614785	6.572700e-04	1.150000e+01
1838.969951	17490.494297	6.575000e-04	1.150000e+01
1839.993078	17487.302698	6.576200e-04	1.150000e+01
1841.016711	17492.622677	6.574200e-04	1.150000e+01
1842.041109	17495.017723	6.573300e-04	1.150000e+01
1843.065885	17491.026343	6.574800e-04	1.150000e+01
1844.089892	17486.770878	6.576400e-04	1.150000e+01
1845.113834	17486.239090	6.576600e-04	1.150000e+01
1846.138345	17487.568620	6.576100e-04	1.150000e+01
1847.162452	17492.622677	6.574200e-04	1.150000e+01
1848.185968	17494.219301	6.573600e-04	1.150000e+01
1849.211155	17493.953177	6.573700e-04	1.150000e+01
1850.235512	17496.082399	6.572900e-04	1.150000e+01
1851.259529	17493.953177	6.573700e-04	1.150000e+01
1852.282619	17496.880991	6.572600e-04	1.150000e+01
1853.305971	17491.558422	6.574600e-04	1.150000e+01
1854.330887	17488.366435	6.575800e-04	1.150000e+01
1855.354998	17485.707335	6.576800e-04	1.150000e+01
1856.379782	17485.441469	6.576900e-04	1.150000e+01
1857.403829	17482.783259	6.577900e-04	1.150000e+01
1858.428493	17483.049044	6.577800e-04	1.150000e+01
1859.452887	17483.314836	6.577700e-04	1.150000e+01
1860.476896	17484.378088	6.577300e-04	1.150000e+01
1861.500542	17485.707335	6.576800e-04	1.150000e+01
1862.523940	17487.568620	6.576100e-04	1.150000e+01
1863.547766	17485.441469	6.576900e-04	1.150000e+01
1864.571836	17485.175612	6.577000e-04	1.150000e+01
1865.595513	17484.378088	6.577300e-04	1.150000e+01
1866.618952	17481.985954	6.578200e-04	1.150000e+01
1867.644146	17480.922993	6.578600e-04	1.150000e+01
1868.667292	17480.922993	6.578600e-04	1.150000e+01
1869.691026	17481.188721	6.578500e-04	1.150000e+01
1870.714718	17486.239090	6.576600e-04	1.150000e+01
1871.739912	17479.594473	6.579100e-04	1.150000e+01
1872.765337	17478.797459	6.579400e-04	1.150000e+01
1873.789585	17479.594473	6.579100e-04	1.150000e+01
1874.813205	17478.531803	6.579500e-04	1.150000e+01
1875.837926	17483.846446	6.577500e-04	1.150000e+01
1876.861252	17479.594473	6.579100e-04	1.150000e+01
1877.885214	17476.406851	6.580300e-04	1.150000e+01
1878.909111	17485.707335	6.576800e-04	1.150000e+01
1879.933970	17486.504980	6.576500e-04	1.150000e+01
1880.956706	17485.175612	6.577000e-04	1.150000e+01
1881.981697	17481.454457	6.578400e-04	1.150000e+01
1883.005497	17476.938040	6.580100e-04	1.150000e+01
1884.029779	17473.751387	6.581300e-04	1.150000e+01
1885.053729	17473.485884	6.581400e-04	1.150000e+01
1886.077000	17468.973584	6.583100e-04	1.150000e+01
1887.100880	17468.442878	6.583300e-04	1.150000e+01
1888.125085	17469.238949	6.583000e-04	1.150000e+01
1889.148881	17465.524573	6.584400e-04	1.150000e+01
1890.172961	17474.016897	6.581200e-04	1.150000e+01
1891.197244	17472.423957	6.581800e-04	1.150000e+01
1892.221932	17471.627596	6.582100e-04	1.150000e+01
1893.245941	17469.504322	6.582900e-04	1.150000e+01
1894.270562	17469.238949	6.583000e-04	1.150000e+01
1895.295318	17467.912205	6.583500e-04	1.150000e+01
1896.321012	17467.381564	6.583700e-04	1.150000e+01
1897.346863	17466.585662	6.584000e-04	1.150000e+01
1898.370960	17468.177537	6.583400e-04	1.150000e+01
1899.394607	17468.177537	6.583400e-04	1.150000e+01
1900.417690	17465.524573	6.584400e-04	1.150000e+01
1901.442849	17464.994077	6.584600e-04	1.150000e+01
1902.466797	17463.933181	6.585000e-04	1.150000e+01
1903.490345	17461.546638	6.585900e-04	1.150000e+01
1904.514040	17460.486161	6.586300e-04	1.150000e+01
1905.539131	17458.630636	6.587000e-04	1.150000e+01
1906.562991	17456.510519	6.587800e-04	1.150000e+01
1907.587241	17458.100559	6.587200e-04	1.150000e+01
1908.612967	17459.955971	6.586500e-04	1.150000e+01
1909.637227	17457.835532	6.587300e-04	1.150000e+01
1910.662105	17457.305503	6.587500e-04	1.150000e+01
1911.686201	17456.775506	6.587700e-04	1.150000e+01
1912.711144	17457.570513	6.587400e-04	1.150000e+01
1913.735658	17457.570513	6.587400e-04	1.150000e+01
1914.759515	17458.630636	6.587000e-04	1.150000e+01
1915.783218	17459.690888	6.586600e-04	1.150000e+01
1916.807652	17461.811777	6.585800e-04	1.150000e+01
1917.832984	17462.872415	6.585400e-04	1.150000e+01
1918.856880	17463.137594	6.585300e-04	1.150000e+01
1919.880915	17460.751268	6.586200e-04	1.150000e+01
1920.905763	17457.835532	6.587300e-04	1.150000e+01
1921.929646	17457.305503	6.587500e-04	1.150000e+01
1922.952850	17458.100559	6.587200e-04	1.150000e+01
1923.977072	17454.920770	6.588400e-04	1.150000e+01
1925.001115	17456.775506	6.587700e-04	1.150000e+01
1926.025917	17450.682853	6.590000e-04	1.150000e+01
1927.049893	17448.564666	6.590800e-04	1.150000e+01
1928.074061	17449.888472	6.590300e-04	1.150000e+01
1929.100213	17445.652998	6.591900e-04	1.150000e+01
1930.127267	17446.446993	6.591600e-04	1.150000e+01
1931.152251	17446.976363	6.591400e-04	1.150000e+01
1932.176301	17447.241060	6.591300e-04	1.150000e+01
1933.200415	17450.682853	6.590000e-04	1.150000e+01
1934.226208	17456.510519	6.587800e-04	1.150000e+01
1935.250189	17452.536688	6.589300e-04	1.150000e+01
1936.274324	17455.450654	6.588200e-04	1.150000e+01
1937.297840	17456.775506	6.587700e-04	1.150000e+01
1938.321134	17456.510519	6.587800e-04	1.150000e+01
1939.346187	17453.596200	6.588900e-04	1.150000e+01
1940.369756	17456.510519	6.587800e-04	1.150000e+01
1941.393881	17457.040500	6.587600e-04	1.150000e+01
1942.417642	17455.450654	6.588200e-04	1.150000e+01
1943.439800	17455.450654	6.588200e-04	1.150000e+01
1944.463223	17455.715608	6.588100e-04	1.150000e+01
1945.486893	17460.751268	6.586200e-04	1.150000e+01
1946.511379	17453.331310	6.589000e-04	1.150000e+01
1947.536349	17451.742139	6.589600e-04	1.150000e+01
1948.560277	17450.947662	6.589900e-04	1.150000e+01
1949.583891	17449.888472	6.590300e-04	1.150000e+01
