SourceV	Current	Voltage
1.31631E7	7.597E-7	10
1.18301E7	8.453E-7	10
1.058E7	9.4518E-7	10
9.60061E6	1.0416E-6	10
8.8269E6	1.1329E-6	10
8.19874E6	1.2197E-6	10
7.65873E6	1.3057E-6	10
7.21553E6	1.3859E-6	10
6.82827E6	1.4645E-6	10
6.47249E6	1.545E-6	10
6.16675E6	1.6216E-6	10
5.88824E6	1.6983E-6	10
5.65579E6	1.7681E-6	10
5.43124E6	1.8412E-6	10
5.22575E6	1.9136E-6	10
5.05561E6	1.978E-6	10
4.92587E6	2.0301E-6	10
4.80238E6	2.0823E-6	10
4.69043E6	2.132E-6	10
4.59855E6	2.1746E-6	10
4.5104E6	2.2171E-6	10
4.42576E6	2.2595E-6	10
4.35426E6	2.2966E-6	10
4.29221E6	2.3298E-6	10
4.23531E6	2.3611E-6	10
4.182E6	2.3912E-6	10
4.15369E6	2.4075E-6	10
4.13104E6	2.4207E-6	10
4.10509E6	2.436E-6	10
4.06736E6	2.4586E-6	10
4.04171E6	2.4742E-6	10
4.00834E6	2.4948E-6	10
3.98438E6	2.5098E-6	10
3.96558E6	2.5217E-6	10
3.9507E6	2.5312E-6	10
3.92742E6	2.5462E-6	10
3.90823E6	2.5587E-6	10
3.89985E6	2.5642E-6	10
3.8841E6	2.5746E-6	10
3.86518E6	2.5872E-6	10
3.8466E6	2.5997E-6	10
3.81986E6	2.6179E-6	10
3.78845E6	2.6396E-6	10
3.75827E6	2.6608E-6	10
3.72745E6	2.6828E-6	10
3.70576E6	2.6985E-6	10
3.67958E6	2.7177E-6	10
3.65404E6	2.7367E-6	10
3.63042E6	2.7545E-6	10
3.60959E6	2.7704E-6	10
3.59764E6	2.7796E-6	10
3.57987E6	2.7934E-6	10
3.56366E6	2.8061E-6	10
3.53732E6	2.827E-6	10
3.51407E6	2.8457E-6	10
3.49748E6	2.8592E-6	10
3.46945E6	2.8823E-6	10
3.44056E6	2.9065E-6	10
3.40901E6	2.9334E-6	10
3.37564E6	2.9624E-6	10
3.34158E6	2.9926E-6	10
3.3083E6	3.0227E-6	10
3.28299E6	3.046E-6	10
3.25669E6	3.0706E-6	10
3.23373E6	3.0924E-6	10
3.21461E6	3.1108E-6	10
3.1836E6	3.1411E-6	10
3.17168E6	3.1529E-6	10
3.17854E6	3.1461E-6	10
3.16787E6	3.1567E-6	10
3.13913E6	3.1856E-6	10
3.111E6	3.2144E-6	10
3.07948E6	3.2473E-6	10
3.05018E6	3.2785E-6	10
3.02234E6	3.3087E-6	10
3.00129E6	3.3319E-6	10
2.99868E6	3.3348E-6	10
2.96112E6	3.3771E-6	10
2.93367E6	3.4087E-6	10
2.91231E6	3.4337E-6	10
2.889E6	3.4614E-6	10
2.8641E6	3.4915E-6	10
2.84051E6	3.5205E-6	10
2.81928E6	3.547E-6	10
2.80796E6	3.5613E-6	10
2.7965E6	3.5759E-6	10
2.7767E6	3.6014E-6	10
2.74854E6	3.6383E-6	10
2.71902E6	3.6778E-6	10
2.69724E6	3.7075E-6	10
2.67487E6	3.7385E-6	10
2.65083E6	3.7724E-6	10
2.62729E6	3.8062E-6	10
2.61124E6	3.8296E-6	10
2.59498E6	3.8536E-6	10
2.58859E6	3.8631E-6	10
2.5672E6	3.8953E-6	10
2.55271E6	3.9174E-6	10
2.5364E6	3.9426E-6	10
2.51623E6	3.9742E-6	10
2.498E6	4.0032E-6	10
2.48688E6	4.0211E-6	10
2.46889E6	4.0504E-6	10
2.45381E6	4.0753E-6	10
2.43339E6	4.1095E-6	10
2.40796E6	4.1529E-6	10
2.38852E6	4.1867E-6	10
2.37203E6	4.2158E-6	10
2.35705E6	4.2426E-6	10
2.34538E6	4.2637E-6	10
2.3376E6	4.2779E-6	10
2.32164E6	4.3073E-6	10
2.30303E6	4.3421E-6	10
2.30044E6	4.347E-6	10
2.28352E6	4.3792E-6	10
2.27113E6	4.4031E-6	10
2.25688E6	4.4309E-6	10
2.24568E6	4.453E-6	10
2.2303E6	4.4837E-6	10
2.21646E6	4.5117E-6	10
2.20541E6	4.5343E-6	10
2.1925E6	4.561E-6	10
2.18283E6	4.5812E-6	10
2.17424E6	4.5993E-6	10
2.1624E6	4.6245E-6	10
2.14804E6	4.6554E-6	10
2.13156E6	4.6914E-6	10
2.11229E6	4.7342E-6	10
2.09608E6	4.7708E-6	10
2.08082E6	4.8058E-6	10
2.06505E6	4.8425E-6	10
2.05322E6	4.8704E-6	10
2.04086E6	4.8999E-6	10
2.0293E6	4.9278E-6	10
2.02012E6	4.9502E-6	10
2.01442E6	4.9642E-6	10
2.01191E6	4.9704E-6	10
2.01357E6	4.9663E-6	10
2.003E6	4.9925E-6	10
1.99017E6	5.0247E-6	10
1.97219E6	5.0705E-6	10
1.95771E6	5.108E-6	10
1.94575E6	5.1394E-6	10
1.93125E6	5.178E-6	10
1.92263E6	5.2012E-6	10
1.91077E6	5.2335E-6	10
1.90114E6	5.26E-6	10
1.88893E6	5.294E-6	10
1.87755E6	5.3261E-6	10
1.8655E6	5.3605E-6	10
1.85777E6	5.3828E-6	10
1.85038E6	5.4043E-6	10
1.83932E6	5.4368E-6	10
1.83321E6	5.4549E-6	10
1.82802E6	5.4704E-6	10
1.82345E6	5.4841E-6	10
1.81699E6	5.5036E-6	10
1.8078E6	5.5316E-6	10
1.79966E6	5.5566E-6	10
1.79125E6	5.5827E-6	10
1.78066E6	5.6159E-6	10
1.76913E6	5.6525E-6	10
1.75775E6	5.6891E-6	10
1.74889E6	5.7179E-6	10
1.74095E6	5.744E-6	10
1.73539E6	5.7624E-6	10
1.7301E6	5.78E-6	10
1.72283E6	5.8044E-6	10
1.71532E6	5.8298E-6	10
1.70999E6	5.848E-6	10
1.70456E6	5.8666E-6	10
1.69423E6	5.9024E-6	10
1.68418E6	5.9376E-6	10
1.67381E6	5.9744E-6	10
1.6627E6	6.0143E-6	10
1.65717E6	6.0344E-6	10
1.65085E6	6.0575E-6	10
1.64341E6	6.0849E-6	10
1.64069E6	6.095E-6	10
1.635E6	6.1162E-6	10
1.62485E6	6.1544E-6	10
1.61802E6	6.1804E-6	10
1.60981E6	6.2119E-6	10
1.60008E6	6.2497E-6	10
1.59258E6	6.2791E-6	10
1.58529E6	6.308E-6	10
1.57925E6	6.3321E-6	10
1.57389E6	6.3537E-6	10
1.56836E6	6.3761E-6	10
1.56155E6	6.4039E-6	10
1.55424E6	6.434E-6	10
1.54947E6	6.4538E-6	10
1.54459E6	6.4742E-6	10
1.53979E6	6.4944E-6	10
1.53558E6	6.5122E-6	10
1.52849E6	6.5424E-6	10
1.52207E6	6.57E-6	10
1.51414E6	6.6044E-6	10
1.50614E6	6.6395E-6	10
1.49986E6	6.6673E-6	10
1.49528E6	6.6877E-6	10
1.49151E6	6.7046E-6	10
1.49249E6	6.7002E-6	10
1.48876E6	6.717E-6	10
1.48196E6	6.7478E-6	10
1.47802E6	6.7658E-6	10
1.47327E6	6.7876E-6	10
1.46744E6	6.8146E-6	10
1.46327E6	6.834E-6	10
1.46197E6	6.8401E-6	10
1.45163E6	6.8888E-6	10
1.4429E6	6.9305E-6	10
1.43544E6	6.9665E-6	10
1.42939E6	6.996E-6	10
1.42657E6	7.0098E-6	10
1.42302E6	7.0273E-6	10
1.41995E6	7.0425E-6	10
1.41133E6	7.0855E-6	10
1.40355E6	7.1248E-6	10
1.39567E6	7.165E-6	10
1.38872E6	7.2009E-6	10
1.38343E6	7.2284E-6	10
1.37707E6	7.2618E-6	10
1.36921E6	7.3035E-6	10
1.3624E6	7.34E-6	10
1.35717E6	7.3683E-6	10
1.34918E6	7.4119E-6	10
1.34666E6	7.4258E-6	10
1.34302E6	7.4459E-6	10
1.34075E6	7.4585E-6	10
1.33729E6	7.4778E-6	10
1.33535E6	7.4887E-6	10
1.3292E6	7.5233E-6	10
1.3245E6	7.55E-6	10
1.31893E6	7.5819E-6	10
1.31258E6	7.6186E-6	10
1.30673E6	7.6527E-6	10
1.30149E6	7.6835E-6	10
1.29623E6	7.7147E-6	10
1.29154E6	7.7427E-6	10
1.2851E6	7.7815E-6	10
1.27926E6	7.817E-6	10
1.27393E6	7.8497E-6	10
1.26912E6	7.8795E-6	10
1.26459E6	7.9077E-6	10
1.26162E6	7.9263E-6	10
1.25797E6	7.9493E-6	10
1.25395E6	7.9748E-6	10
1.24807E6	8.0124E-6	10
1.24208E6	8.051E-6	10
1.23723E6	8.0826E-6	10
1.23201E6	8.1168E-6	10
1.22779E6	8.1447E-6	10
1.22459E6	8.166E-6	10
1.21927E6	8.2016E-6	10
1.21552E6	8.2269E-6	10
1.21192E6	8.2514E-6	10
1.20909E6	8.2707E-6	10
1.20534E6	8.2964E-6	10
1.20257E6	8.3155E-6	10
1.20093E6	8.3269E-6	10
1.19706E6	8.3538E-6	10
1.19285E6	8.3833E-6	10
1.18883E6	8.4116E-6	10
1.18571E6	8.4338E-6	10
1.18226E6	8.4584E-6	10
1.17922E6	8.4802E-6	10
1.17445E6	8.5146E-6	10
1.17117E6	8.5385E-6	10
1.164E6	8.5911E-6	10
1.1562E6	8.649E-6	10
1.14972E6	8.6978E-6	10
1.14451E6	8.7374E-6	10
1.13928E6	8.7775E-6	10
1.13525E6	8.8086E-6	10
1.13089E6	8.8426E-6	10
1.12857E6	8.8608E-6	10
1.12592E6	8.8816E-6	10
1.12188E6	8.9136E-6	10
1.11677E6	8.9544E-6	10
1.11402E6	8.9765E-6	10
1.11136E6	8.998E-6	10
1.10808E6	9.0246E-6	10
1.10479E6	9.0515E-6	10
1.0996E6	9.0942E-6	10
1.0954E6	9.1291E-6	10
1.09408E6	9.1401E-6	10
1.09247E6	9.1536E-6	10
1.0894E6	9.1794E-6	10
1.08216E6	9.2408E-6	10
1.07706E6	9.2845E-6	10
1.0716E6	9.3318E-6	10
1.06621E6	9.379E-6	10
1.06311E6	9.4064E-6	10
1.0595E6	9.4384E-6	10
1.0574E6	9.4572E-6	10
1.05442E6	9.4839E-6	10
1.05078E6	9.5167E-6	10
1.04624E6	9.558E-6	10
1.04114E6	9.6049E-6	10
1.03823E6	9.6318E-6	10
1.03586E6	9.6538E-6	10
1.03403E6	9.6709E-6	10
1.03118E6	9.6976E-6	10
1.02816E6	9.7261E-6	10
1.02647E6	9.7421E-6	10
1.02254E6	9.7796E-6	10
1.02107E6	9.7936E-6	10
1.01786E6	9.8245E-6	10
1.01512E6	9.8511E-6	10
1.01234E6	9.8781E-6	10
1.01017E6	9.8993E-6	10
1.00549E6	9.9454E-6	10
1.00039E6	9.9961E-6	10
997207.81811	1.0028E-5	10
991375.03718	1.0087E-5	10
986193.29389	1.014E-5	10
983187.49386	1.0171E-5	10
980584.42832	1.0198E-5	10
975229.17886	1.0254E-5	10
971817.29835	1.029E-5	10
967492.26006	1.0336E-5	10
964134.20748	1.0372E-5	10
961538.46154	1.04E-5	10
958037.9383	1.0438E-5	10
955018.62286	1.0471E-5	10
951022.34903	1.0515E-5	10
947328.53354	1.0556E-5	10
943752.35938	1.0596E-5	10
940026.32074	1.0638E-5	10
936943.68968	1.0673E-5	10
932748.81075	1.0721E-5	10
930232.55814	1.075E-5	10
928332.71445	1.0772E-5	10
926440.61516	1.0794E-5	10
924727.20547	1.0814E-5	10
921913.89324	1.0847E-5	10
918357.97594	1.0889E-5	10
913659.20512	1.0945E-5	10
909173.56123	1.0999E-5	10
905387.05297	1.1045E-5	10
900090.009	1.111E-5	10
896458.987	1.1155E-5	10
892777.43059	1.1201E-5	10
890392.66316	1.1231E-5	10
886839.30472	1.1276E-5	10
883470.27123	1.1319E-5	10
879120.87912	1.1375E-5	10
874967.18873	1.1429E-5	10
873286.17588	1.1451E-5	10
873286.17588	1.1451E-5	10
869716.47243	1.1498E-5	10
866551.12652	1.154E-5	10
866476.04194	1.1541E-5	10
862366.33322	1.1596E-5	10
858369.09871	1.165E-5	10
854700.8547	1.17E-5	10
850774.20453	1.1754E-5	10
845165.65247	1.1832E-5	10
841892.57451	1.1878E-5	10
838785.43868	1.1922E-5	10
835212.5616	1.1973E-5	10
831739.1666	1.2023E-5	10
829256.15723	1.2059E-5	10
826651.23584	1.2097E-5	10
823180.7705	1.2148E-5	10
820008.20008	1.2195E-5	10
817193.75664	1.2237E-5	10
815594.16035	1.2261E-5	10
814199.64175	1.2282E-5	10
814730.32426	1.2274E-5	10
814597.58879	1.2276E-5	10
807167.64872	1.2389E-5	10
801796.02309	1.2472E-5	10
796495.42015	1.2555E-5	10
792204.7057	1.2623E-5	10
787029.74973	1.2706E-5	10
783208.02005	1.2768E-5	10
779544.74587	1.2828E-5	10
775554.52148	1.2894E-5	10
772081.53181	1.2952E-5	10
769112.44424	1.3002E-5	10
766048.7207	1.3054E-5	10
762485.70339	1.3115E-5	10
759128.52046	1.3173E-5	10
756372.43779	1.3221E-5	10
751936.23581	1.3299E-5	10
749063.67041	1.335E-5	10
745712.15511	1.341E-5	10
742390.4974	1.347E-5	10
738606.98722	1.3539E-5	10
734645.90068	1.3612E-5	10
730246.82343	1.3694E-5	10
727378.52779	1.3748E-5	10
725268.34929	1.3788E-5	10
722230.247	1.3846E-5	10
719786.94307	1.3893E-5	10
716794.49502	1.3951E-5	10
713724.93041	1.4011E-5	10
710984.71383	1.4065E-5	10
708165.14411	1.4121E-5	10
705168.88795	1.4181E-5	10
702592.56657	1.4233E-5	10
699349.60487	1.4299E-5	10
696330.33911	1.4361E-5	10
693288.96284	1.4424E-5	10
688895.0124	1.4516E-5	10
685918.10138	1.4579E-5	10
683060.10929	1.464E-5	10
680179.56741	1.4702E-5	10
677414.98442	1.4762E-5	10
673718.25103	1.4843E-5	10
670196.36754	1.4921E-5	10
666400.10662	1.5006E-5	10
662163.95179	1.5102E-5	10
658935.16078	1.5176E-5	10
655780.70693	1.5249E-5	10
652613.71794	1.5323E-5	10
649013.49948	1.5408E-5	10
647920.17623	1.5434E-5	10
646495.99172	1.5468E-5	10
643128.17544	1.5549E-5	10
640163.88195	1.5621E-5	10
636820.98962	1.5703E-5	10
633834.06224	1.5777E-5	10
631233.43012	1.5842E-5	10
628219.62558	1.5918E-5	10
625078.13477	1.5998E-5	10
621581.30283	1.6088E-5	10
618085.17214	1.6179E-5	10
615081.80588	1.6258E-5	10
610985.51964	1.6367E-5	10
607570.32627	1.6459E-5	10
604156.59739	1.6552E-5	10
600636.67488	1.6649E-5	10
597657.18384	1.6732E-5	10
594671.7412	1.6816E-5	10
591051.48058	1.6919E-5	10
587751.26366	1.7014E-5	10
584932.14787	1.7096E-5	10
582038.29812	1.7181E-5	10
579676.54049	1.7251E-5	10
576003.68642	1.7361E-5	10
573460.2592	1.7438E-5	10
570450.65602	1.753E-5	10
567150.63521	1.7632E-5	10
564844.10303	1.7704E-5	10
562366.43797	1.7782E-5	10
559722.3777	1.7866E-5	10
558877.77343	1.7893E-5	10
556606.92419	1.7966E-5	10
553250.34578	1.8075E-5	10
551024.90633	1.8148E-5	10
548095.36859	1.8245E-5	10
543773.7901	1.839E-5	10
539374.32578	1.854E-5	10
536595.83602	1.8636E-5	10
533874.32598	1.8731E-5	10
529941.70641	1.887E-5	10
525651.80824	1.9024E-5	10
522848.47851	1.9126E-5	10
520237.22818	1.9222E-5	10
516608.97866	1.9357E-5	10
513267.97721	1.9483E-5	10
510438.46664	1.9591E-5	10
507073.6778	1.9721E-5	10
503575.38523	1.9858E-5	10
499750.12494	2.001E-5	10
496746.31166	2.0131E-5	10
493778.39226	2.0252E-5	10
490148.0247	2.0402E-5	10
486168.506	2.0569E-5	10
482113.58596	2.0742E-5	10
478743.77633	2.0888E-5	10
475285.1711	2.104E-5	10
471164.71919	2.1224E-5	10
467923.822	2.1371E-5	10
464338.78157	2.1536E-5	10
460511.1674	2.1715E-5	10
457686.85066	2.1849E-5	10
454628.1142	2.1996E-5	10
451222.81383	2.2162E-5	10
448812.88991	2.2281E-5	10
445097.25375	2.2467E-5	10
441969.41572	2.2626E-5	10
437866.71337	2.2838E-5	10
434499.23963	2.3015E-5	10
431034.48276	2.32E-5	10
427113.14227	2.3413E-5	10
422868.74154	2.3648E-5	10
419551.08034	2.3835E-5	10
415748.55527	2.4053E-5	10
412303.12526	2.4254E-5	10
408897.61204	2.4456E-5	10
405860.62746	2.4639E-5	10
402398.29383	2.4851E-5	10
398708.18548	2.5081E-5	10
394975.90647	2.5318E-5	10
390991.55458	2.5576E-5	10
386832.23086	2.5851E-5	10
382409.17782	2.615E-5	10
378802.22736	2.6399E-5	10
376038.80721	2.6593E-5	10
372079.17845	2.6876E-5	10
368337.692	2.7149E-5	10
364617.51623	2.7426E-5	10
362384.48994	2.7595E-5	10
359802.82805	2.7793E-5	10
357756.15341	2.7952E-5	10
356036.60056	2.8087E-5	10
353719.35906	2.8271E-5	10
351320.96684	2.8464E-5	10
348991.41481	2.8654E-5	10
346380.3256	2.887E-5	10
343796.19761	2.9087E-5	10
341227.05248	2.9306E-5	10
338352.22467	2.9555E-5	10
336145.7528	2.9749E-5	10
333878.66849	2.9951E-5	10
331510.02818	3.0165E-5	10
329218.107	3.0375E-5	10
326893.53078	3.0591E-5	10
324369.91145	3.0829E-5	10
322684.73701	3.099E-5	10
320893.36713	3.1163E-5	10
319458.19889	3.1303E-5	10
317591.38692	3.1487E-5	10
315686.46021	3.1677E-5	10
313971.74254	3.185E-5	10
311516.77518	3.2101E-5	10
309109.45566	3.2351E-5	10
306739.05708	3.2601E-5	10
304488.15541	3.2842E-5	10
302718.41133	3.3034E-5	10
300543.98461	3.3273E-5	10
297787.43933	3.3581E-5	10
295779.23038	3.3809E-5	10
293953.37899	3.4019E-5	10
292004.90568	3.4246E-5	10
289745.89285	3.4513E-5	10
287678.7204	3.4761E-5	10
285038.33766	3.5083E-5	10
282517.79862	3.5396E-5	10
281088.37419	3.5576E-5	10
279204.82466	3.5816E-5	10
276908.59247	3.6113E-5	10
275375.88809	3.6314E-5	10
274265.65371	3.6461E-5	10
273537.93971	3.6558E-5	10
271547.27638	3.6826E-5	10
269781.74657	3.7067E-5	10
267967.20081	3.7318E-5	10
266354.14447	3.7544E-5	10
264431.3404	3.7817E-5	10
262687.82179	3.8068E-5	10
261157.97446	3.8291E-5	10
259888.76761	3.8478E-5	10
258564.96445	3.8675E-5	10
257267.8158	3.887E-5	10
255708.69665	3.9107E-5	10
253961.80415	3.9376E-5	10
252219.53188	3.9648E-5	10
251004.01606	3.984E-5	10
249569.49263	4.0069E-5	10
247935.93335	4.0333E-5	10
246566.56064	4.0557E-5	10
245314.49318	4.0764E-5	10
244075.07749	4.0971E-5	10
242718.4466	4.12E-5	10
241785.34297	4.1359E-5	10
240946.43761	4.1503E-5	10
239928.98102	4.1679E-5	10
238674.87708	4.1898E-5	10
237710.37368	4.2068E-5	10
236412.20833	4.2299E-5	10
235089.45154	4.2537E-5	10
233803.27792	4.2771E-5	10
232899.36419	4.2937E-5	10
231744.33965	4.3151E-5	10
230648.58382	4.3356E-5	10
229668.58823	4.3541E-5	10
229084.57803	4.3652E-5	10
228305.28983	4.3801E-5	10
227174.62914	4.4019E-5	10
226060.22244	4.4236E-5	10
224638.33229	4.4516E-5	10
223603.59555	4.4722E-5	10
223049.9855	4.4833E-5	10
222128.43466	4.5019E-5	10
221101.97223	4.5228E-5	10
220055.8942	4.5443E-5	10
218866.27271	4.569E-5	10
217893.40655	4.5894E-5	10
216915.03438	4.6101E-5	10
215917.43317	4.6314E-5	10
215049.13873	4.6501E-5	10
213995.2921	4.673E-5	10
212960.79392	4.6957E-5	10
211913.79347	4.7189E-5	10
210899.27451	4.7416E-5	10
209920.85984	4.7637E-5	10
208925.28832	4.7864E-5	10
208029.95631	4.807E-5	10
207095.07735	4.8287E-5	10
206296.15877	4.8474E-5	10
205503.38053	4.8661E-5	10
204817.30297	4.8824E-5	10
203981.72324	4.9024E-5	10
203305.75152	4.9187E-5	10
202597.29735	4.9359E-5	10
201877.46038	4.9535E-5	10
200972.70791	4.9758E-5	10
200324.52573	4.9919E-5	10
199644.63255	5.0089E-5	10
199104.03186	5.0225E-5	10
198353.66458	5.0415E-5	10
197706.6034	5.058E-5	10
196873.64649	5.0794E-5	10
195974.68007	5.1027E-5	10
195247.67167	5.1217E-5	10
194401.24417	5.144E-5	10
193573.36431	5.166E-5	10
193009.20654	5.1811E-5	10
192340.98209	5.1991E-5	10
191578.22139	5.2198E-5	10
190705.03652	5.2437E-5	10
189828.9641	5.2679E-5	10
189050.21174	5.2896E-5	10
188263.64441	5.3117E-5	10
187494.14081	5.3335E-5	10
186755.31319	5.3546E-5	10
186060.35798	5.3746E-5	10
185322.46108	5.396E-5	10
184682.43855	5.4147E-5	10
184070.53583	5.4327E-5	10
183432.38682	5.4516E-5	10
182771.91892	5.4713E-5	10
182046.56751	5.4931E-5	10
181303.93792	5.5156E-5	10
180521.70774	5.5395E-5	10
179755.8915	5.5631E-5	10
179054.23553	5.5849E-5	10
178249.94207	5.6101E-5	10
177452.84191	5.6353E-5	10
176706.54344	5.6591E-5	10
175978.88253	5.6825E-5	10
175229.55071	5.7068E-5	10
174535.29976	5.7295E-5	10
173746.85084	5.7555E-5	10
173076.2574	5.7778E-5	10
172392.98705	5.8007E-5	10
171747.53113	5.8225E-5	10
171080.54472	5.8452E-5	10
170511.70563	5.8647E-5	10
170235.94702	5.8742E-5	10
169396.77807	5.9033E-5	10
168423.88924	5.9374E-5	10
167655.8361	5.9646E-5	10
166763.94564	5.9965E-5	10
166115.71621	6.0199E-5	10
165579.36219	6.0394E-5	10
165092.78214	6.0572E-5	10
164416.89548	6.0821E-5	10
163671.47861	6.1098E-5	10
162956.68611	6.1366E-5	10
162395.66079	6.1578E-5	10
161917.09845	6.176E-5	10
161402.26286	6.1957E-5	10
160794.97033	6.2191E-5	10
160102.46558	6.246E-5	10
159441.31762	6.2719E-5	10
158704.96746	6.301E-5	10
158115.26603	6.3245E-5	10
157671.50718	6.3423E-5	10
157114.1277	6.3648E-5	10
156568.02881	6.387E-5	10
156018.41017	6.4095E-5	10
155499.23028	6.4309E-5	10
154935.46938	6.4543E-5	10
154509.35554	6.4721E-5	10
154073.70886	6.4904E-5	10
153588.59758	6.5109E-5	10
153244.96207	6.5255E-5	10
152676.4176	6.5498E-5	10
152179.20623	6.5712E-5	10
151800.35218	6.5876E-5	10
151256.1826	6.6113E-5	10
150711.35761	6.6352E-5	10
150206.53398	6.6575E-5	10
149653.55203	6.6821E-5	10
148955.8197	6.7134E-5	10
148372.35526	6.7398E-5	10
147834.95705	6.7643E-5	10
147288.42018	6.7894E-5	10
146623.26618	6.8202E-5	10
145989.66393	6.8498E-5	10
145511.69186	6.8723E-5	10
145020.01276	6.8956E-5	10
144458.56928	6.9224E-5	10
144032.03272	6.9429E-5	10
143601.82087	6.9637E-5	10
143053.33028	6.9904E-5	10
142606.56275	7.0123E-5	10
142184.81182	7.0331E-5	10
141669.14588	7.0587E-5	10
141215.01398	7.0814E-5	10
140728.12733	7.1059E-5	10
140315.42909	7.1268E-5	10
139727.2524	7.1568E-5	10
139300.98764	7.1787E-5	10
138831.04262	7.203E-5	10
138440.87882	7.2233E-5	10
137925.32723	7.2503E-5	10
137421.15461	7.2769E-5	10
136980.67203	7.3003E-5	10
136513.18035	7.3253E-5	10
136039.61474	7.3508E-5	10
135486.66811	7.3808E-5	10
134858.12925	7.4152E-5	10
134314.72627	7.4452E-5	10
133798.95369	7.4739E-5	10
133358.22687	7.4986E-5	10
132975.18683	7.5202E-5	10
132555.67338	7.544E-5	10
132116.10363	7.5691E-5	10
131691.57832	7.5935E-5	10
131442.31654	7.6079E-5	10
131023.82013	7.6322E-5	10
130606.27433	7.6566E-5	10
130164.26731	7.6826E-5	10
129812.80993	7.7034E-5	10
129760.59171	7.7065E-5	10
129093.88999	7.7463E-5	10
128524.79243	7.7806E-5	10
128011.46983	7.8118E-5	10
127541.2596	7.8406E-5	10
127063.18852	7.8701E-5	10
126681.69956	7.8938E-5	10
126273.78683	7.9193E-5	10
125844.73277	7.9463E-5	10
125505.15826	7.9678E-5	10
125087.56129	7.9944E-5	10
124610.5919	8.025E-5	10
124195.83199	8.0518E-5	10
123825.20834	8.0759E-5	10
123449.1698	8.1005E-5	10
123076.92308	8.125E-5	10
122679.81794	8.1513E-5	10
122381.04562	8.1712E-5	10
121976.50733	8.1983E-5	10
121638.2236	8.2211E-5	10
121222.40675	8.2493E-5	10
120818.18072	8.2769E-5	10
120367.36119	8.3079E-5	10
119963.05138	8.3359E-5	10
119530.00801	8.3661E-5	10
119088.73302	8.3971E-5	10
118652.11201	8.428E-5	10
118238.25007	8.4575E-5	10
117913.4044	8.4808E-5	10
117601.40181	8.5033E-5	10
117227.79706	8.5304E-5	10
116851.09665	8.5579E-5	10
116517.52424	8.5824E-5	10
116088.73823	8.6141E-5	10
115748.77885	8.6394E-5	10
115400.15002	8.6655E-5	10
115060.23403	8.6911E-5	10
114698.62935	8.7185E-5	10
114294.85787	8.7493E-5	10
113827.8013	8.7852E-5	10
113481.61598	8.812E-5	10
113142.65025	8.8384E-5	10
112887.20311	8.8584E-5	10
112714.1569	8.872E-5	10
112378.49076	8.8985E-5	10
111886.86001	8.9376E-5	10
111459.11123	8.9719E-5	10
111092.59568	9.0015E-5	10
110748.10344	9.0295E-5	10
110355.78706	9.0616E-5	10
110065.48897	9.0855E-5	10
109789.97178	9.1083E-5	10
109501.43994	9.1323E-5	10
109194.14719	9.158E-5	10
108906.36231	9.1822E-5	10
108631.88998	9.2054E-5	10
108314.19783	9.2324E-5	10
107943.5671	9.2641E-5	10
107629.88236	9.2911E-5	10
107365.2566	9.314E-5	10
106982.76508	9.3473E-5	10
106593.89857	9.3814E-5	10
106324.1611	9.4052E-5	10
106161.62045	9.4196E-5	10
105951.2836	9.4383E-5	10
105634.54672	9.4666E-5	10
105228.82007	9.5031E-5	10
104838.28694	9.5385E-5	10
104485.56532	9.5707E-5	10
104109.18972	9.6053E-5	10
103842.15992	9.63E-5	10
103552.9	9.6569E-5	10
103233.26589	9.6868E-5	10
102988.73303	9.7098E-5	10
102852.08841	9.7227E-5	10
102524.14444	9.7538E-5	10
102271.44888	9.7779E-5	10
101970.06159	9.8068E-5	10
101676.64792	9.8351E-5	10
101364.36434	9.8654E-5	10
100951.97714	9.9057E-5	10
100624.88051	9.9379E-5	10
100308.95157	9.9692E-5	10
100090.08107	9.991E-5	10
99820.32342	1.0018E-4	10
99462.90034	1.0054E-4	10
99196.50828	1.0081E-4	10
98970.70467	1.0104E-4	10
98706.9391	1.0131E-4	10
98415.51028	1.0161E-4	10
98116.16954	1.0192E-4	10
97866.51008	1.0218E-4	10
97599.06305	1.0246E-4	10
97370.98345	1.027E-4	10
97125.09713	1.0296E-4	10
96880.44953	1.0322E-4	10
96618.35749	1.035E-4	10
96329.83335	1.0381E-4	10
96079.93851	1.0408E-4	10
95840.52137	1.0434E-4	10
95574.88292	1.0463E-4	10
95319.79792	1.0491E-4	10
95075.10934	1.0518E-4	10
94777.74618	1.0551E-4	10
94491.16508	1.0583E-4	10
94277.364	1.0607E-4	10
94055.68096	1.0632E-4	10
93870.27128	1.0653E-4	10
93641.72675	1.0679E-4	10
93327.11153	1.0715E-4	10
92997.30308	1.0753E-4	10
92781.59213	1.0778E-4	10
92506.93802	1.081E-4	10
92225.39887	1.0843E-4	10
92055.60158	1.0863E-4	10
91886.42838	1.0883E-4	10
91701.05456	1.0905E-4	10
91499.67975	1.0929E-4	10
91407.67825	1.094E-4	10
91132.78046	1.0973E-4	10
90752.33687	1.1019E-4	10
90432.26623	1.1058E-4	10
90481.36084	1.1052E-4	10
90317.91907	1.1072E-4	10
89928.05755	1.112E-4	10
89678.05578	1.1151E-4	10
89333.57156	1.1194E-4	10
89150.39672	1.1217E-4	10
88896.79083	1.1249E-4	10
88660.34223	1.1279E-4	10
88386.07036	1.1314E-4	10
88121.25485	1.1348E-4	10
87865.74115	1.1381E-4	10
87581.01244	1.1418E-4	10
87343.87283	1.1449E-4	10
87138.37574	1.1476E-4	10
86896.0723	1.1508E-4	10
86610.08141	1.1546E-4	10
86363.2438	1.1579E-4	10
86073.33448	1.1618E-4	10
85800.0858	1.1655E-4	10
85587.1277	1.1684E-4	10
85418.9801	1.1707E-4	10
85229.69403	1.1733E-4	10
84968.98632	1.1769E-4	10
84709.8687	1.1805E-4	10
84466.59346	1.1839E-4	10
84231.80593	1.1872E-4	10
84019.49252	1.1902E-4	10
83808.24673	1.1932E-4	10
83640.01338	1.1956E-4	10
83430.66911	1.1986E-4	10
83187.75476	1.2021E-4	10
82994.43937	1.2049E-4	10
82760.90375	1.2083E-4	10
82596.8448	1.2107E-4	10
82379.10866	1.2139E-4	10
82142.27041	1.2174E-4	10
81886.66885	1.2212E-4	10
81606.0062	1.2254E-4	10
81406.70791	1.2284E-4	10
81208.38071	1.2314E-4	10
81011.0175	1.2344E-4	10
80821.14281	1.2373E-4	10
80638.65817	1.2401E-4	10
80444.05116	1.2431E-4	10
80256.82183	1.246E-4	10
79993.60051	1.2501E-4	10
79751.17633	1.2539E-4	10
79503.89569	1.2578E-4	10
79276.99382	1.2614E-4	10
79095.15147	1.2643E-4	10
78876.79445	1.2678E-4	10
78727.75941	1.2702E-4	10
78560.76675	1.2729E-4	10
78382.19157	1.2758E-4	10
78161.63827	1.2794E-4	10
77905.88969	1.2836E-4	10
77694.04087	1.2871E-4	10
77531.40022	1.2898E-4	10
77327.55954	1.2932E-4	10
77166.44803	1.2959E-4	10
77023.80035	1.2983E-4	10
76846.23069	1.3013E-4	10
76716.53241	1.3035E-4	10
76475.98654	1.3076E-4	10
76161.4623	1.313E-4	10
75987.84194	1.316E-4	10
75843.76185	1.3185E-4	10
75683.03943	1.3213E-4	10
75483.09179	1.3248E-4	10
75312.54707	1.3278E-4	10
75125.83578	1.3311E-4	10
74917.59065	1.3348E-4	10
74704.91558	1.3386E-4	10
74543.42154	1.3415E-4	10
74371.56031	1.3446E-4	10
74228.0285	1.3472E-4	10
74057.61683	1.3503E-4	10
73909.83001	1.353E-4	10
73740.87457	1.3561E-4	10
73534.81874	1.3599E-4	10
73313.78299	1.364E-4	10
73147.53859	1.3671E-4	10
72955.42424	1.3707E-4	10
72727.27273	1.375E-4	10
72553.14518	1.3783E-4	10
72369.37328	1.3818E-4	10
72176.10971	1.3855E-4	10
71968.33393	1.3895E-4	10
71823.60123	1.3923E-4	10
71802.97264	1.3927E-4	10
71669.17509	1.3953E-4	10
71489.84844	1.3988E-4	10
71260.60001	1.4033E-4	10
71149.05727	1.4055E-4	10
71042.90992	1.4076E-4	10
70896.84509	1.4105E-4	10
70686.3646	1.4147E-4	10
70482.09755	1.4188E-4	10
70298.76977	1.4225E-4	10
70126.22721	1.426E-4	10
69954.52956	1.4295E-4	10
69725.28239	1.4342E-4	10
69594.26543	1.4369E-4	10
69425.15968	1.4404E-4	10
69295.26713	1.4431E-4	10
69180.21446	1.4455E-4	10
69089.40169	1.4474E-4	10
68998.82702	1.4493E-4	10
68880.01102	1.4518E-4	10
68695.47297	1.4557E-4	10
68511.92107	1.4596E-4	10
68273.36656	1.4647E-4	10
68133.81481	1.4677E-4	10
67971.72376	1.4712E-4	10
67851.81164	1.4738E-4	10
67654.42122	1.4781E-4	10
67585.83401	1.4796E-4	10
67417.24533	1.4833E-4	10
67217.85306	1.4877E-4	10
67015.14542	1.4922E-4	10
66849.38833	1.4959E-4	10
66680.00267	1.4997E-4	10
66493.78283	1.5039E-4	10
66334.99171	1.5075E-4	10
66203.24396	1.5105E-4	10
66041.47405	1.5142E-4	10
65880.49279	1.5179E-4	10
65724.61387	1.5215E-4	10
65586.67279	1.5247E-4	10
65436.4612	1.5282E-4	10
65303.99007	1.5313E-4	10
65176.3019	1.5343E-4	10
65040.65041	1.5375E-4	10
64880.29585	1.5413E-4	10
64691.42192	1.5458E-4	10
64520.29163	1.5499E-4	10
64333.50489	1.5544E-4	10
64176.61404	1.5582E-4	10
64008.19305	1.5623E-4	10
63861.03838	1.5659E-4	10
63710.49949	1.5696E-4	10
63593.00477	1.5725E-4	10
63427.62907	1.5766E-4	10
63267.11375	1.5806E-4	10
63083.52258	1.5852E-4	10
62984.19097	1.5877E-4	10
62841.70175	1.5913E-4	10
62731.32175	1.5941E-4	10
62586.05583	1.5978E-4	10
62453.16013	1.6012E-4	10
62313.06082	1.6048E-4	10
62177.45445	1.6083E-4	10
61996.28022	1.613E-4	10
61842.91899	1.617E-4	10
61686.50916	1.6211E-4	10
61618.09107	1.6229E-4	10
61523.31734	1.6254E-4	10
61402.43154	1.6286E-4	10
61251.99069	1.6326E-4	10
61106.01894	1.6365E-4	10
60931.02608	1.6412E-4	10
60797.66537	1.6448E-4	10
60672.24851	1.6482E-4	10
60499.72775	1.6529E-4	10
60335.46519	1.6574E-4	10
60222.82445	1.6605E-4	10
60088.93162	1.6642E-4	10
59941.25757	1.6683E-4	10
59844.40455	1.671E-4	10
59733.5882	1.6741E-4	10
59601.85958	1.6778E-4	10
59442.43001	1.6823E-4	10
59329.57579	1.6855E-4	10
59196.11674	1.6893E-4	10
59073.72401	1.6928E-4	10
58941.41224	1.6966E-4	10
58802.77549	1.7006E-4	10
58675.11588	1.7043E-4	10
58551.43744	1.7079E-4	10
58394.16058	1.7125E-4	10
58237.7264	1.7171E-4	10
58092.25049	1.7214E-4	10
57957.57506	1.7254E-4	10
57850.28347	1.7286E-4	10
57720.05772	1.7325E-4	10
57660.15107	1.7343E-4	10
57570.52389	1.737E-4	10
57471.26437	1.74E-4	10
57339.44954	1.744E-4	10
57224.60658	1.7475E-4	10
57071.1106	1.7522E-4	10
56947.6082	1.756E-4	10
56808.49855	1.7603E-4	10
56692.55627	1.7639E-4	10
56589.89304	1.7671E-4	10
56465.27386	1.771E-4	10
56325.33514	1.7754E-4	10
56186.08832	1.7798E-4	10
56063.23933	1.7837E-4	10
55965.97269	1.7868E-4	10
55825.37822	1.7913E-4	10
55704.09982	1.7952E-4	10
55549.3834	1.8002E-4	10
55450.81513	1.8034E-4	10
55383.25211	1.8056E-4	10
55276.10414	1.8091E-4	10
55126.79162	1.814E-4	10
54954.11332	1.8197E-4	10
54836.58697	1.8236E-4	10
54737.53353	1.8269E-4	10
54594.09292	1.8317E-4	10
54445.47286	1.8367E-4	10
54285.86939	1.8421E-4	10
54209.35653	1.8447E-4	10
54112.55411	1.848E-4	10
54051.13237	1.8501E-4	10
53943.2517	1.8538E-4	10
53815.5204	1.8582E-4	10
53697.04129	1.8623E-4	10
53593.44016	1.8659E-4	10
53475.93583	1.87E-4	10
53336.17793	1.8749E-4	10
53197.14863	1.8798E-4	10
53118.02826	1.8826E-4	10
53064.47334	1.8845E-4	10
53013.83661	1.8863E-4	10
52890.46385	1.8907E-4	10
52792.73572	1.8942E-4	10
52700.92227	1.8975E-4	10
52606.66	1.9009E-4	10
52490.6829	1.9051E-4	10
52350.53921	1.9102E-4	10
52227.503	1.9147E-4	10
52107.75884	1.9191E-4	10
51999.37601	1.9231E-4	10
51875.2918	1.9277E-4	10
51733.05742	1.933E-4	10
51626.22612	1.937E-4	10
51506.56709	1.9415E-4	10
51421.81313	1.9447E-4	10
51329.4323	1.9482E-4	10
51224.25981	1.9522E-4	10
51119.51743	1.9562E-4	10
51002.19309	1.9607E-4	10
50893.17522	1.9649E-4	10
50769.15266	1.9697E-4	10
50625.22149	1.9753E-4	10
50517.80753	1.9795E-4	10
50400.68545	1.9841E-4	10
50268.93882	1.9893E-4	10
50160.51364	1.9936E-4	10
50070.09814	1.9972E-4	10
49995.0005	2.0002E-4	10
49895.22004	2.0042E-4	10
49803.27706	2.0079E-4	10
49689.44099	2.0125E-4	10
49590.87528	2.0165E-4	10
49556.4696	2.0179E-4	10
49522.11162	2.0193E-4	10
49407.11463	2.024E-4	10
49273.22001	2.0295E-4	10
49147.29444	2.0347E-4	10
49024.41416	2.0398E-4	10
48933.25504	2.0436E-4	10
48844.82001	2.0473E-4	10
48766.21477	2.0506E-4	10
48666.53689	2.0548E-4	10
48550.75982	2.0597E-4	10
48435.53231	2.0646E-4	10
48353.56124	2.0681E-4	10
48250.9047	2.0725E-4	10
48162.59693	2.0763E-4	10
48076.92308	2.08E-4	10
47963.93112	2.0849E-4	10
47885.84016	2.0883E-4	10
47764.61597	2.0936E-4	10
47639.46453	2.0991E-4	10
47539.8146	2.1035E-4	10
47431.57995	2.1083E-4	10
47314.88053	2.1135E-4	10
47227.73212	2.1174E-4	10
47140.90416	2.1213E-4	10
47065.46807	2.1247E-4	10
46994.6896	2.1279E-4	10
46886.72168	2.1328E-4	10
46801.14195	2.1367E-4	10
46696.24095	2.1415E-4	10
46602.66567	2.1458E-4	10
46522.44708	2.1495E-4	10
46438.19077	2.1534E-4	10
46371.4352	2.1565E-4	10
46285.58204	2.1605E-4	10
46200.0462	2.1645E-4	10
46095.69466	2.1694E-4	10
46006.62495	2.1736E-4	10
45913.68228	2.178E-4	10
45858.93791	2.1806E-4	10
45810.6189	2.1829E-4	10
45722.64643	2.1871E-4	10
45660.01552	2.1901E-4	10
45564.31403	2.1947E-4	10
45454.54545	2.2E-4	10
45330.91568	2.206E-4	10
45210.00045	2.2119E-4	10
45081.59769	2.2182E-4	10
44972.11729	2.2236E-4	10
44871.2196	2.2286E-4	10
44772.77815	2.2335E-4	10
44678.75972	2.2382E-4	10
44579.17261	2.2432E-4	10
44513.68796	2.2465E-4	10
44436.54461	2.2504E-4	10
44365.57232	2.254E-4	10
44281.0964	2.2583E-4	10
44200.84866	2.2624E-4	10
44146.21225	2.2652E-4	10
44074.22099	2.2689E-4	10
43990.8499	2.2732E-4	10
43917.43522	2.277E-4	10
43807.7715	2.2827E-4	10
43708.20403	2.2879E-4	10
43635.72893	2.2917E-4	10
43535.04571	2.297E-4	10
43461.25429	2.3009E-4	10
43372.65788	2.3056E-4	10
43284.42194	2.3103E-4	10
43181.6219	2.3158E-4	10
43092.30372	2.3206E-4	10
43018.15366	2.3246E-4	10
42942.41422	2.3287E-4	10
42889.00326	2.3316E-4	10
42808.21918	2.336E-4	10
42731.39048	2.3402E-4	10
42665.75646	2.3438E-4	10
42576.74458	2.3487E-4	10
42493.51974	2.3533E-4	10
42412.41836	2.3578E-4	10
42324.4593	2.3627E-4	10
42240.43254	2.3674E-4	10
42137.19872	2.3732E-4	10
42073.37597	2.3768E-4	10
41997.39616	2.3811E-4	10
41905.8794	2.3863E-4	10
41823.50481	2.391E-4	10
41744.93843	2.3955E-4	10
41670.13918	2.3998E-4	10
41583.49967	2.4048E-4	10
41498.94178	2.4097E-4	10
41411.297	2.4148E-4	10
41334.27024	2.4193E-4	10
41267.74513	2.4232E-4	10
41203.13144	2.427E-4	10
41104.8997	2.4328E-4	10
41020.59234	2.4378E-4	10
40941.65814	2.4425E-4	10
40881.40305	2.4461E-4	10
40801.33828	2.4509E-4	10
40738.17574	2.4547E-4	10
40663.63045	2.4592E-4	10
40589.35747	2.4637E-4	10
40530.13416	2.4673E-4	10
40436.71654	2.473E-4	10
40355.1251	2.478E-4	10
40281.97382	2.4825E-4	10
40199.38897	2.4876E-4	10
40126.80069	2.4921E-4	10
40040.04004	2.4975E-4	10
40000	2.5E-4	10
39939.29228	2.5038E-4	10
39889.90387	2.5069E-4	10
39815.25721	2.5116E-4	10
39712.48163	2.5181E-4	10
39651.07058	2.522E-4	10
39603.9604	2.525E-4	10
39514.75876	2.5307E-4	10
39410.42012	2.5374E-4	10
39349.93901	2.5413E-4	10
39285.01277	2.5455E-4	10
39192.63178	2.5515E-4	10
39085.4016	2.5585E-4	10
38998.51806	2.5642E-4	10
38918.07745	2.5695E-4	10
38860.607	2.5733E-4	10
38762.69478	2.5798E-4	10
38674.24682	2.5857E-4	10
38598.11641	2.5908E-4	10
38537.13053	2.5949E-4	10
38470.41625	2.5994E-4	10
38420.1629	2.6028E-4	10
38359.73762	2.6069E-4	10
38296.56863	2.6112E-4	10
38223.37742	2.6162E-4	10
38160.65636	2.6205E-4	10
38105.39953	2.6243E-4	10
38038.72342	2.6289E-4	10
37920.44291	2.6371E-4	10
37844.38389	2.6424E-4	10
37791.46669	2.6461E-4	10
37730.15394	2.6504E-4	10
37650.60241	2.656E-4	10
37567.15128	2.6619E-4	10
37489.69033	2.6674E-4	10
37419.54797	2.6724E-4	10
37351.06264	2.6773E-4	10
37296.73281	2.6812E-4	10
37235.62705	2.6856E-4	10
37158.14506	2.6912E-4	10
37140.20427	2.6925E-4	10
37142.96327	2.6923E-4	10
37063.11849	2.6981E-4	10
36938.53428	2.7072E-4	10
36854.13135	2.7134E-4	10
36787.69819	2.7183E-4	10
36724.20125	2.723E-4	10
36650.17409	2.7285E-4	10
36561.73449	2.7351E-4	10
36488.36021	2.7406E-4	10
36412.6279	2.7463E-4	10
36314.77648	2.7537E-4	10
36254.21455	2.7583E-4	10
36200.40544	2.7624E-4	10
36129.77816	2.7678E-4	10
36052.92569	2.7737E-4	10
35989.34715	2.7786E-4	10
35913.09032	2.7845E-4	10
35856.43085	2.7889E-4	10
35776.89528	2.7951E-4	10
35711.73488	2.8002E-4	10
35631.56957	2.8065E-4	10
35561.87767	2.812E-4	10
35491.19818	2.8176E-4	10
35423.30854	2.823E-4	10
35358.17835	2.8282E-4	10
35304.50132	2.8325E-4	10
35231.11612	2.8384E-4	10
35177.8239	2.8427E-4	10
35108.66131	2.8483E-4	10
35056.96757	2.8525E-4	10
35016.45774	2.8558E-4	10
34989.50315	2.858E-4	10
34934.49782	2.8625E-4	10
34885.74917	2.8665E-4	10
34826.21718	2.8714E-4	10
34753.597	2.8774E-4	10
34688.49729	2.8828E-4	10
34606.866	2.8896E-4	10
34514.89318	2.8973E-4	10
34425.77802	2.9048E-4	10
34370.1667	2.9095E-4	10
34319.4454	2.9138E-4	10
34259.48131	2.9189E-4	10
34233.67909	2.9211E-4	10
34193.8793	2.9245E-4	10
34128.52804	2.9301E-4	10
34066.90741	2.9354E-4	10
33990.48267	2.942E-4	10
33930.51032	2.9472E-4	10
33854.69565	2.9538E-4	10
33798.62778	2.9587E-4	10
33730.22566	2.9647E-4	10
33684.77785	2.9687E-4	10
33621.35629	2.9743E-4	10
33558.17309	2.9799E-4	10
33496.3489	2.9854E-4	10
33426.92873	2.9916E-4	10
33354.45782	2.9981E-4	10
33271.22704	3.0056E-4	10
33223.69514	3.0099E-4	10
33163.09611	3.0154E-4	10
33123.55084	3.019E-4	10
33083.00526	3.0227E-4	10
33037.10066	3.0269E-4	10
32971.74322	3.0329E-4	10
32906.64385	3.0389E-4	10
32848.27382	3.0443E-4	10
32796.56292	3.0491E-4	10
32743.94237	3.054E-4	10
32696.83495	3.0584E-4	10
32627.49192	3.0649E-4	10
32598.77429	3.0676E-4	10
32558.4424	3.0714E-4	10
32503.41286	3.0766E-4	10
32441.20032	3.0825E-4	10
32370.84035	3.0892E-4	10
32287.22717	3.0972E-4	10
32231.03204	3.1026E-4	10
32176.06744	3.1079E-4	10
32113.03789	3.114E-4	10
32061.55819	3.119E-4	10
31997.95213	3.1252E-4	10
31937.65769	3.1311E-4	10
31891.82294	3.1356E-4	10
31830.91418	3.1416E-4	10
31749.05547	3.1497E-4	10
31681.66265	3.1564E-4	10
31621.55325	3.1624E-4	10
31551.71326	3.1694E-4	10
31501.02378	3.1745E-4	10
31441.59723	3.1805E-4	10
31388.30472	3.1859E-4	10
31356.80913	3.1891E-4	10
31315.56697	3.1933E-4	10
31269.54346	3.198E-4	10
31207.09025	3.2044E-4	10
31152.64798	3.21E-4	10
31092.59374	3.2162E-4	10
31049.15081	3.2207E-4	10
30991.41538	3.2267E-4	10
30934.8512	3.2326E-4	10
30884.21508	3.2379E-4	10
30828.99158	3.2437E-4	10
30779.6485	3.2489E-4	10
30717.24774	3.2555E-4	10
30644.76587	3.2632E-4	10
30576.36447	3.2705E-4	10
30502.68424	3.2784E-4	10
30454.37934	3.2836E-4	10
30397.90862	3.2897E-4	10
30350.85589	3.2948E-4	10
30305.78537	3.2997E-4	10
30249.86388	3.3058E-4	10
30185.94542	3.3128E-4	10
30128.64933	3.3191E-4	10
30058.91547	3.3268E-4	10
30010.20347	3.3322E-4	10
29954.46921	3.3384E-4	10
29916.83121	3.3426E-4	10
29878.39493	3.3469E-4	10
29836.496	3.3516E-4	10
29786.72703	3.3572E-4	10
29734.47117	3.3631E-4	10
29670.06883	3.3704E-4	10
29613.83558	3.3768E-4	10
29563.058	3.3826E-4	10
29510.71239	3.3886E-4	10
29449.00904	3.3957E-4	10
29400.52333	3.4013E-4	10
29347.88989	3.4074E-4	10
29302.31195	3.4127E-4	10
29259.44349	3.4177E-4	10
29195.37545	3.4252E-4	10
29159.61976	3.4294E-4	10
29124.79977	3.4335E-4	10
29099.37436	3.4365E-4	10
29054.56447	3.4418E-4	10
29016.62653	3.4463E-4	10
28972.91033	3.4515E-4	10
28922.63196	3.4575E-4	10
28872.52779	3.4635E-4	10
28815.95251	3.4703E-4	10
28756.29044	3.4775E-4	10
28703.46451	3.4839E-4	10
28667.25912	3.4883E-4	10
28634.42431	3.4923E-4	10
28568.16364	3.5004E-4	10
28507.89669	3.5078E-4	10
28447.88348	3.5152E-4	10
28420.39448	3.5186E-4	10
28384.89923	3.523E-4	10
28370.404	3.5248E-4	10
28357.53176	3.5264E-4	10
28293.34541	3.5344E-4	10
28211.13211	3.5447E-4	10
28141.26917	3.5535E-4	10
28114.36925	3.5569E-4	10
28066.23632	3.563E-4	10
28009.63532	3.5702E-4	10
27960.29638	3.5765E-4	10
27905.67881	3.5835E-4	10
27844.2947	3.5914E-4	10
27794.76347	3.5978E-4	10
27735.40424	3.6055E-4	10
27682.4272	3.6124E-4	10
27636.52443	3.6184E-4	10
27606.76918	3.6223E-4	10
27575.55703	3.6264E-4	10
27520.9159	3.6336E-4	10
27465.73649	3.6409E-4	10
27428.06989	3.6459E-4	10
27386.75577	3.6514E-4	10
27350.80138	3.6562E-4	10
27315.6874	3.6609E-4	10
27290.34195	3.6643E-4	10
27249.44139	3.6698E-4	10
27196.82341	3.6769E-4	10
27139.2515	3.6847E-4	10
27083.38976	3.6923E-4	10
27027.75751	3.6999E-4	10
26968.71629	3.708E-4	10
26917.17585	3.7151E-4	10
26881.72043	3.72E-4	10
26831.23155	3.727E-4	10
26792.41239	3.7324E-4	10
26748.696	3.7385E-4	10
26705.12204	3.7446E-4	10
26653.1624	3.7519E-4	10
26587.25939	3.7612E-4	10
26531.53273	3.7691E-4	10
26487.96122	3.7753E-4	10
26447.33014	3.7811E-4	10
26415.19402	3.7857E-4	10
26343.51949	3.796E-4	10
26292.95612	3.8033E-4	10
26250.85315	3.8094E-4	10
26224.69317	3.8132E-4	10
26195.1539	3.8175E-4	10
26141.74052	3.8253E-4	10
26089.22515	3.833E-4	10
26034.88675	3.841E-4	10
26003.06836	3.8457E-4	10
25967.95554	3.8509E-4	10
25928.90295	3.8567E-4	10
25879.91718	3.864E-4	10
25832.45072	3.8711E-4	10
25797.13136	3.8764E-4	10
25756.60013	3.8825E-4	10
25722.14934	3.8877E-4	10
25680.53416	3.894E-4	10
25641.68312	3.8999E-4	10
25591.81062	3.9075E-4	10
25545.39417	3.9146E-4	10
25508.90261	3.9202E-4	10
25467.97402	3.9265E-4	10
25419.42044	3.934E-4	10
25372.98285	3.9412E-4	10
25312.61074	3.9506E-4	10
25262.73242	3.9584E-4	10
25217.50095	3.9655E-4	10
25172.43115	3.9726E-4	10
25118.05486	3.9812E-4	10
25070.19655	3.9888E-4	10
25020.64203	3.9967E-4	10
24969.41247	4.0049E-4	10
24920.87622	4.0127E-4	10
24879.95422	4.0193E-4	10
24849.04207	4.0243E-4	10
24812.04873	4.0303E-4	10
24765.96166	4.0378E-4	10
24729.2151	4.0438E-4	10
24694.40672	4.0495E-4	10
24659.08811	4.0553E-4	10
24619.62677	4.0618E-4	10
24567.61006	4.0704E-4	10
24527.2375	4.0771E-4	10
24491.19541	4.0831E-4	10
24452.8671	4.0895E-4	10
24415.25465	4.0958E-4	10
24360.53593	4.105E-4	10
24318.47475	4.1121E-4	10
24287.17152	4.1174E-4	10
24263.59975	4.1214E-4	10
24225.39306	4.1279E-4	10
24193.15818	4.1334E-4	10
24167.43197	4.1378E-4	10
24127.19859	4.1447E-4	10
24075.50077	4.1536E-4	10
24017.10018	4.1637E-4	10
23976.21559	4.1708E-4	10
23929.16966	4.179E-4	10
23889.72503	4.1859E-4	10
23846.429	4.1935E-4	10
23802.15648	4.2013E-4	10
23761.43519	4.2085E-4	10
23734.92832	4.2132E-4	10
23710.16692	4.2176E-4	10
23665.83836	4.2255E-4	10
23632.2817	4.2315E-4	10
23588.24362	4.2394E-4	10
23553.79687	4.2456E-4	10
23523.87674	4.251E-4	10
23488.51412	4.2574E-4	10
23449.95779	4.2644E-4	10
23414.8169	4.2708E-4	10
23380.32779	4.2771E-4	10
23346.48519	4.2833E-4	10
23311.6535	4.2897E-4	10
23275.842	4.2963E-4	10
23231.50192	4.3045E-4	10
23198.08848	4.3107E-4	10
23159.94256	4.3178E-4	10
23114.43959	4.3263E-4	10
23079.231	4.3329E-4	10
23043.06749	4.3397E-4	10
23012.31159	4.3455E-4	10
22974.7737	4.3526E-4	10
22936.30588	4.3599E-4	10
22904.26019	4.366E-4	10
22863.41397	4.3738E-4	10
22831.05023	4.38E-4	10
22784.75244	4.3889E-4	10
22715.91477	4.4022E-4	10
22692.71791	4.4067E-4	10
22661.86235	4.4127E-4	10
22624.94627	4.4199E-4	10
22596.3168	4.4255E-4	10
22569.28771	4.4308E-4	10
22522.52252	4.44E-4	10
22476.96111	4.449E-4	10
22444.67388	4.4554E-4	10
22415.49359	4.4612E-4	10
22387.89263	4.4667E-4	10
22344.87074	4.4753E-4	10
22298.53276	4.4846E-4	10
22254.86269	4.4934E-4	10
22213.83033	4.5017E-4	10
22188.69264	4.5068E-4	10
22166.55953	4.5113E-4	10
22138.58756	4.517E-4	10
22130.74846	4.5186E-4	10
22127.3206	4.5193E-4	10
22115.08691	4.5218E-4	10
22100.91277	4.5247E-4	10
22092.12416	4.5265E-4	10
22073.59336	4.5303E-4	10
22054.12081	4.5343E-4	10
22039.53893	4.5373E-4	10
22013.34008	4.5427E-4	10
22000.264	4.5454E-4	10
21993.48993	4.5468E-4	10
21983.33663	4.5489E-4	10
21959.19981	4.5539E-4	10
21942.33554	4.5574E-4	10
21920.69094	4.5619E-4	10
21904.84535	4.5652E-4	10
21877.52959	4.5709E-4	10
21860.3126	4.5745E-4	10
21849.80444	4.5767E-4	10
21842.64558	4.5782E-4	10
21834.53787	4.5799E-4	10
21809.77514	4.5851E-4	10
21802.16714	4.5867E-4	10
21795.03945	4.5882E-4	10
21775.58086	4.5923E-4	10
21750.9516	4.5975E-4	10
21737.71276	4.6003E-4	10
21727.79419	4.6024E-4	10
21703.27285	4.6076E-4	10
21685.38838	4.6114E-4	10
21672.6989	4.6141E-4	10
21645.02165	4.62E-4	10
21629.10412	4.6234E-4	10
21607.139	4.6281E-4	10
21592.67576	4.6312E-4	10
21574.04211	4.6352E-4	10
21553.11766	4.6397E-4	10
21533.62476	4.6439E-4	10
21512.77859	4.6484E-4	10
21494.74454	4.6523E-4	10
21490.12529	4.6533E-4	10
21497.51704	4.6517E-4	10
21488.7399	4.6536E-4	10
21474.43469	4.6567E-4	10
21453.70291	4.6612E-4	10
21439.90395	4.6642E-4	10
21434.38933	4.6654E-4	10
21423.36861	4.6678E-4	10
21410.98383	4.6705E-4	10
21399.98716	4.6729E-4	10
21385.34249	4.6761E-4	10
21367.97795	4.6799E-4	10
21361.13129	4.6814E-4	10
21350.64159	4.6837E-4	10
21357.93768	4.6821E-4	10
21357.93768	4.6821E-4	10
21340.16219	4.686E-4	10
21339.70679	4.6861E-4	10
21352.00922	4.6834E-4	10
21366.15174	4.6803E-4	10
21358.85004	4.6819E-4	10
21341.07303	4.6858E-4	10
21321.05241	4.6902E-4	10
21306.51553	4.6934E-4	10
21290.63851	4.6969E-4	10
21281.57654	4.6989E-4	10
21265.73665	4.7024E-4	10
21257.59959	4.7042E-4	10
21255.3404	4.7047E-4	10
21257.59959	4.7042E-4	10
21250.82347	4.7057E-4	10
21250.82347	4.7057E-4	10
21250.37188	4.7058E-4	10
21222.86127	4.7119E-4	10
21204.86015	4.7159E-4	10
21185.99182	4.7201E-4	10
21162.22965	4.7254E-4	10
21151.48695	4.7278E-4	10
21145.67254	4.7291E-4	10
21132.71344	4.732E-4	10
21122.89299	4.7342E-4	10
21114.86487	4.736E-4	10
21108.62498	4.7374E-4	10
21099.71726	4.7394E-4	10
21093.48633	4.7408E-4	10
21081.47992	4.7435E-4	10
21068.59936	4.7464E-4	10
21064.60514	4.7473E-4	10
21068.15548	4.7465E-4	10
21070.37505	4.746E-4	10
21077.48082	4.7444E-4	10
21074.8156	4.745E-4	10
21060.1689	4.7483E-4	10
21039.78624	4.7529E-4	10
21038.01569	4.7533E-4	10
21035.36044	4.7539E-4	10
21025.63024	4.7561E-4	10
21010.16892	4.7596E-4	10
20994.73032	4.7631E-4	10
20993.40807	4.7634E-4	10
20988.12072	4.7646E-4	10
20964.8001	4.7699E-4	10
20948.11153	4.7737E-4	10
20936.26999	4.7764E-4	10
20934.9551	4.7767E-4	10
20922.69066	4.7795E-4	10
20912.18972	4.7819E-4	10
20905.63198	4.7834E-4	10
20896.0214	4.7856E-4	10
20899.51513	4.7848E-4	10
20905.63198	4.7834E-4	10
20904.75792	4.7836E-4	10
20903.01003	4.784E-4	10
20900.82558	4.7845E-4	10
20894.27497	4.786E-4	10
20891.65587	4.7866E-4	10
20894.27497	4.786E-4	10
20889.03743	4.7872E-4	10
20862.88909	4.7932E-4	10
20862.01861	4.7934E-4	10
20862.01861	4.7934E-4	10
20856.36223	4.7947E-4	10
20847.6661	4.7967E-4	10
20831.16342	4.8005E-4	10
20819.88716	4.8031E-4	10
20812.52081	4.8048E-4	10
20807.32418	4.806E-4	10
20811.65453	4.805E-4	10
20806.89124	4.8061E-4	10
20796.93869	4.8084E-4	10
20792.18214	4.8095E-4	10
20787.85989	4.8105E-4	10
20778.35726	4.8127E-4	10
20757.65439	4.8175E-4	10
20749.04036	4.8195E-4	10
20744.73602	4.8205E-4	10
20744.73602	4.8205E-4	10
20747.74887	4.8198E-4	10
20740.00332	4.8216E-4	10
20727.53653	4.8245E-4	10
20727.96617	4.8244E-4	10
20713.36841	4.8278E-4	10
20700.07659	4.8309E-4	10
20688.94176	4.8335E-4	10
20686.37389	4.8341E-4	10
20682.95104	4.8349E-4	10
20677.8189	4.8361E-4	10
20665.42674	4.839E-4	10
20663.71864	4.8394E-4	10
20659.44963	4.8404E-4	10
20651.76986	4.8422E-4	10
20651.76986	4.8422E-4	10
20647.50578	4.8432E-4	10
20638.13101	4.8454E-4	10
20630.8927	4.8471E-4	10
20620.68255	4.8495E-4	10
20607.93406	4.8525E-4	10
20607.08472	4.8527E-4	10
20606.66007	4.8528E-4	10
20599.86816	4.8544E-4	10
20591.80858	4.8563E-4	10
20591.38457	4.8564E-4	10
20592.65666	4.8561E-4	10
20593.08073	4.856E-4	10
20588.41696	4.8571E-4	10
20579.09575	4.8593E-4	10
20578.67226	4.8594E-4	10
20579.09575	4.8593E-4	10
20575.28497	4.8602E-4	10
20567.24461	4.8621E-4	10
20552.02746	4.8657E-4	10
20541.8952	4.8681E-4	10
20545.27151	4.8673E-4	10
20532.19448	4.8704E-4	10
20534.72422	4.8698E-4	10
20535.5676	4.8696E-4	10
20530.50833	4.8708E-4	10
20519.13409	4.8735E-4	10
20509.45486	4.8758E-4	10
20505.66982	4.8767E-4	10
20512.82051	4.875E-4	10
20507.77245	4.8762E-4	10
20496.00328	4.879E-4	10
20489.70392	4.8805E-4	10
20485.08686	4.8816E-4	10
20476.27823	4.8837E-4	10
20474.18206	4.8842E-4	10
20478.79421	4.8831E-4	10
20480.89133	4.8826E-4	10
20482.98888	4.8821E-4	10
20482.98888	4.8821E-4	10
20467.47718	4.8858E-4	10
20467.89611	4.8857E-4	10
20457.42809	4.8882E-4	10
20447.80697	4.8905E-4	10
20436.10651	4.8933E-4	10
20442.37295	4.8918E-4	10
20446.97078	4.8907E-4	10
20444.04465	4.8914E-4	10
20429.00919	4.895E-4	10
20419.83174	4.8972E-4	10
20416.49653	4.898E-4	10
20421.08273	4.8969E-4	10
20416.0797	4.8981E-4	10
20406.91386	4.9003E-4	10
20401.91778	4.9015E-4	10
20397.75625	4.9025E-4	10
20389.02255	4.9046E-4	10
20386.11298	4.9053E-4	10
20373.65279	4.9083E-4	10
20370.74761	4.909E-4	10
20368.67298	4.9095E-4	10
20371.99259	4.9087E-4	10
20357.4773	4.9122E-4	10
20350.43448	4.9139E-4	10
20342.98269	4.9157E-4	10
20340.08624	4.9164E-4	10
20341.74125	4.916E-4	10
20337.19062	4.9171E-4	10
20335.53635	4.9175E-4	10
20355.40538	4.9127E-4	10
20371.99259	4.9087E-4	10
20370.74761	4.909E-4	10
20369.91771	4.9092E-4	10
20362.03702	4.9111E-4	10
20357.06288	4.9123E-4	10
20350.84863	4.9138E-4	10
20344.63817	4.9153E-4	10
20329.74852	4.9189E-4	10
20311.9922	4.9232E-4	10
20300.03451	4.9261E-4	10
20298.79831	4.9264E-4	10
20288.50251	4.9289E-4	10
20280.68468	4.9308E-4	10
20276.57245	4.9318E-4	10
20270.81813	4.9332E-4	10
20263.83513	4.9349E-4	10
20263.01392	4.9351E-4	10
20270.81813	4.9332E-4	10
20273.69488	4.9325E-4	10
20273.28387	4.9326E-4	10
20270.81813	4.9332E-4	10
20269.58549	4.9335E-4	10
20271.22905	4.9331E-4	10
20271.22905	4.9331E-4	10
20267.9422	4.9339E-4	10
20271.22905	4.9331E-4	10
20265.88846	4.9344E-4	10
20261.3717	4.9355E-4	10
20263.01392	4.9351E-4	10
20263.42452	4.935E-4	10
20263.01392	4.9351E-4	10
20260.55068	4.9357E-4	10
20250.29363	4.9382E-4	10
20242.50521	4.9401E-4	10
20248.24347	4.9387E-4	10
20254.3952	4.9372E-4	10
20250.29363	4.9382E-4	10
20239.22767	4.9409E-4	10
20228.1738	4.9436E-4	10
20212.2284	4.9475E-4	10
20201.20399	4.9502E-4	10
20202.83648	4.9498E-4	10
20201.61209	4.9501E-4	10
20217.54074	4.9462E-4	10
20228.1738	4.9436E-4	10
20228.58299	4.9435E-4	10
20225.30995	4.9443E-4	10
20228.1738	4.9436E-4	10
20222.85587	4.9449E-4	10
20212.2284	4.9475E-4	10
20202.42833	4.9499E-4	10
20190.59926	4.9528E-4	10
20181.22742	4.9551E-4	10
20179.59843	4.9555E-4	10
20172.2712	4.9573E-4	10
20166.57592	4.9587E-4	10
20167.38933	4.9585E-4	10
20161.69681	4.9599E-4	10
20158.44538	4.9607E-4	10
20153.57021	4.9619E-4	10
20155.60124	4.9614E-4	10
20155.195	4.9615E-4	10
20138.14769	4.9657E-4	10
20140.17562	4.9652E-4	10
20140.98691	4.965E-4	10
20133.28233	4.9669E-4	10
20135.71472	4.9663E-4	10
20129.22965	4.9679E-4	10
20126.79883	4.9685E-4	10
20125.58364	4.9688E-4	10
20133.68769	4.9668E-4	10
20134.09306	4.9667E-4	10
20136.93113	4.966E-4	10
20134.49845	4.9666E-4	10
20128.41931	4.9681E-4	10
20119.50989	4.9703E-4	10
20112.63073	4.972E-4	10
20098.88652	4.9754E-4	10
20093.2326	4.9768E-4	10
20083.14422	4.9793E-4	10
20075.48382	4.9812E-4	10
20077.90226	4.9806E-4	10
20070.64868	4.9824E-4	10
20068.23199	4.983E-4	10
20069.44026	4.9827E-4	10
20075.48382	4.9812E-4	10
20100.09849	4.9751E-4	10
20103.73527	4.9742E-4	10
20099.2905	4.9753E-4	10
20090.40683	4.9775E-4	10
20089.59961	4.9777E-4	10
20080.72451	4.9799E-4	10
20077.90226	4.9806E-4	10
20077.90226	4.9806E-4	10
20080.32129	4.98E-4	10
20079.1117	4.9803E-4	10
20073.06596	4.9818E-4	10
20064.20546	4.984E-4	10
20060.18054	4.985E-4	10
20057.76637	4.9856E-4	10
20034.0579	4.9915E-4	10
20027.23704	4.9932E-4	10
20018.41694	4.9954E-4	10
20019.61923	4.9951E-4	10
20030.04507	4.9925E-4	10
20040.8834	4.9898E-4	10
20040.08016	4.99E-4	10
20042.08839	4.9895E-4	10
20042.49008	4.9894E-4	10
20038.87542	4.9903E-4	10
20026.83596	4.9933E-4	10
20018.81769	4.9953E-4	10
20024.83079	4.9938E-4	10
20027.23704	4.9932E-4	10
20020.42083	4.9949E-4	10
20021.2225	4.9947E-4	10
20012.8082	4.9968E-4	10
20010.005	4.9975E-4	10
20004.0008	4.999E-4	10
19998.40013	5.0004E-4	10
19996.40065	5.0009E-4	10
19996.40065	5.0009E-4	10
19993.60205	5.0016E-4	10
19993.60205	5.0016E-4	10
20009.60461	4.9976E-4	10
20019.21845	4.9952E-4	10
20023.22694	4.9942E-4	10
20005.20135	4.9987E-4	10
20012.0072	4.997E-4	10
20032.85388	4.9918E-4	10
20068.63473	4.9829E-4	10
20084.35429	4.979E-4	10
20062.99781	4.9843E-4	10
20030.04507	4.9925E-4	10
20013.60925	4.9966E-4	10
20008.0032	4.998E-4	10
19992.80259	5.0018E-4	10
19980.81841	5.0048E-4	10
19960.07984	5.01E-4	10
19952.11492	5.012E-4	10
19954.50373	5.0114E-4	10
19940.57708	5.0149E-4	10
19937.39657	5.0157E-4	10
19928.25827	5.018E-4	10
19920.71555	5.0199E-4	10
19919.12834	5.0203E-4	10
19910.40319	5.0225E-4	10
19913.97164	5.0216E-4	10
19927.46403	5.0182E-4	10
19933.42237	5.0167E-4	10
19936.60161	5.0159E-4	10
19934.21708	5.0165E-4	10
19936.20415	5.016E-4	10
19938.58915	5.0154E-4	10
19940.17946	5.015E-4	10
19948.93074	5.0128E-4	10
19950.12469	5.0125E-4	10
19956.89311	5.0108E-4	10
19942.16771	5.0145E-4	10
19934.61446	5.0164E-4	10
19935.8067	5.0161E-4	10
19952.51302	5.0119E-4	10
19960.47825	5.0099E-4	10
19956.49484	5.0109E-4	10
19940.57708	5.0149E-4	10
19918.33483	5.0205E-4	10
19931.43586	5.0172E-4	10
19944.55414	5.0139E-4	10
19931.03861	5.0173E-4	10
19941.77003	5.0146E-4	10
19934.61446	5.0164E-4	10
19929.05257	5.0178E-4	10
19929.84694	5.0176E-4	10
19928.25827	5.018E-4	10
19929.44975	5.0177E-4	10
19926.27279	5.0185E-4	10
19911.19607	5.0223E-4	10
19900.49751	5.025E-4	10
19890.99734	5.0274E-4	10
19880.71571	5.03E-4	10
19873.20893	5.0319E-4	10
19874.78883	5.0315E-4	10
19866.49714	5.0336E-4	10
19863.34022	5.0344E-4	10
19873.60388	5.0318E-4	10
19877.94939	5.0307E-4	10
19868.86549	5.033E-4	10
19866.89182	5.0335E-4	10
19866.49714	5.0336E-4	10
19855.84655	5.0363E-4	10
19843.23842	5.0395E-4	10
19840.08888	5.0403E-4	10
19833.39944	5.042E-4	10
19835.36646	5.0415E-4	10
19834.97302	5.0416E-4	10
19840.48252	5.0402E-4	10
19841.26984	5.04E-4	10
19838.90807	5.0406E-4	10
19834.97302	5.0416E-4	10
19830.64628	5.0427E-4	10
19827.10762	5.0436E-4	10
19825.53529	5.044E-4	10
19828.6802	5.0432E-4	10
19835.75991	5.0414E-4	10
19835.75991	5.0414E-4	10
19830.25303	5.0428E-4	10
19827.89388	5.0434E-4	10
19822.78431	5.0447E-4	10
19822.78431	5.0447E-4	10
19811.78801	5.0475E-4	10
19815.32121	5.0466E-4	10
19834.57961	5.0417E-4	10
19836.15337	5.0413E-4	10
19838.12093	5.0408E-4	10
19845.20738	5.039E-4	10
19844.81356	5.0391E-4	10
19840.87617	5.0401E-4	10
19833.00609	5.0421E-4	10
19826.32142	5.0438E-4	10
19815.32121	5.0466E-4	10
19807.86372	5.0485E-4	10
19806.29444	5.0489E-4	10
19810.61056	5.0478E-4	10
19809.43325	5.0481E-4	10
19797.66784	5.0511E-4	10
19806.29444	5.0489E-4	10
19823.96321	5.0444E-4	10
19815.32121	5.0466E-4	10
19817.28464	5.0461E-4	10
19815.32121	5.0466E-4	10
19810.21811	5.0479E-4	10
19797.66784	5.0511E-4	10
19785.91639	5.0541E-4	10
19777.69867	5.0562E-4	10
19773.00589	5.0574E-4	10
19772.22398	5.0576E-4	10
19765.18955	5.0594E-4	10
19769.48777	5.0583E-4	10
19767.92457	5.0587E-4	10
19761.67421	5.0603E-4	10
19760.89319	5.0605E-4	10
19772.61493	5.0575E-4	10
19782.00233	5.0551E-4	10
19787.0909	5.0538E-4	10
19778.08983	5.0561E-4	10
19772.61493	5.0575E-4	10
19764.40825	5.0596E-4	10
19767.14306	5.0589E-4	10
19759.72178	5.0608E-4	10
19758.94092	5.061E-4	10
19757.76974	5.0613E-4	10
19752.69624	5.0626E-4	10
19752.69624	5.0626E-4	10
19753.47661	5.0624E-4	10
19743.33662	5.065E-4	10
19755.03753	5.062E-4	10
19757.76974	5.0613E-4	10
19752.30608	5.0627E-4	10
19748.79532	5.0636E-4	10
19746.0656	5.0643E-4	10
19747.23539	5.064E-4	10
19747.62535	5.0639E-4	10
19744.50609	5.0647E-4	10
19742.94683	5.0651E-4	10
19745.28581	5.0645E-4	10
19756.98903	5.0615E-4	10
19774.5699	5.057E-4	10
19763.62702	5.0598E-4	10
19769.48777	5.0583E-4	10
19760.50271	5.0606E-4	10
19767.92457	5.0587E-4	10
19772.22398	5.0576E-4	10
19780.82842	5.0554E-4	10
19775.74307	5.0567E-4	10
19782.39367	5.055E-4	10
19769.87861	5.0582E-4	10
19815.32121	5.0466E-4	10
19797.66784	5.0511E-4	10
19795.31643	5.0517E-4	10
19771.44213	5.0578E-4	10
19761.67421	5.0603E-4	10
19753.86682	5.0623E-4	10
19748.79532	5.0636E-4	10
19746.84544	5.0641E-4	10
19733.98587	5.0674E-4	10
19730.09234	5.0684E-4	10
19747.23539	5.064E-4	10
19746.0656	5.0643E-4	10
19742.55706	5.0652E-4	10
19734.76476	5.0672E-4	10
19731.26024	5.0681E-4	10
19719.58747	5.0711E-4	10
19703.26877	5.0753E-4	10
19691.24134	5.0784E-4	10
19680.77778	5.0811E-4	10
19678.45406	5.0817E-4	10
19666.07013	5.0849E-4	10
19664.90994	5.0852E-4	10
19669.55153	5.084E-4	10
19685.03937	5.08E-4	10
19720.36522	5.0709E-4	10
19767.92457	5.0587E-4	10
19758.94092	5.061E-4	10
19753.86682	5.0623E-4	10
19758.94092	5.061E-4	10
19739.4394	5.066E-4	10
19723.86588	5.07E-4	10
19707.9285	5.0741E-4	10
19703.657	5.0752E-4	10
19708.70533	5.0739E-4	10
19701.71602	5.0757E-4	10
19702.49236	5.0755E-4	10
19693.18025	5.0779E-4	10
19691.62909	5.0783E-4	10
19700.16351	5.0761E-4	10
19698.22322	5.0766E-4	10
19688.13987	5.0792E-4	10
19680.00315	5.0813E-4	10
19668.00409	5.0844E-4	10
19658.33808	5.0869E-4	10
19662.97658	5.0857E-4	10
19654.47434	5.0879E-4	10
19650.61212	5.0889E-4	10
19651.38444	5.0887E-4	10
19662.97658	5.0857E-4	10
19666.84367	5.0847E-4	10
19673.03417	5.0831E-4	10
19676.90522	5.0821E-4	10
19668.77778	5.0842E-4	10
19666.07013	5.0849E-4	10
19666.07013	5.0849E-4	10
19659.11101	5.0867E-4	10
19666.07013	5.0849E-4	10
19661.04361	5.0862E-4	10
19654.08805	5.088E-4	10
19644.82163	5.0904E-4	10
19645.20755	5.0903E-4	10
19644.43571	5.0905E-4	10
19645.20755	5.0903E-4	10
19644.04982	5.0906E-4	10
19644.43571	5.0905E-4	10
19631.32374	5.0939E-4	10
19645.97945	5.0901E-4	10
19657.95164	5.087E-4	10
19658.72454	5.0868E-4	10
19654.08805	5.088E-4	10
19645.97945	5.0901E-4	10
19639.03454	5.0919E-4	10
19630.16764	5.0942E-4	10
19621.69375	5.0964E-4	10
19619.76888	5.0969E-4	10
19612.45783	5.0988E-4	10
19614.766	5.0982E-4	10
19618.22926	5.0973E-4	10
19611.68857	5.099E-4	10
		
		
		
		
		
		
		
		
		
		
		
		
		
		
		
		
		
		
		
		
		
		
		